>groupList:
A C D E F G H I K L
N P Q R S T V Y Z 
>stdDevSynthesisRate:
0.666882 
>numParam:
40
>numMixtures:
1
>std_stdDevSynthesisRate:
0.0768
>std_phi:
***
1.79216 1.43373 0.815731 0.386145 0.522068 0.386145 1.37858 1.37858 0.678688 1.79216
1.79216 0.84836 1.10287 0.522068 0.815731 1.43373 1.79216 1.37858 0.84836 1.37858
1.43373 1.10287 0.84836 0.84836 1.79216 1.37858 0.84836 1.79216 1.06045 0.652585
0.84836 1.37858 1.10287 1.37858 0.678688 1.06045 1.06045 0.652585 0.482681 1.10287
1.79216 0.522068 0.386145 1.10287 0.297034 0.815731 0.501988 0.308916 0.501988 0.678688
0.815731 0.652585 0.84836 1.37858 1.06045 1.10287 0.84836 1.79216 1.79216 1.79216
1.37858 1.10287 1.10287 0.522068 0.10816 0.386145 0.482681 1.06045 0.652585 1.10287
1.79216 1.06045 0.678688 0.678688 1.06045 1.79216 1.43373 1.79216 0.84836 1.37858
1.79216 1.79216 1.10287 1.37858 1.10287 0.84836 1.43373 0.815731 0.386145 0.84836
0.522068 0.652585 0.84836 0.522068 1.06045 1.37858 1.79216 1.06045 1.79216 1.37858
1.37858 0.146232 0.627485 1.37858 0.247133 1.37858 0.84836 1.37858 1.43373 0.652585
1.06045 0.386145 1.79216 1.37858 1.37858 1.79216 0.678688 0.652585 0.501988 0.84836
1.10287 0.678688 1.37858 0.815731 1.79216 1.37858 0.652585 0.678688 0.627485 0.84836
1.79216 1.79216 0.308916 1.79216 1.79216 1.10287 0.652585 0.386145 1.10287 1.79216
1.10287 2.32981 1.37858 0.522068 0.652585 0.652585 1.37858 0.386145 1.43373 2.32981
1.37858 0.401591 1.43373 1.37858 1.79216 0.522068 1.10287 1.43373 1.10287 1.79216
0.84836 1.10287 0.652585 1.10287 0.386145 0.652585 1.79216 0.678688 1.06045 0.84836
0.652585 1.79216 1.79216 0.678688 0.84836 1.06045 0.815731 0.84836 1.37858 2.32981
1.79216 0.84836 1.10287 0.501988 0.678688 1.06045 0.815731 0.522068 1.06045 1.79216
1.37858 0.815731 0.522068 0.386145 1.79216 1.43373 0.84836 1.79216 1.79216 1.43373
0.237628 1.79216 1.79216 1.37858 0.371293 2.32981 1.06045 0.501988 1.10287 1.10287
1.37858 0.501988 1.37858 1.43373 0.84836 1.06045 0.84836 1.10287 1.37858 1.06045
1.37858 2.32981 0.627485 1.79216 0.482681 1.79216 1.79216 0.652585 1.37858 1.37858
1.37858 1.37858 1.43373 1.10287 1.06045 2.32981 1.37858 1.37858 1.43373 0.321272
1.10287 0.386145 0.522068 0.652585 0.84836 1.06045 0.815731 0.882294 1.37858 1.10287
1.37858 1.37858 0.627485 0.501988 1.10287 0.882294 1.79216 1.06045 1.37858 0.522068
1.10287 1.43373 1.37858 1.10287 1.43373 1.79216 1.79216 1.37858 0.28561 1.79216
0.522068 1.06045 0.84836 1.37858 1.79216 1.10287 1.37858 1.79216 1.06045 1.79216
1.06045 0.18279 0.401591 0.84836 0.882294 0.678688 0.815731 0.84836 0.652585 1.37858
1.79216 1.10287 1.37858 1.37858 0.652585 0.482681 0.627485 1.79216 0.678688 1.37858
0.678688 1.06045 1.06045 1.37858 1.10287 0.522068 0.401591 1.79216 0.678688 0.386145
1.06045 0.228488 1.37858 1.10287 0.84836 0.678688 1.79216 0.84836 0.84836 0.501988
0.321272 0.882294 1.79216 0.815731 0.386145 1.79216 0.882294 2.32981 0.84836 1.43373
1.79216 1.37858 1.06045 1.79216 0.84836 1.10287 0.815731 1.79216 0.54295 1.79216
0.84836 1.06045 1.10287 1.79216 1.10287 1.10287 1.79216 1.79216 1.10287 2.32981
0.501988 2.32981 0.652585 0.308916 1.10287 1.10287 1.37858 1.10287 1.06045 0.84836
0.84836 1.06045 1.43373 1.06045 1.79216 0.678688 1.10287 0.54295 0.482681 1.10287
0.652585 1.37858 1.37858 1.79216 0.652585 1.37858 1.79216 1.79216 0.401591 0.652585
0.501988 0.84836 1.79216 1.06045 0.522068 0.522068 0.652585 1.79216 1.79216 1.43373
0.627485 1.10287 1.37858 0.84836 0.815731 0.54295 1.37858 0.522068 0.652585 0.652585
1.37858 1.06045 1.10287 2.32981 0.678688 0.401591 0.386145 1.43373 1.79216 1.37858
1.37858 1.79216 1.06045 1.79216 1.10287 0.501988 1.79216 0.84836 1.06045 1.79216
1.37858 0.84836 1.79216 1.10287 1.79216 1.37858 1.43373 1.79216 1.37858 1.43373
1.37858 1.79216 0.652585 1.43373 1.43373 1.79216 1.10287 1.10287 1.79216 1.06045
1.79216 1.79216 1.79216 0.522068 1.06045 1.37858 1.06045 1.79216 1.37858 2.32981
1.43373 1.79216 1.79216 1.79216 1.79216 1.79216 0.501988 0.84836 0.84836 0.652585
1.79216 1.37858 0.815731 0.522068 0.386145 1.79216 0.371293 0.84836 0.321272 0.84836
1.79216 0.190102 0.522068 0.308916 1.79216 1.37858 1.37858 0.522068 0.482681 1.79216
0.882294 0.401591 1.43373 1.10287 1.06045 0.247133 0.501988 1.37858 0.386145 1.06045
1.10287 1.10287 0.386145 0.401591 2.32981 1.37858 0.627485 1.37858 0.652585 0.815731
1.37858 1.10287 1.06045 1.79216 1.10287 1.37858 0.652585 1.79216 1.10287 0.501988
1.79216 0.678688 0.84836 2.32981 0.84836 2.32981 1.10287 0.652585 1.06045 1.37858
0.522068 0.401591 1.79216 0.297034 0.652585 0.401591 0.386145 0.652585 1.37858 0.627485
0.84836 1.43373 1.43373 1.43373 0.190102 1.79216 0.815731 1.79216 1.43373 1.37858
0.522068 1.79216 1.79216 1.37858 0.84836 2.32981 1.79216 1.10287 0.815731 1.37858
0.678688 0.501988 1.37858 2.32981 1.43373 0.386145 1.06045 1.37858 0.84836 0.84836
1.10287 1.79216 0.522068 1.79216 0.522068 1.79216 0.678688 1.37858 0.652585 1.43373
1.79216 1.37858 0.84836 1.37858 1.10287 1.79216 1.37858 1.79216 1.10287 0.652585
1.10287 1.79216 1.37858 1.37858 0.652585 2.32981 0.84836 1.79216 0.652585 0.482681
1.37858 0.84836 0.522068 1.37858 0.678688 1.37858 1.79216 0.84836 1.10287 1.37858
1.79216 0.501988 0.84836 1.10287 1.10287 0.652585 0.84836 1.37858 0.501988 0.627485
1.37858 0.84836 1.10287 1.10287 1.79216 1.06045 1.37858 1.10287 1.10287 0.815731
0.652585 1.10287 1.37858 1.37858 1.37858 1.10287 1.79216 1.37858 0.815731 0.84836
1.10287 1.10287 1.37858 1.37858 0.84836 1.10287 0.386145 0.371293 1.37858 1.79216
1.37858 0.678688 0.522068 0.321272 1.06045 0.386145 0.501988 1.10287 0.522068 1.43373
0.84836 0.401591 2.32981 1.79216 2.32981 0.84836 1.10287 1.06045 2.32981 1.37858
0.627485 0.501988 0.482681 1.06045 1.79216 1.10287 0.401591 0.84836 1.10287 1.79216
1.37858 0.627485 1.37858 1.79216 0.321272 0.627485 2.32981 1.37858 1.37858 1.79216
1.37858 1.10287 1.79216 0.84836 1.43373 0.371293 1.10287 1.06045 0.84836 1.43373
0.401591 0.652585 0.482681 0.84836 1.79216 0.678688 1.79216 1.79216 0.386145 2.32981
1.06045 0.522068 1.10287 1.37858 0.501988 1.37858 0.652585 1.37858 0.678688 1.79216
1.37858 1.37858 0.501988 1.10287 1.06045 1.37858 1.79216 0.84836 1.10287 1.79216
1.79216 0.815731 0.386145 1.43373 1.10287 1.06045 1.10287 1.37858 0.815731 0.815731
0.522068 0.371293 1.10287 1.10287 1.43373 0.84836 0.815731 1.37858 1.37858 0.84836
0.386145 0.652585 0.501988 1.43373 0.678688 1.79216 1.79216 0.815731 1.37858 0.678688
0.627485 1.10287 1.10287 1.43373 1.10287 1.43373 0.308916 0.522068 1.43373 1.37858
0.627485 0.190102 1.79216 1.06045 1.06045 1.79216 1.10287 1.06045 1.79216 0.627485
0.417654 1.37858 1.06045 1.06045 1.43373 1.06045 0.84836 1.79216 1.79216 0.386145
1.37858 0.84836 1.79216 0.522068 0.84836 0.678688 1.06045 1.06045 1.37858 0.522068
0.84836 1.06045 0.84836 1.10287 1.79216 0.652585 0.627485 0.652585 1.79216 1.79216
1.06045 1.43373 1.06045 0.815731 0.297034 1.79216 1.43373 0.482681 1.37858 1.10287
1.06045 0.386145 0.678688 1.10287 1.37858 0.652585 1.79216 1.10287 1.37858 1.37858
0.501988 0.401591 1.43373 1.06045 0.501988 0.501988 1.37858 1.10287 1.79216 1.79216
0.627485 1.79216 1.06045 1.37858 0.652585 0.678688 0.522068 1.37858 1.43373 1.37858
0.190102 0.652585 1.79216 0.482681 1.79216 1.10287 1.37858 0.815731 1.37858 0.501988
0.84836 1.10287 0.308916 1.79216 1.37858 1.43373 0.522068 1.37858 1.06045 1.79216
0.401591 0.386145 1.79216 1.06045 0.522068 1.43373 0.522068 1.37858 0.652585 0.815731
0.501988 0.84836 1.37858 0.401591 1.10287 1.06045 1.79216 0.308916 0.652585 0.84836
1.79216 0.308916 1.10287 1.43373 0.678688 0.84836 0.678688 1.43373 0.815731 1.79216
1.10287 0.237628 0.627485 1.06045 0.84836 1.37858 1.06045 1.37858 0.401591 1.10287
0.501988 1.06045 2.32981 0.652585 1.10287 1.37858 1.06045 1.37858 1.06045 1.10287
1.43373 0.627485 1.79216 1.79216 0.522068 1.37858 1.06045 0.627485 1.06045 0.482681
0.815731 1.37858 1.37858 0.652585 2.32981 1.79216 0.501988 1.06045 1.10287 1.79216
0.501988 0.308916 1.43373 0.401591 0.652585 1.37858 1.79216 0.386145 1.79216 0.84836
0.522068 1.79216 1.37858 0.678688 0.522068 1.43373 1.79216 1.79216 1.79216 1.06045
0.401591 1.37858 1.79216 1.37858 1.06045 0.652585 0.501988 0.652585 0.297034 1.79216
0.501988 0.652585 2.32981 1.06045 1.37858 1.79216 1.06045 1.79216 0.652585 1.37858
1.79216 0.84836 1.06045 1.43373 1.37858 0.522068 1.79216 1.43373 1.06045 0.815731
0.84836 0.652585 0.84836 0.84836 1.79216 0.501988 1.37858 1.79216 0.417654 1.79216
0.84836 1.79216 0.482681 0.501988 1.79216 1.37858 0.652585 1.79216 2.32981 0.652585
1.10287 1.79216 1.10287 1.37858 2.32981 0.84836 1.10287 0.482681 1.06045 0.84836
0.522068 0.84836 1.37858 1.10287 0.522068 1.79216 0.522068 0.401591 2.32981 1.06045
0.627485 1.37858 0.501988 0.386145 0.386145 1.79216 1.79216 1.06045 0.522068 0.815731
0.815731 1.37858 2.32981 1.37858 1.10287 1.10287 1.79216 0.84836 2.32981 1.79216
0.652585 1.10287 0.652585 1.06045 1.37858 0.678688 1.79216 0.522068 1.10287 1.37858
1.37858 1.37858 1.79216 1.37858 0.501988 0.501988 0.84836 1.37858 1.37858 1.37858
1.79216 0.84836 0.297034 1.06045 1.10287 1.06045 1.43373 1.79216 1.43373 1.10287
1.37858 0.386145 2.32981 1.79216 0.501988 1.43373 1.37858 1.79216 1.37858 0.815731
0.84836 1.06045 0.84836 0.237628 0.84836 1.10287 1.06045 1.79216 1.10287 1.79216
0.501988 0.522068 1.10287 1.10287 0.401591 0.1352 1.37858 1.10287 1.06045 0.522068
1.43373 1.79216 1.79216 0.627485 0.84836 2.32981 0.84836 0.882294 1.79216 1.10287
1.06045 0.386145 1.79216 1.37858 0.652585 0.815731 1.79216 1.06045 1.79216 1.37858
1.43373 1.37858 1.79216 0.401591 0.84836 1.37858 0.815731 1.37858 1.37858 0.815731
0.652585 1.79216 1.79216 1.37858 0.386145 1.43373 0.84836 1.79216 1.37858 1.79216
0.652585 0.652585 0.652585 0.401591 0.652585 1.37858 1.06045 1.37858 0.84836 0.815731
1.43373 1.10287 1.10287 0.247133 1.06045 1.06045 2.32981 0.84836 0.522068 1.37858
1.79216 1.43373 1.37858 0.321272 0.84836 0.247133 0.501988 1.37858 0.371293 1.10287
0.815731 1.37858 0.627485 0.522068 0.482681 1.06045 1.43373 1.79216 0.84836 0.627485
1.10287 0.84836 1.79216 0.522068 1.79216 0.815731 0.815731 1.79216 1.43373 0.321272
1.79216 1.79216 0.882294 1.79216 1.06045 1.37858 0.627485 0.652585 0.84836 1.10287
0.652585 0.84836 0.522068 0.522068 1.37858 1.79216 1.43373 1.79216 1.37858 1.06045
1.37858 1.79216 1.10287 0.228488 1.37858 1.06045 1.79216 0.652585 0.627485 0.815731
1.10287 1.37858 0.652585 0.522068 2.32981 1.79216 0.815731 1.37858 0.815731 1.06045
0.501988 1.79216 1.10287 0.652585 0.386145 1.43373 1.79216 1.79216 0.84836 0.501988
2.32981 0.652585 0.501988 0.417654 0.297034 0.678688 0.678688 0.84836 0.482681 0.815731
1.79216 0.678688 1.79216 0.627485 0.84836 0.627485 1.79216 0.652585 0.522068 0.652585
0.308916 0.652585 1.10287 0.401591 0.84836 1.79216 0.84836 0.652585 0.308916 1.10287
1.79216 1.43373 1.37858 1.37858 0.678688 1.79216 1.79216 1.79216 1.37858 0.84836
0.652585 0.815731 1.10287 1.10287 0.84836 0.401591 0.84836 1.79216 0.321272 0.84836
0.815731 0.652585 0.84836 0.522068 0.652585 0.501988 0.84836 0.386145 0.84836 0.652585
0.84836 1.79216 0.678688 1.37858 1.79216 1.06045 1.79216 0.815731 0.652585 0.386145
0.627485 0.522068 0.652585 1.79216 0.84836 0.401591 0.678688 0.401591 0.627485 0.54295
1.79216 0.678688 0.652585 1.06045 1.10287 0.815731 1.06045 1.37858 1.10287 1.37858
0.678688 1.79216 0.84836 2.32981 2.32981 1.79216 0.522068 1.79216 1.10287 0.84836
1.06045 1.79216 1.37858 1.79216 1.79216 0.308916 1.79216 1.06045 0.386145 0.84836
2.32981 0.652585 1.37858 0.386145 1.10287 1.06045 0.18279 1.79216 0.482681 1.06045
1.06045 0.678688 1.37858 0.501988 0.501988 1.37858 1.79216 0.652585 1.79216 1.43373
1.43373 0.815731 0.501988 0.247133 0.84836 0.501988 1.06045 0.501988 0.84836 1.43373
1.06045 0.84836 0.84836 0.678688 1.10287 1.79216 0.652585 0.522068 0.84836 0.84836
1.79216 0.652585 0.815731 0.501988 1.79216 2.32981 1.37858 1.10287 1.37858 0.652585
1.43373 0.84836 0.401591 0.627485 1.37858 0.386145 0.815731 0.652585 1.10287 1.37858
1.10287 1.10287 1.10287 0.321272 1.79216 1.37858 0.84836 0.84836 1.06045 0.652585
1.79216 1.79216 1.06045 0.501988 1.37858 1.10287 0.652585 1.06045 1.37858 0.652585
0.501988 1.79216 1.10287 2.32981 1.37858 0.386145 0.308916 0.678688 0.815731 0.652585
1.79216 1.37858 0.652585 1.43373 0.882294 0.627485 1.79216 1.79216 1.79216 0.815731
0.652585 0.501988 1.37858 1.43373 0.815731 0.678688 0.815731 0.84836 0.815731 0.882294
0.84836 0.627485 1.43373 0.652585 1.06045 0.84836 0.84836 1.37858 0.815731 1.10287
0.815731 0.815731 0.522068 1.37858 0.84836 1.10287 0.652585 0.501988 0.84836 0.501988
1.79216 0.652585 0.627485 0.501988 0.652585 0.84836 0.652585 0.652585 1.10287 1.06045
1.79216 1.37858 0.84836 1.10287 1.06045 0.84836 1.06045 1.79216 1.06045 0.652585
>categories:
0 0
>mixtureAssignment:
0 0 0 0 0 0 0 0 0 0 0 0 0 0 0 0 0 0 0 0 0 0 0 0 0 0 0 0 0 0 0 0 0 0 0 0 0 0 0 0 0 0 0 0 0 0 0 0 0 0
0 0 0 0 0 0 0 0 0 0 0 0 0 0 0 0 0 0 0 0 0 0 0 0 0 0 0 0 0 0 0 0 0 0 0 0 0 0 0 0 0 0 0 0 0 0 0 0 0 0
0 0 0 0 0 0 0 0 0 0 0 0 0 0 0 0 0 0 0 0 0 0 0 0 0 0 0 0 0 0 0 0 0 0 0 0 0 0 0 0 0 0 0 0 0 0 0 0 0 0
0 0 0 0 0 0 0 0 0 0 0 0 0 0 0 0 0 0 0 0 0 0 0 0 0 0 0 0 0 0 0 0 0 0 0 0 0 0 0 0 0 0 0 0 0 0 0 0 0 0
0 0 0 0 0 0 0 0 0 0 0 0 0 0 0 0 0 0 0 0 0 0 0 0 0 0 0 0 0 0 0 0 0 0 0 0 0 0 0 0 0 0 0 0 0 0 0 0 0 0
0 0 0 0 0 0 0 0 0 0 0 0 0 0 0 0 0 0 0 0 0 0 0 0 0 0 0 0 0 0 0 0 0 0 0 0 0 0 0 0 0 0 0 0 0 0 0 0 0 0
0 0 0 0 0 0 0 0 0 0 0 0 0 0 0 0 0 0 0 0 0 0 0 0 0 0 0 0 0 0 0 0 0 0 0 0 0 0 0 0 0 0 0 0 0 0 0 0 0 0
0 0 0 0 0 0 0 0 0 0 0 0 0 0 0 0 0 0 0 0 0 0 0 0 0 0 0 0 0 0 0 0 0 0 0 0 0 0 0 0 0 0 0 0 0 0 0 0 0 0
0 0 0 0 0 0 0 0 0 0 0 0 0 0 0 0 0 0 0 0 0 0 0 0 0 0 0 0 0 0 0 0 0 0 0 0 0 0 0 0 0 0 0 0 0 0 0 0 0 0
0 0 0 0 0 0 0 0 0 0 0 0 0 0 0 0 0 0 0 0 0 0 0 0 0 0 0 0 0 0 0 0 0 0 0 0 0 0 0 0 0 0 0 0 0 0 0 0 0 0
0 0 0 0 0 0 0 0 0 0 0 0 0 0 0 0 0 0 0 0 0 0 0 0 0 0 0 0 0 0 0 0 0 0 0 0 0 0 0 0 0 0 0 0 0 0 0 0 0 0
0 0 0 0 0 0 0 0 0 0 0 0 0 0 0 0 0 0 0 0 0 0 0 0 0 0 0 0 0 0 0 0 0 0 0 0 0 0 0 0 0 0 0 0 0 0 0 0 0 0
0 0 0 0 0 0 0 0 0 0 0 0 0 0 0 0 0 0 0 0 0 0 0 0 0 0 0 0 0 0 0 0 0 0 0 0 0 0 0 0 0 0 0 0 0 0 0 0 0 0
0 0 0 0 0 0 0 0 0 0 0 0 0 0 0 0 0 0 0 0 0 0 0 0 0 0 0 0 0 0 0 0 0 0 0 0 0 0 0 0 0 0 0 0 0 0 0 0 0 0
0 0 0 0 0 0 0 0 0 0 0 0 0 0 0 0 0 0 0 0 0 0 0 0 0 0 0 0 0 0 0 0 0 0 0 0 0 0 0 0 0 0 0 0 0 0 0 0 0 0
0 0 0 0 0 0 0 0 0 0 0 0 0 0 0 0 0 0 0 0 0 0 0 0 0 0 0 0 0 0 0 0 0 0 0 0 0 0 0 0 0 0 0 0 0 0 0 0 0 0
0 0 0 0 0 0 0 0 0 0 0 0 0 0 0 0 0 0 0 0 0 0 0 0 0 0 0 0 0 0 0 0 0 0 0 0 0 0 0 0 0 0 0 0 0 0 0 0 0 0
0 0 0 0 0 0 0 0 0 0 0 0 0 0 0 0 0 0 0 0 0 0 0 0 0 0 0 0 0 0 0 0 0 0 0 0 0 0 0 0 0 0 0 0 0 0 0 0 0 0
0 0 0 0 0 0 0 0 0 0 0 0 0 0 0 0 0 0 0 0 0 0 0 0 0 0 0 0 0 0 0 0 0 0 0 0 0 0 0 0 0 0 0 0 0 0 0 0 0 0
0 0 0 0 0 0 0 0 0 0 0 0 0 0 0 0 0 0 0 0 0 0 0 0 0 0 0 0 0 0 0 0 0 0 0 0 0 0 0 0 0 0 0 0 0 0 0 0 0 0
0 0 0 0 0 0 0 0 0 0 0 0 0 0 0 0 0 0 0 0 0 0 0 0 0 0 0 0 0 0 0 0 0 0 0 0 0 0 0 0 0 0 0 0 0 0 0 0 0 0
0 0 0 0 0 0 0 0 0 0 0 0 0 0 0 0 0 0 0 0 0 0 0 0 0 0 0 0 0 0 0 0 0 0 0 0 0 0 0 0 0 0 0 0 0 0 0 0 0 0
0 0 0 0 0 0 0 0 0 0 0 0 0 0 0 0 0 0 0 0 0 0 0 0 0 0 0 0 0 0 0 0 0 0 0 0 0 0 0 0 0 0 0 0 0 0 0 0 0 0
0 0 0 0 0 0 0 0 0 0 0 0 0 0 0 0 0 0 0 0 0 0 0 0 0 0 0 0 0 0 0 0 0 0 0 0 0 0 0 0 0 0 0 0 0 0 0 0 0 0
0 0 0 0 0 0 0 0 0 0 0 0 0 0 0 0 0 0 0 0 0 0 0 0 0 0 0 0 0 0 0 0 0 0 0 0 0 0 0 0 0 0 0 0 0 0 0 0 0 0
0 0 0 0 0 0 0 0 0 0 0 0 0 0 0 0 0 0 0 0 0 0 0 0 0 0 0 0 0 0 0 0 0 0 0 0 0 0 0 0 0 0 0 0 0 0 0 0 0 0
0 0 0 0 0 0 0 0 0 0 0 0 0 0 0 0 0 0 0 0 0 0 0 0 0 0 0 0 0 0 0 0 0 0 0 0 0 0 0 0 0 0 0 0 0 0 0 0 0 0
0 0 0 0 0 0 0 0 0 0 0 0 0 0 0 0 0 0 0 0 0 0 0 0 0 0 0 0 0 0 0 0 0 0 0 0 0 0 0 0 0 0 0 0 0 0 0 0 0 0
0 0 0 0 0 0 0 0 0 0 0 0 0 0 0 0 0 0 0 0 0 0 0 0 0 0 0 0 0 0 0 0 0 0 0 0 0 0 0 0 0 0 0 0 0 0 0 0 0 0
0 0 0 0 0 0 0 0 0 0 0 0 0 0 0 0 0 0 0 0 0 0 0 0 0 0 0 0 0 0 0 0 0 0 0 0 0 0 0 0 0 0 0 0 0 0 0 0 0 0
>numMutationCategories:
1
>numSelectionCategories:
1
>categoryProbabilities:
1 
>selectionIsInMixture:
***
0 
>mutationIsInMixture:
***
0 
>obsPhiSets:
0
>currentSynthesisRateLevel:
***
0.285226 0.65964 0.819392 2.1498 0.865628 3.59472 0.313252 0.653683 0.43383 0.431341
0.163226 0.603127 0.816257 1.29039 1.57924 0.599446 0.572232 0.74539 1.60616 0.211591
0.14955 0.917452 0.940798 0.707755 0.207912 0.533856 1.04518 0.175282 0.532434 1.38414
1.14393 0.451224 0.658704 0.423959 0.913074 0.928987 0.633621 1.18409 2.47154 1.05867
0.307572 1.49796 3.18498 0.481581 3.52369 0.87982 1.66602 2.50667 1.73209 1.19904
1.76272 2.77927 0.918642 0.271194 0.966483 0.696728 1.12772 0.938585 0.722514 0.176821
0.727729 0.466761 0.626091 0.781324 3.27494 1.5583 4.15611 1.08497 1.08834 0.317306
0.526002 1.02276 1.16189 1.33235 1.02129 0.143426 0.436034 0.528121 1.3344 0.393581
1.63253 0.265163 0.547083 1.41278 1.88448 1.52971 0.498496 0.753287 1.28535 1.149
1.42718 0.572394 0.552107 1.20128 0.902588 2.06546 0.528548 1.2317 1.16044 0.567384
0.784747 2.31037 1.38929 0.35058 1.49814 0.355224 1.29653 0.475901 0.783225 0.795477
0.747326 1.7237 0.245374 0.324971 0.308129 0.522114 0.622951 1.55888 1.93888 0.642805
0.298979 0.88331 0.82122 1.77073 0.281084 0.467567 1.40959 0.978412 3.14373 1.07048
0.433897 1.41857 1.18665 0.189825 0.403468 1.04445 1.85274 2.59068 0.736241 0.608
0.952665 0.659436 0.538563 1.12662 1.08135 1.90385 0.370725 2.17923 0.420314 1.47524
0.988322 1.39139 0.572719 0.675927 0.276014 1.08519 0.722758 0.37035 0.552435 0.268645
2.64697 0.702256 0.818065 0.769601 1.65698 0.988799 0.492568 0.834933 0.76357 0.725765
0.943271 0.405789 0.313176 1.2851 0.897758 1.05068 0.894155 1.20667 0.196342 0.429161
0.291418 0.941946 1.23808 2.21839 0.979378 0.878866 0.840046 1.358 0.870641 0.456454
0.250671 1.68982 1.00186 1.12344 0.930454 0.39067 1.10881 0.325394 0.321143 1.0626
2.07733 0.315301 0.605003 1.14201 2.49099 0.346681 0.642919 1.7772 0.750235 0.481819
0.347658 1.56071 0.780955 0.474755 1.87683 1.18996 1.18106 0.789094 0.790234 0.962064
0.531823 0.260366 1.50272 0.106434 1.66464 0.337931 0.163216 1.59182 0.393339 0.170492
0.494091 0.308905 0.43912 0.287697 1.38991 0.518992 1.33135 0.239933 1.05802 4.78645
0.874961 1.93824 2.39462 2.44142 0.930464 1.00998 1.61102 0.665881 1.07483 0.501454
1.27082 1.21843 1.56137 1.54515 0.391753 0.575514 0.272705 0.777195 0.225074 1.77065
0.818383 0.247629 0.591083 0.227252 0.53158 0.291901 0.326295 0.967963 2.24374 0.487696
1.20782 1.00927 0.736965 0.697966 0.375204 0.669505 0.271541 0.159455 1.03941 0.615416
0.961045 4.2892 3.26813 1.49222 0.778548 1.36437 1.54081 1.59933 0.84847 0.324666
0.732094 0.578734 0.633973 0.286419 1.7697 1.66642 0.923801 0.250634 0.95409 0.840016
0.635928 0.517893 0.781775 0.244981 0.769407 1.5846 3.98313 0.314799 1.16087 1.2883
0.949799 2.72424 0.343387 0.83778 1.60461 1.78731 1.13937 1.6534 1.92762 1.37785
2.14841 0.687579 0.431428 0.929162 4.3992 0.802288 1.06569 0.24516 0.696199 0.665299
0.248744 0.410959 1.23049 0.921623 1.10454 1.10909 1.65852 0.715411 0.678003 0.570963
1.65262 0.657043 1.11215 0.523497 1.97489 1.1275 0.359739 0.766775 0.280902 0.607767
1.47811 0.599227 2.2161 0.920424 1.60259 0.826987 1.25257 0.717341 0.563586 1.00836
1.49557 0.707089 0.811362 1.09783 0.351185 0.769754 0.728409 1.09535 3.27914 1.35114
0.920386 1.70126 0.654529 0.352049 1.41112 0.973314 0.492228 0.865652 0.870947 1.65226
2.63262 0.760107 0.259852 1.23173 2.59293 2.2532 2.73084 0.354511 1.17418 0.469473
1.30546 0.414192 0.486162 1.77668 1.6489 0.755834 1.08756 0.988981 1.67322 0.810535
0.90768 1.35567 1.74474 0.216356 1.13266 1.14188 3.82261 1.16886 0.703567 0.48775
0.914219 0.765101 1.26129 0.538818 1.1911 1.16769 0.680829 1.24336 1.15297 0.445081
1.42827 1.1057 0.311425 0.590946 0.333261 0.35389 0.290074 0.29219 0.271315 0.289804
0.498081 0.18792 0.653812 0.237343 0.52733 0.60463 0.784534 1.41961 0.806762 1.56154
0.68527 0.651278 0.380919 0.848046 0.556737 0.641581 2.13382 0.607849 0.72013 0.168328
0.384953 0.421411 0.547334 0.410804 0.171278 0.671526 4.6467 1.13552 0.999209 1.19642
0.228815 1.3141 0.62808 1.36406 1.03486 1.00167 1.71959 1.05572 1.16762 0.592647
0.219961 1.61046 0.853874 3.20308 0.387687 0.964942 0.742029 1.50606 2.27914 0.529005
1.11583 1.33561 1.199 1.06501 1.5263 1.42842 0.959155 1.46711 2.21642 1.11175
0.452576 1.07903 2.05025 1.84737 0.474039 1.0452 0.876311 0.442324 1.08386 0.620519
0.926608 1.02987 1.99074 0.287089 0.991056 0.766763 0.741362 0.264053 1.36204 3.11253
0.36178 1.22362 0.913956 0.602974 1.56259 0.340202 0.448282 1.15945 0.836656 0.444381
2.36926 1.09808 0.807917 2.44934 1.31289 1.79173 5.07046 1.53694 0.721867 3.88947
2.98148 0.560321 0.46294 0.719505 2.8304 0.537633 1.82127 0.289404 1.24484 1.97627
0.789614 0.575287 0.619127 0.440917 0.595763 0.518068 0.856879 0.657576 1.74405 0.182178
2.32691 3.56093 0.73543 0.379024 1.00375 1.52516 1.08184 0.705592 2.42379 1.38167
1.88276 1.24087 1.1284 0.447011 1.63762 0.288797 2.4611 0.473789 1.38401 0.691692
0.142635 0.954536 1.06647 0.936699 0.476944 0.295078 0.300961 0.414839 1.58393 0.864324
0.943109 0.257594 0.853191 0.205023 2.18204 0.45118 0.843972 0.158171 0.893297 1.48597
0.630223 0.470661 0.939556 0.212104 0.956119 0.711703 0.423813 0.734209 0.951083 0.531738
0.644281 4.52437 0.650262 0.876963 0.895922 1.61263 0.977646 0.537925 1.41675 3.16431
0.509057 0.586032 0.839206 1.19487 0.650688 0.579746 0.476622 0.443499 0.479994 1.3626
1.09326 1.32259 0.473884 0.66593 0.663825 0.944666 0.602105 0.465467 2.06247 0.670087
1.4203 0.586661 0.625241 0.259143 1.0659 0.76625 1.12155 1.54173 0.592114 0.434636
0.617821 1.07566 3.96481 1.14873 0.768511 1.80967 1.82175 1.08756 0.825794 1.34162
1.46234 2.68694 0.63517 0.582991 0.224122 1.30276 0.95807 1.27938 0.532711 0.639981
1.38439 1.73947 1.79316 5.08758 0.443298 1.01861 1.37106 0.603457 0.871295 1.31363
0.54366 1.6728 1.18487 0.768035 1.52294 0.878151 0.23993 0.139954 1.47767 0.624917
0.782155 1.85274 0.398938 1.05303 0.371405 2.04558 1.324 0.724158 1.0332 0.393637
1.8372 1.64122 1.30133 0.932702 0.741142 1.15818 0.320635 0.669658 1.86184 0.608929
0.437955 1.62496 0.742752 0.439088 1.28823 0.496077 1.98218 0.973818 1.15476 0.582206
0.683255 0.727029 1.01476 0.457687 1.83887 0.641229 0.224759 0.762205 0.957484 0.439453
0.637208 1.85876 3.17131 0.238516 0.854838 0.476672 0.400584 0.367069 1.40369 0.979913
1.58629 3.37298 1.19381 1.55485 0.236926 1.01969 0.854665 0.776822 0.254569 1.23157
1.84558 1.10199 1.3514 1.02111 1.22468 0.733982 0.349206 1.23806 0.293098 1.04448
2.00942 0.848529 0.68942 0.726934 0.610472 0.584561 2.21175 1.79376 0.573888 0.168827
1.41161 2.06539 0.628003 0.783251 0.926464 0.0841006 0.851845 0.987893 0.313812 0.980649
1.34817 0.272512 0.862758 1.06378 0.458473 0.753946 0.925873 0.314212 0.543839 2.40001
0.352094 0.551607 0.46709 1.01873 1.93934 0.540586 1.13372 1.20514 2.1532 1.18101
0.985109 2.28032 1.28868 0.735694 0.182694 0.783163 2.35049 0.903724 0.735254 0.265863
0.746312 0.37792 1.12966 1.23505 1.71609 0.111296 0.49351 1.81879 0.656899 0.664351
1.51914 2.46838 0.921591 0.451286 0.661348 2.73678 0.176097 1.00904 0.530647 0.139893
1.07499 1.07078 0.512253 0.568923 2.85384 0.899202 0.41693 1.03422 0.316203 0.544744
1.2055 0.329837 0.596652 0.741723 1.46622 0.795296 1.26535 0.972253 0.92298 0.841455
4.86429 1.15354 0.449173 2.99348 0.403336 1.56173 0.501877 1.19392 0.313412 3.8609
1.0029 0.610066 1.13884 0.201536 0.698943 0.449976 1.22073 0.933038 0.844789 0.336513
2.38872 1.78596 0.411618 0.796462 1.43628 0.192934 1.1032 0.682221 0.899556 0.959552
1.71981 1.06421 1.22517 1.2643 0.845283 0.874808 0.224703 1.93231 0.668281 0.564029
0.878403 1.52636 0.466569 0.722501 1.02623 0.863174 1.41361 0.332884 0.849836 0.268133
0.465875 3.17 1.17122 0.977545 1.0134 0.399084 1.0001 0.457582 1.71978 0.812127
1.49477 0.621323 0.659601 1.14027 0.635703 0.364883 1.14902 0.19645 1.11408 0.865583
0.758895 1.08811 0.802458 0.892921 0.976208 0.547446 1.94695 0.754337 0.784943 1.16421
1.56876 0.836195 0.364927 0.896689 1.16834 0.904218 1.06154 1.48337 0.637184 0.607624
1.317 1.42951 0.430379 1.49218 1.306 0.528418 0.5023 1.48057 0.141628 1.06124
3.17226 0.582524 0.368597 1.96841 1.05323 0.902154 0.572175 0.357942 0.609561 0.826621
1.42517 0.617554 0.584541 0.317016 0.846881 0.68857 0.870858 1.04256 1.2141 0.343757
1.36728 1.1499 0.400497 1.50262 0.995061 0.340322 1.04597 0.246126 1.18541 0.52436
0.444254 0.776658 1.01231 0.931334 0.257208 3.5111 0.128218 0.565475 0.854985 1.13155
0.513131 0.864736 1.11097 1.01454 0.565662 1.17748 1.43696 0.42937 1.32108 0.116997
0.84841 0.548876 2.33139 1.28412 0.691537 1.01333 1.02762 0.29375 0.426716 0.965601
0.623999 0.658489 0.342509 0.826885 0.463619 0.71815 1.83032 1.81124 0.382882 0.472636
2.89283 0.807523 0.554538 0.346544 1.07175 0.939613 0.72256 3.96488 0.895791 0.289246
2.20332 0.73526 2.08069 1.94829 2.53681 1.14498 0.405238 0.826433 1.54275 1.29824
1.08094 0.809103 0.547421 1.01482 0.732172 0.521049 0.683275 0.785827 0.548617 0.36298
2.29139 1.07395 1.10976 1.31906 0.959353 1.44516 0.400346 2.23 0.888805 0.261474
0.383086 0.498401 0.695051 0.430412 1.3491 3.02433 0.868192 0.835456 1.20819 0.409153
0.142336 1.18102 4.53464 0.838382 0.345313 1.43826 0.68904 0.564742 0.391004 0.729286
1.07013 1.44161 0.550327 0.290105 3.43999 0.331249 0.695976 0.924197 0.47069 0.914472
0.851891 0.571982 0.685696 1.37926 1.55394 1.01856 0.733818 0.521709 0.818715 0.351163
2.08777 0.740449 0.776856 0.207046 1.37978 3.19669 0.242541 0.634498 0.665714 2.04607
0.348086 0.202254 0.718933 1.66623 0.959204 0.169438 1.19938 1.1915 0.52397 0.700219
1.11757 1.64262 0.464404 0.4964 0.980582 0.952412 0.419462 0.876426 0.560232 0.515293
0.76611 0.586014 0.222242 1.83444 0.848006 0.232957 1.04258 0.315639 0.680154 2.76113
1.39749 0.198045 0.559483 0.596314 1.78969 0.175264 0.739834 0.266633 0.553418 0.648517
1.08288 1.565 1.61275 0.945776 1.52124 0.507757 0.414402 0.377092 0.999415 1.89907
1.04498 1.38776 0.86842 2.26726 0.898443 0.444761 1.00289 1.16061 0.98922 2.30837
0.492997 0.549935 0.762252 2.42149 0.460935 5.05786 1.1827 0.376123 2.20363 1.83743
0.782817 1.23571 1.26895 1.13602 1.85826 1.89544 1.03436 0.729585 0.940634 1.56267
1.21895 1.88445 0.520476 1.50797 0.468615 1.14053 1.11352 0.193598 0.903649 1.24144
0.428054 0.741025 0.549713 0.326988 0.625415 0.702152 1.31151 1.15316 1.06218 0.444804
1.16778 1.62178 2.30297 0.932766 0.534327 1.0431 0.345725 0.447626 0.668946 0.606279
1.47705 0.243902 1.75844 1.62725 0.340504 1.04037 0.422522 1.2015 3.05026 1.72788
0.598283 0.760593 1.33501 1.25933 0.348854 0.270903 1.11648 0.618755 1.25937 0.391078
2.16484 0.371166 0.684039 2.7199 1.66077 0.328913 0.172666 0.511616 2.0274 2.99785
0.321222 1.04464 2.21215 0.961662 1.59877 1.0872 0.983016 1.38993 2.62281 1.09507
0.640602 1.43517 0.869427 2.51226 1.26537 1.08869 0.53786 1.03448 1.07512 2.50611
2.0354 1.38801 0.804382 1.98638 1.06694 0.659779 1.08626 0.846112 3.65392 0.821102
0.86717 0.513917 0.599883 0.556713 1.33752 0.321424 0.389721 0.250671 0.610826 0.895203
1.47163 2.23768 0.645934 0.906528 0.823865 1.53209 0.908813 0.887365 1.98244 0.903436
1.61667 1.59182 0.930684 5.48831 1.57117 1.89842 2.97047 1.00248 0.722821 0.815655
1.67449 0.741304 1.85537 0.55532 0.33107 0.985823 0.572064 1.5986 1.25714 2.14378
1.20321 2.0454 1.3917 0.554592 0.868709 1.77674 0.927338 1.13313 1.26246 0.784587
0.264934 0.795017 0.85811 0.78096 0.561819 1.04729 1.18859 0.473082 0.904887 0.95893
1.6157 0.562336 0.736112 0.641794 0.901535 0.3209 1.70885 0.657783 0.955913 1.81905
0.841447 0.698307 0.256855 0.411669 0.550707 1.82089 1.54186 0.644848 2.28319 2.35289
0.179244 0.97772 0.570343 1.18091 0.745552 1.21907 1.77245 0.832436 1.90864 0.551942
1.19889 0.971219 0.55578 1.70348 2.62083 0.571644 0.566043 1.21673 0.307992 0.527763
0.348137 1.82831 1.4757 1.57037 0.823394 1.11578 0.623279 0.915475 1.05559 0.332379
2.09893 1.45736 0.844934 0.959351 0.543416 0.31041 1.01321 2.38418 1.12517 1.01732
0.812139 1.00929 1.69875 1.44482 0.423739 0.780251 0.371113 0.606877 0.507356 2.45929
0.735466 1.04376 1.33032 0.780688 0.44552 1.62245 2.74802 2.31133 0.47356 1.05878
1.03885 1.26196 0.68019 2.06804 0.304425 0.475837 1.78892 0.640756 0.876691 0.805263
0.394542 0.234174 2.1547 1.70154 0.644426 0.301268 1.3413 0.689839 0.856468 1.07776
1.39277 0.375598 0.59896 0.247566 0.195431 1.91356 1.19424 1.49747 1.38315 1.15429
0.547904 0.447385 2.99423 0.626215 0.633073 0.825767 0.584664 0.217279 0.442927 0.802011
1.66256 1.4322 0.753903 0.742328 0.986826 0.792519 3.5428 0.721447 1.17259 0.629901
1.19903 2.09868 0.428742 2.33028 0.816766 1.14665 2.12065 0.754038 2.53778 0.51253
1.71594 1.70563 1.39326 0.41118 0.463102 0.97382 0.738069 1.5233 1.1956 1.53658
0.261068 1.91732 2.17671 2.06147 1.57192 0.981946 1.21188 1.2026 0.694532 0.738729
0.304308 0.588678 1.20379 0.782057 0.493158 0.59116 0.664423 0.988758 0.97001 1.63591
>noiseOffset:
>observedSynthesisNoise:
>std_NoiseOffset:
>mutation_prior_mean:
***
0 0 0 0 0 0 0 0 0 0
0 0 0 0 0 0 0 0 0 0
0 0 0 0 0 0 0 0 0 0
0 0 0 0 0 0 0 0 0 0
>mutation_prior_sd:
***
0.35 0.35 0.35 0.35 0.35 0.35 0.35 0.35 0.35 0.35
0.35 0.35 0.35 0.35 0.35 0.35 0.35 0.35 0.35 0.35
0.35 0.35 0.35 0.35 0.35 0.35 0.35 0.35 0.35 0.35
0.35 0.35 0.35 0.35 0.35 0.35 0.35 0.35 0.35 0.35
>std_csp:
0.1 0.1 0.1 0.1 0.1 0.1 0.1 0.1 0.1 0.1
0.1 0.1 0.1 0.1 0.1 0.1 0.1 0.1 0.1 0.1
0.1 0.1 0.1 0.1 0.1 0.1 0.1 0.1 0.1 0.1
0.1 0.1 0.1 0.1 0.1 0.1 0.1 0.1 0.1 0.1
>currentMutationParameter:
***
-0.363142 1.04964 0.769618 0.683513 1.10407 -1.18942 0.76059 -0.761663 0.667517 0.722675
0.946554 0.419881 1.16293 -1.27981 0.508556 0.976894 0.72129 0.196901 -0.209065 1.05539
-0.526 0.787649 0.286712 -0.865283 -0.899251 0.330127 -0.841832 1.0461 0.265363 -0.460254
0.862323 0.563161 -0.377574 1.18265 0.793061 0.433676 1.03668 0.608238 0.84412 0.899849
>currentSelectionParameter:
***
0.522877 -0.358847 0.28982 -0.512324 -0.321163 0.622446 -0.842755 -0.326476 -0.165039 0.0943602
-0.507861 1.02386 -0.625269 0.860011 0.505308 -0.590161 -0.156427 -0.219149 1.22741 -0.602109
-0.574908 -0.140919 -0.34877 0.139877 0.492902 0.763831 0.80103 -0.216779 0.606243 0.302402
-0.390831 -0.210071 0.354023 -0.547522 0.0184935 0.512856 -0.409559 -0.0688054 -0.620045 -0.633368
>covarianceMatrix:
A
0.000273836	2.56302e-05	4.21044e-05	-0.000139809	8.77508e-06	-3.29563e-05	
2.56302e-05	0.000451256	0.000119704	2.45286e-05	-0.000216554	-1.37525e-05	
4.21044e-05	0.000119704	0.000562522	8.71956e-05	-2.61618e-05	-0.000208574	
-0.000139809	2.45286e-05	8.71956e-05	0.000181052	9.16106e-06	-3.74673e-06	
8.77508e-06	-0.000216554	-2.61618e-05	9.16106e-06	0.000191352	2.7599e-05	
-3.29563e-05	-1.37525e-05	-0.000208574	-3.74673e-06	2.7599e-05	0.000248938	
***
>covarianceMatrix:
C
0.0013401	-0.000856987	
-0.000856987	0.000930808	
***
>covarianceMatrix:
D
0.000511339	-0.000290599	
-0.000290599	0.00041756	
***
>covarianceMatrix:
E
0.000471346	-0.000298014	
-0.000298014	0.000349929	
***
>covarianceMatrix:
F
0.00118625	-0.000588078	
-0.000588078	0.000757988	
***
>covarianceMatrix:
G
0.000410581	0.000244874	5.45559e-05	-0.000209064	-0.000235345	2.5987e-05	
0.000244874	0.000620857	4.1275e-05	-0.000152957	-0.000386027	-4.63777e-05	
5.45559e-05	4.1275e-05	0.000534001	4.16732e-05	0.000111584	-0.000162698	
-0.000209064	-0.000152957	4.16732e-05	0.000265581	0.000244304	-1.59867e-05	
-0.000235345	-0.000386027	0.000111584	0.000244304	0.000604731	-6.60841e-07	
2.5987e-05	-4.63777e-05	-0.000162698	-1.59867e-05	-6.60841e-07	0.000371387	
***
>covarianceMatrix:
H
0.00128128	-0.000595038	
-0.000595038	0.000790032	
***
>covarianceMatrix:
I
0.000617405	-0.000146419	-0.000631672	0.000115382	
-0.000146419	0.000593169	5.22856e-05	-0.000316547	
-0.000631672	5.22856e-05	0.0012762	-7.71702e-05	
0.000115382	-0.000316547	-7.71702e-05	0.000280379	
***
>covarianceMatrix:
K
0.000554341	-0.00033591	
-0.00033591	0.000411	
***
>covarianceMatrix:
L
0.000525589	0.000160201	3.6512e-05	-7.21575e-05	0.000238437	-0.000227074	-3.89934e-05	-5.67287e-06	6.98037e-05	-6.9782e-05	
0.000160201	0.000297091	9.70575e-06	1.56345e-05	4.83952e-05	-7.42351e-05	-0.000127927	-3.54227e-05	-1.35095e-05	-3.11516e-05	
3.6512e-05	9.70575e-06	8.39179e-05	2.0766e-05	3.2179e-05	1.74169e-05	1.35139e-05	-2.60505e-05	1.75755e-05	1.56442e-05	
-7.21575e-05	1.56345e-05	2.0766e-05	0.000106341	2.13669e-05	6.25744e-05	-2.32363e-05	-2.93536e-05	-5.19312e-05	3.14485e-05	
0.000238437	4.83952e-05	3.2179e-05	2.13669e-05	0.000394332	-9.77178e-05	-2.83144e-05	1.55397e-05	-4.68554e-05	-0.000128595	
-0.000227074	-7.42351e-05	1.74169e-05	6.25744e-05	-9.77178e-05	0.000177102	3.2622e-05	6.59664e-06	-3.00376e-05	3.19444e-05	
-3.89934e-05	-0.000127927	1.35139e-05	-2.32363e-05	-2.83144e-05	3.2622e-05	0.000106502	2.79915e-05	2.75034e-05	2.14038e-05	
-5.67287e-06	-3.54227e-05	-2.60505e-05	-2.93536e-05	1.55397e-05	6.59664e-06	2.79915e-05	6.88942e-05	5.30029e-06	-7.12917e-05	
6.98037e-05	-1.35095e-05	1.75755e-05	-5.19312e-05	-4.68554e-05	-3.00376e-05	2.75034e-05	5.30029e-06	9.10113e-05	3.89381e-06	
-6.9782e-05	-3.11516e-05	1.56442e-05	3.14485e-05	-0.000128595	3.19444e-05	2.14038e-05	-7.12917e-05	3.89381e-06	0.000211591	
***
>covarianceMatrix:
N
0.000555916	-0.000328594	
-0.000328594	0.000409007	
***
>covarianceMatrix:
P
0.000482198	0.00032307	0.000386587	-0.000221287	-0.00010218	-0.000160461	
0.00032307	0.000670528	0.000234021	-0.000123041	-0.000217809	-9.79471e-05	
0.000386587	0.000234021	0.000634971	-0.000361974	-0.000208156	-0.000409342	
-0.000221287	-0.000123041	-0.000361974	0.000354871	0.000124648	0.000343646	
-0.00010218	-0.000217809	-0.000208156	0.000124648	0.000433381	0.000113541	
-0.000160461	-9.79471e-05	-0.000409342	0.000343646	0.000113541	0.000555999	
***
>covarianceMatrix:
Q
0.000809498	-0.000353173	
-0.000353173	0.000463749	
***
>covarianceMatrix:
R
0.00026089	0.00013924	0.000128194	2.36544e-05	-4.94238e-05	-9.3845e-05	-2.46656e-05	-8.79605e-05	2.46483e-06	3.74229e-05	
0.00013924	0.000881228	0.000140685	3.79091e-05	0.000223814	3.41341e-05	-0.000359569	-0.000127857	-2.20291e-06	-0.000204866	
0.000128194	0.000140685	0.000288719	1.21463e-05	1.70011e-05	-5.52037e-05	-5.90915e-05	-0.00015174	3.5605e-05	-2.37153e-05	
2.36544e-05	3.79091e-05	1.21463e-05	0.000401886	-5.7784e-05	6.79368e-05	4.74578e-05	8.85355e-05	-0.00013561	3.97369e-05	
-4.94238e-05	0.000223814	1.70011e-05	-5.7784e-05	0.000250451	4.14426e-05	-0.000176734	-1.81175e-05	3.70197e-05	-0.000133104	
-9.3845e-05	3.41341e-05	-5.52037e-05	6.79368e-05	4.14426e-05	0.000149761	-5.13827e-05	9.03312e-05	2.30643e-05	-2.04295e-05	
-2.46656e-05	-0.000359569	-5.90915e-05	4.74578e-05	-0.000176734	-5.13827e-05	0.00029646	6.95026e-05	-7.42339e-05	0.000143497	
-8.79605e-05	-0.000127857	-0.00015174	8.85355e-05	-1.81175e-05	9.03312e-05	6.95026e-05	0.000226492	-4.35206e-05	7.73612e-05	
2.46483e-06	-2.20291e-06	3.5605e-05	-0.00013561	3.70197e-05	2.30643e-05	-7.42339e-05	-4.35206e-05	0.000149931	-2.30303e-05	
3.74229e-05	-0.000204866	-2.37153e-05	3.97369e-05	-0.000133104	-2.04295e-05	0.000143497	7.73612e-05	-2.30303e-05	0.000190335	
***
>covarianceMatrix:
S
0.000240553	-1.56207e-06	0.000154161	-0.00017086	-2.48382e-07	-0.00011048	
-1.56207e-06	0.000331107	0.00012001	4.41687e-05	-0.000125458	-6.45715e-05	
0.000154161	0.00012001	0.000335471	-9.51844e-05	-3.11299e-05	-0.000203046	
-0.00017086	4.41687e-05	-9.51844e-05	0.0002781	-5.7214e-06	0.000115428	
-2.48382e-07	-0.000125458	-3.11299e-05	-5.7214e-06	0.000142599	4.82973e-05	
-0.00011048	-6.45715e-05	-0.000203046	0.000115428	4.82973e-05	0.000293292	
***
>covarianceMatrix:
T
0.000397664	0.000166525	0.000199022	-0.000211499	-6.8169e-05	-6.6251e-05	
0.000166525	0.000480014	0.000268294	-0.000120188	-0.000225921	-0.000186433	
0.000199022	0.000268294	0.000575919	-0.000167676	-0.00013108	-0.000407744	
-0.000211499	-0.000120188	-0.000167676	0.000206487	7.36939e-05	7.28567e-05	
-6.8169e-05	-0.000225921	-0.00013108	7.36939e-05	0.000208299	0.000116616	
-6.6251e-05	-0.000186433	-0.000407744	7.28567e-05	0.000116616	0.00051299	
***
>covarianceMatrix:
V
0.000443595	1.96263e-05	5.54208e-05	-0.000304032	5.86772e-06	-3.76472e-05	
1.96263e-05	0.000581611	0.000180225	-0.00015239	-0.000257095	-0.000119619	
5.54208e-05	0.000180225	0.00028816	-8.87369e-05	-8.46832e-05	-0.000163945	
-0.000304032	-0.00015239	-8.87369e-05	0.000516616	8.72033e-05	0.000102002	
5.86772e-06	-0.000257095	-8.46832e-05	8.72033e-05	0.000197704	8.67015e-05	
-3.76472e-05	-0.000119619	-0.000163945	0.000102002	8.67015e-05	0.000212663	
***
>covarianceMatrix:
Y
0.000865035	-0.000412122	
-0.000412122	0.000867657	
***
>covarianceMatrix:
Z
0.00152228	-0.00106262	
-0.00106262	0.00138903	
***
