>groupList:
A C D E F G H I K L
N P Q R S T V Y Z 
>stdDevSynthesisRate:
1.14131 
>numParam:
40
>numMixtures:
1
>std_stdDevSynthesisRate:
0.20736
>std_phi:
***
0.627485 0.54295 0.627485 0.522068 2.62072 0.705835 2.32981 1.10287 1.10287 0.627485
2.62072 0.386145 2.09657 0.401591 0.28561 0.501988 1.49108 0.882294 0.371293 0.28561
2.01594 1.9384 3.02875 0.386145 0.371293 0.815731 0.308916 3.1499 1.14698 1.79216
0.627485 2.32981 2.18044 0.84836 2.62072 0.627485 0.371293 1.55072 0.84836 1.06045
0.917586 0.501988 1.79216 2.423 2.51992 1.67726 1.10287 2.423 0.297034 1.37858
1.10287 1.55072 0.815731 2.423 0.734069 0.815731 0.815731 0.815731 2.72555 1.49108
1.19286 1.06045 0.482681 1.43373 1.79216 1.86385 0.501988 1.24058 0.371293 1.43373
2.51992 1.43373 2.18044 0.917586 2.09657 0.84836 1.14698 2.51992 2.51992 0.501988
0.652585 1.10287 0.882294 1.43373 1.49108 0.882294 1.9384 1.37858 0.386145 1.06045
0.678688 2.01594 0.815731 0.28561 2.09657 0.815731 0.482681 1.19286 0.627485 2.09657
1.06045 0.84836 1.06045 1.49108 0.522068 1.74435 2.32981 1.19286 2.32981 2.423
2.423 2.51992 2.18044 1.49108 0.522068 1.37858 1.14698 1.43373 1.49108 0.482681
1.10287 0.54295 1.86385 2.51992 0.678688 1.61275 1.86385 1.9384 0.815731 1.14698
2.26765 0.917586 1.37858 0.84836 1.67726 1.9384 0.815731 0.401591 1.24058 0.627485
1.43373 1.10287 1.14698 1.14698 0.815731 0.84836 1.67726 1.14698 0.522068 1.55072
1.06045 0.17576 1.49108 0.627485 2.423 2.01594 0.627485 1.14698 1.10287 0.678688
2.09657 1.9384 0.386145 2.18044 0.627485 0.917586 0.815731 0.652585 2.72555 2.62072
1.19286 1.10287 1.86385 0.84836 1.61275 0.652585 1.06045 1.10287 1.06045 1.10287
0.371293 0.401591 0.652585 0.522068 0.371293 0.522068 0.815731 1.55072 0.84836 0.297034
0.84836 0.678688 1.9384 0.678688 0.84836 2.01594 0.401591 0.84836 1.61275 1.14698
2.51992 0.84836 0.627485 2.51992 0.627485 0.501988 0.627485 0.882294 0.627485 0.627485
0.95429 0.627485 1.79216 1.49108 0.522068 0.84836 
>categories:
0 0
>mixtureAssignment:
0 0 0 0 0 0 0 0 0 0 0 0 0 0 0 0 0 0 0 0 0 0 0 0 0 0 0 0 0 0 0 0 0 0 0 0 0 0 0 0 0 0 0 0 0 0 0 0 0 0
0 0 0 0 0 0 0 0 0 0 0 0 0 0 0 0 0 0 0 0 0 0 0 0 0 0 0 0 0 0 0 0 0 0 0 0 0 0 0 0 0 0 0 0 0 0 0 0 0 0
0 0 0 0 0 0 0 0 0 0 0 0 0 0 0 0 0 0 0 0 0 0 0 0 0 0 0 0 0 0 0 0 0 0 0 0 0 0 0 0 0 0 0 0 0 0 0 0 0 0
0 0 0 0 0 0 0 0 0 0 0 0 0 0 0 0 0 0 0 0 0 0 0 0 0 0 0 0 0 0 0 0 0 0 0 0 0 0 0 0 0 0 0 0 0 0 0 0 0 0
0 0 0 0 0 0 0 0 0 0 0 0 0 0 0 0 
>numMutationCategories:
1
>numSelectionCategories:
1
>categoryProbabilities:
1 
>selectionIsInMixture:
***
0 
>mutationIsInMixture:
***
0 
>obsPhiSets:
0
>currentSynthesisRateLevel:
***
0.806784 1.06058 0.829175 0.546257 0.00500304 0.607451 0.557244 0.431312 0.798899 0.91413
0.235168 1.45006 0.396623 0.803704 2.25395 0.937214 0.296278 0.380825 1.4104 1.13113
0.286093 0.217986 0.167541 1.46186 1.32328 0.584006 1.78234 0.140934 0.259665 0.536182
1.3898 0.269636 0.0253006 0.875231 0.111684 0.665795 0.791996 0.135856 0.639776 0.483408
0.728628 1.35897 0.288872 0.0924205 0.105101 0.1917 0.509981 0.0448552 1.90535 0.117903
0.273001 0.372734 0.677442 0.211427 0.405595 1.44016 0.424967 0.816373 0.0525457 0.203936
0.190471 0.505764 1.28755 0.451269 0.0991955 0.0590249 1.08314 0.268603 1.5854 0.370481
0.189262 0.652447 0.0499871 0.187664 0.0375742 0.361506 0.261236 0.259398 0.137725 1.6025
0.706035 1.11666 0.292325 0.375341 0.178138 0.943923 0.424742 0.599418 1.83227 0.231522
0.659914 0.0856408 0.360802 0.734909 0.0437377 0.613893 1.04661 0.530586 0.501292 0.0691416
0.405672 0.645322 1.15775 0.0970654 1.0235 0.118167 0.213641 0.856658 0.635724 0.0784665
0.112649 0.201834 0.0583519 0.389532 0.598418 1.19463 0.457726 0.367153 0.569447 1.56473
0.748476 0.894136 0.364289 0.137561 0.65207 0.269441 0.157072 0.17591 0.275637 0.507019
0.173055 0.656104 0.303621 0.716477 0.177547 0.476964 0.51782 0.663614 0.285399 0.944031
0.186332 0.243332 0.864763 0.272194 0.969067 0.587483 0.219 0.193966 0.806883 0.0769157
0.499028 1.36601 0.461868 0.392178 0.213556 0.163767 1.84911 0.320531 0.476703 0.417105
0.083619 0.317546 1.06721 0.124487 0.608982 0.507378 0.702943 0.404853 0.555474 0.169516
0.278038 0.565929 0.220999 0.377835 0.065549 0.818742 0.879583 0.718795 0.951208 0.50869
1.06055 1.13403 0.767452 1.21688 0.980385 0.845797 0.532987 0.195368 0.382569 0.880823
1.09435 0.729156 0.629714 1.3248 0.592253 0.205899 1.03655 0.488726 0.0581749 0.58921
0.0491386 1.12055 0.379785 0.0882544 0.981271 0.663103 0.35576 0.561675 0.818172 0.632367
0.185107 0.465977 0.261163 0.240624 0.249813 1.45279 
>noiseOffset:
>observedSynthesisNoise:
>std_NoiseOffset:
>mutation_prior_mean:
***
0 0 0 0 0 0 0 0 0 0
0 0 0 0 0 0 0 0 0 0
0 0 0 0 0 0 0 0 0 0
0 0 0 0 0 0 0 0 0 0
>mutation_prior_sd:
***
0.35 0.35 0.35 0.35 0.35 0.35 0.35 0.35 0.35 0.35
0.35 0.35 0.35 0.35 0.35 0.35 0.35 0.35 0.35 0.35
0.35 0.35 0.35 0.35 0.35 0.35 0.35 0.35 0.35 0.35
0.35 0.35 0.35 0.35 0.35 0.35 0.35 0.35 0.35 0.35
>std_csp:
0.064 0.064 0.064 119.253 155.029 0.13 6.65417 0.064 0.064 0.064
262 0.04096 0.04096 0.627485 0.0512 0.0512 0.0512 0.0512 0.0512 24.7065
0.064 0.064 0.064 442.779 0.032768 0.032768 0.032768 0.032768 0.032768 0.064
0.064 0.064 0.08 0.08 0.08 0.0512 0.0512 0.0512 91.7333 262
>currentMutationParameter:
***
-0.377508 0.778541 0.919611 0.89731 1.03167 -0.96067 0.431531 -0.896392 0.783987 0.624807
0.993035 0.771494 1.19958 -0.938061 0.63665 0.701336 0.718668 0.0195872 0.0217931 0.851207
-0.672175 0.663881 0.198774 -0.787828 -0.784192 0.282526 -0.611948 1.14709 0.577768 -0.504319
0.822832 0.520248 -0.459322 0.907705 0.81406 0.594903 1.1743 0.567355 0.641035 0.933895
>currentSelectionParameter:
***
1.0113 -0.390247 0.778117 -1.43819 -0.62765 1.02756 -1.2674 -0.595555 -0.286256 0.763539
-1.17796 1.52552 -1.39381 1.14001 0.266754 -0.933141 -0.276552 -0.418696 2.12024 -0.854372
-1.33951 0.17354 -0.262046 0.135844 0.826772 1.60369 1.19376 -0.254167 1.0922 0.811503
-0.621142 -0.0902306 0.913201 -0.647391 0.524745 0.781096 -0.911841 0.119017 -0.790445 -1.25077
>covarianceMatrix:
A
0.00164861	-0.00012949	0.00071828	-0.00169581	0.000173	-0.000708789	
-0.00012949	0.0017126	-0.000270771	0.000459344	-0.00118815	0.000503301	
0.00071828	-0.000270771	0.00308019	-0.000597816	0.000404607	-0.00273492	
-0.00169581	0.000459344	-0.000597816	0.00292116	-0.000423741	0.00100547	
0.000173	-0.00118815	0.000404607	-0.000423741	0.00141432	-0.000578393	
-0.000708789	0.000503301	-0.00273492	0.00100547	-0.000578393	0.00382747	
***
>covarianceMatrix:
C
0.0109389	-0.0110151	
-0.0110151	0.0235571	
***
>covarianceMatrix:
D
0.00472976	-0.0042096	
-0.0042096	0.00659863	
***
>covarianceMatrix:
E
0.00794748	-0.00860381	
-0.00860381	0.0154019	
***
>covarianceMatrix:
F
0.00492812	-0.00570919	
-0.00570919	0.0167757	
***
>covarianceMatrix:
G
0.00216645	0.00129636	0.00109922	-0.00158624	-0.000936272	-0.0012268	
0.00129636	0.00330327	0.000986095	-0.00115349	-0.00275111	-0.00128675	
0.00109922	0.000986095	0.00562233	-0.00153958	-0.0010696	-0.00631602	
-0.00158624	-0.00115349	-0.00153958	0.0026688	0.00192175	0.00220394	
-0.000936272	-0.00275111	-0.0010696	0.00192175	0.00397653	0.00200613	
-0.0012268	-0.00128675	-0.00631602	0.00220394	0.00200613	0.0103842	
***
>covarianceMatrix:
H
0.0129961	-0.0142439	
-0.0142439	0.030184	
***
>covarianceMatrix:
I
0.00517936	-0.000424215	-0.00672283	-9.32069e-05	
-0.000424215	0.00350478	-0.000314941	-0.00309454	
-0.00672283	-0.000314941	0.0189209	-0.000366676	
-9.32069e-05	-0.00309454	-0.000366676	0.00533401	
***
>covarianceMatrix:
K
0.00468041	-0.00434871	
-0.00434871	0.0118612	
***
>covarianceMatrix:
L
0.00153077	-0.000191656	0.000315707	8.82175e-05	0.000606154	-0.00178597	0.000673536	-2.75303e-05	0.000186961	-0.000943433	
-0.000191656	0.00114077	0.000143281	0.000393872	0.000144361	0.000492879	-0.00111931	4.61069e-05	-0.000405257	-0.000276174	
0.000315707	0.000143281	0.00090295	0.00016258	0.000292798	-0.000250563	-6.58002e-05	-0.00070673	-8.68557e-05	-0.000402832	
8.82175e-05	0.000393872	0.00016258	0.000680629	0.000376593	5.94741e-06	-0.000392457	-6.93785e-05	-0.000741407	-0.000440671	
0.000606154	0.000144361	0.000292798	0.000376593	0.00163913	-0.000800476	-5.71314e-05	-0.000356371	-0.000506165	-0.00209087	
-0.00178597	0.000492879	-0.000250563	5.94741e-06	-0.000800476	0.00341458	-0.00118807	0.000199907	-0.000168949	0.00181	
0.000673536	-0.00111931	-6.58002e-05	-0.000392457	-5.71314e-05	-0.00118807	0.00194213	0.000128356	0.00083007	-0.000259877	
-2.75303e-05	4.61069e-05	-0.00070673	-6.93785e-05	-0.000356371	0.000199907	0.000128356	0.00130119	0.000260561	0.000718705	
0.000186961	-0.000405257	-8.68557e-05	-0.000741407	-0.000506165	-0.000168949	0.00083007	0.000260561	0.00148941	0.000500472	
-0.000943433	-0.000276174	-0.000402832	-0.000440671	-0.00209087	0.00181	-0.000259877	0.000718705	0.000500472	0.0053834	
***
>covarianceMatrix:
N
0.00620084	-0.00666365	
-0.00666365	0.0142979	
***
>covarianceMatrix:
P
0.00305212	0.00215927	0.00216696	-0.00249824	-0.00232977	-0.0024308	
0.00215927	0.00570484	0.00182054	-0.00211115	-0.00622554	-0.00205381	
0.00216696	0.00182054	0.00418625	-0.00197778	-0.00175797	-0.00472076	
-0.00249824	-0.00211115	-0.00197778	0.00519506	0.00365648	0.00366154	
-0.00232977	-0.00622554	-0.00175797	0.00365648	0.0114266	0.00288296	
-0.0024308	-0.00205381	-0.00472076	0.00366154	0.00288296	0.00785815	
***
>covarianceMatrix:
Q
0.00739828	-0.00815502	
-0.00815502	0.0149539	
***
>covarianceMatrix:
R
0.00129182	0.00120314	0.000723578	0.000302222	0.000541361	-0.00110182	-0.00142929	-0.000622194	-0.000267178	-9.90477e-05	
0.00120314	0.00344607	0.00129401	0.000670079	0.00134824	-0.000920035	-0.00360534	-0.000994291	-0.00056864	-0.000406155	
0.000723578	0.00129401	0.00172189	0.000814469	0.000623154	-0.000358911	-0.000944313	-0.00137843	-0.000669227	0.000224417	
0.000302222	0.000670079	0.000814469	0.00272606	0.000283203	-0.000100381	-0.000306104	-0.000779443	-0.00213264	0.000233783	
0.000541361	0.00134824	0.000623154	0.000283203	0.00329725	-0.000193476	-0.00105699	-0.000129063	-0.000226664	-0.00255701	
-0.00110182	-0.000920035	-0.000358911	-0.000100381	-0.000193476	0.00172327	0.00178069	0.000571077	0.000293372	0.000299941	
-0.00142929	-0.00360534	-0.000944313	-0.000306104	-0.00105699	0.00178069	0.00698741	0.00112954	0.00034538	0.00100736	
-0.000622194	-0.000994291	-0.00137843	-0.000779443	-0.000129063	0.000571077	0.00112954	0.00184523	0.000942237	-0.000537832	
-0.000267178	-0.00056864	-0.000669227	-0.00213264	-0.000226664	0.000293372	0.00034538	0.000942237	0.00270642	-0.000185929	
-9.90477e-05	-0.000406155	0.000224417	0.000233783	-0.00255701	0.000299941	0.00100736	-0.000537832	-0.000185929	0.00386327	
***
>covarianceMatrix:
S
0.00194283	0.000564398	0.000720209	-0.00180146	-0.000444564	-0.000511705	
0.000564398	0.00347248	0.00132967	-0.000537792	-0.00330379	-0.00150283	
0.000720209	0.00132967	0.00254895	-0.000605617	-0.00134529	-0.00230712	
-0.00180146	-0.000537792	-0.000605617	0.00370349	0.000605315	0.00105965	
-0.000444564	-0.00330379	-0.00134529	0.000605315	0.00466436	0.00202013	
-0.000511705	-0.00150283	-0.00230712	0.00105965	0.00202013	0.00347605	
***
>covarianceMatrix:
T
0.0020665	0.000360616	0.000624571	-0.00168236	-0.000482083	-0.000183942	
0.000360616	0.00240334	0.000913762	-0.000588497	-0.00200587	-0.00160337	
0.000624571	0.000913762	0.0043118	-4.60309e-05	-0.00143725	-0.00454302	
-0.00168236	-0.000588497	-4.60309e-05	0.00372695	0.00036501	0.000518048	
-0.000482083	-0.00200587	-0.00143725	0.00036501	0.0036908	0.00202576	
-0.000183942	-0.00160337	-0.00454302	0.000518048	0.00202576	0.00887208	
***
>covarianceMatrix:
V
0.00321018	0.000436586	0.000832545	-0.0036041	-0.000715358	-0.000756629	
0.000436586	0.002574	0.000888752	-0.000457725	-0.0023631	-0.000931445	
0.000832545	0.000888752	0.00219596	-0.000818923	-0.0010653	-0.00245369	
-0.0036041	-0.000457725	-0.000818923	0.0065131	0.000784153	0.00125287	
-0.000715358	-0.0023631	-0.0010653	0.000784153	0.00351514	0.00154447	
-0.000756629	-0.000931445	-0.00245369	0.00125287	0.00154447	0.00379846	
***
>covarianceMatrix:
Y
0.00747471	-0.00831244	
-0.00831244	0.0158082	
***
>covarianceMatrix:
Z
0.0131812	-0.013707	
-0.013707	0.0274999	
***
