>groupList:
A C D E F G H I K L
N P Q R S T V Y Z 
>stdDevSynthesisRate:
1.3743 
>numParam:
40
>numMixtures:
1
>std_stdDevSynthesisRate:
0.1728
>std_phi:
***
0.84836 0.627485 0.678688 0.678688 3.1499 0.815731 4.09487 1.10287 1.49108 0.815731
3.93738 0.371293 3.1499 0.501988 0.308916 0.482681 2.01594 0.84836 0.371293 0.28561
2.51992 2.62072 4.09487 0.371293 0.371293 0.84836 0.386145 4.25867 1.9384 1.79216
0.627485 2.62072 3.02875 0.815731 3.2759 0.652585 0.501988 2.423 0.815731 1.43373
1.10287 0.482681 1.86385 2.62072 3.1499 1.9384 1.06045 3.2759 0.308916 1.9384
1.86385 2.423 1.10287 3.2759 0.882294 0.815731 0.84836 1.10287 3.1499 2.423
1.49108 1.10287 0.501988 1.9384 2.18044 3.1499 0.678688 1.37858 0.371293 2.01594
3.1499 1.79216 3.40693 1.37858 3.1499 1.06045 1.43373 3.1499 3.2759 0.627485
0.815731 1.10287 1.10287 1.86385 2.01594 1.06045 3.1499 1.86385 0.482681 2.18044
0.84836 3.02875 1.06045 0.297034 3.1499 0.882294 0.482681 1.19286 0.815731 3.1499
1.37858 1.10287 1.37858 2.423 0.627485 3.1499 3.2759 1.37858 3.2759 3.1499
3.1499 3.02875 3.02875 1.9384 0.652585 1.79216 1.49108 1.43373 1.55072 0.482681
0.917586 0.627485 2.01594 3.2759 0.84836 2.51992 2.51992 2.423 1.10287 1.14698
3.02875 0.882294 1.55072 1.06045 3.2759 2.423 1.06045 0.522068 1.55072 0.627485
1.79216 1.10287 1.43373 1.55072 0.84836 0.84836 2.09657 1.9384 0.627485 2.72555
1.10287 0.17576 1.86385 0.84836 3.40693 3.2759 0.652585 1.55072 1.43373 0.815731
2.62072 3.1499 0.501988 3.02875 0.678688 1.43373 1.06045 0.84836 4.09487 3.2759
1.37858 1.37858 2.62072 1.06045 2.51992 0.678688 1.49108 1.10287 1.10287 1.43373
0.371293 0.386145 0.84836 0.522068 0.371293 0.627485 1.10287 2.423 1.06045 0.308916
1.06045 0.678688 1.79216 0.678688 0.84836 2.51992 0.417654 1.10287 2.423 1.19286
3.2759 1.10287 0.815731 3.2759 0.84836 0.652585 0.815731 0.84836 0.627485 0.815731
1.49108 0.652585 2.423 2.01594 0.705835 0.882294 
>categories:
0 0
>mixtureAssignment:
0 0 0 0 0 0 0 0 0 0 0 0 0 0 0 0 0 0 0 0 0 0 0 0 0 0 0 0 0 0 0 0 0 0 0 0 0 0 0 0 0 0 0 0 0 0 0 0 0 0
0 0 0 0 0 0 0 0 0 0 0 0 0 0 0 0 0 0 0 0 0 0 0 0 0 0 0 0 0 0 0 0 0 0 0 0 0 0 0 0 0 0 0 0 0 0 0 0 0 0
0 0 0 0 0 0 0 0 0 0 0 0 0 0 0 0 0 0 0 0 0 0 0 0 0 0 0 0 0 0 0 0 0 0 0 0 0 0 0 0 0 0 0 0 0 0 0 0 0 0
0 0 0 0 0 0 0 0 0 0 0 0 0 0 0 0 0 0 0 0 0 0 0 0 0 0 0 0 0 0 0 0 0 0 0 0 0 0 0 0 0 0 0 0 0 0 0 0 0 0
0 0 0 0 0 0 0 0 0 0 0 0 0 0 0 0 
>numMutationCategories:
1
>numSelectionCategories:
1
>categoryProbabilities:
1 
>selectionIsInMixture:
***
0 
>mutationIsInMixture:
***
0 
>obsPhiSets:
0
>currentSynthesisRateLevel:
***
0.491416 0.952163 0.881027 0.300604 0.0500848 0.578197 0.40939 0.515966 0.715251 0.859352
0.111156 1.24982 0.185731 0.815512 1.87349 0.903367 0.101766 0.181016 0.867559 0.922599
0.0805734 0.37366 0.0189392 1.10654 0.93794 0.387097 1.48136 0.0474711 0.144974 0.572591
1.01519 0.331219 0.0565821 0.494212 0.0514945 0.464575 0.665532 0.129551 0.542868 0.327573
0.42404 1.04852 0.0616101 0.198872 0.0166022 0.216928 0.747516 0.047231 1.63964 0.275799
0.0403945 0.264128 0.864294 0.315396 0.404777 1.0591 0.293521 1.01163 0.0632945 0.0884871
0.187898 0.471762 0.841021 0.254274 0.0932432 0.130343 0.790412 0.322717 1.25838 0.362778
0.38796 0.51289 0.0296808 0.0899875 0.0250179 0.306847 0.294222 0.116272 0.0380586 1.44883
0.318549 0.533359 0.199922 0.18968 0.0705982 1.05359 0.201796 0.331374 1.19112 0.137569
0.329755 0.0751041 0.201395 0.58454 0.0966245 0.483332 1.03736 0.265573 0.276592 0.0566593
0.180873 0.513413 0.890072 0.243205 0.889668 0.108221 0.0448881 0.401095 0.154088 0.0702754
0.072637 0.209677 0.0176721 0.212267 0.474427 0.492476 0.208194 0.532678 0.454435 1.21906
0.945277 0.679209 0.0896433 0.0648766 0.468842 0.0542528 0.0988656 0.136871 0.145568 0.375903
0.0395163 0.369021 0.0729886 0.482562 0.120539 0.410346 0.48303 0.570652 0.122664 0.658082
0.172269 0.210122 0.849266 0.609208 0.448189 0.319566 0.257035 0.169665 0.584456 0.0513888
0.586465 0.943358 0.123319 0.276127 0.140313 0.0585692 1.1564 0.20627 0.429914 0.232996
0.0455326 0.216428 0.707483 0.0854543 0.407228 0.270295 0.791666 0.309562 0.124103 0.0246512
0.162599 0.13737 0.08907 0.193535 0.147007 0.803116 0.403879 0.227855 0.518518 0.46178
0.720584 0.85767 0.946942 0.766332 0.690344 1.05693 0.567179 0.185287 0.196414 0.716446
1.01018 0.883219 0.327443 0.886155 0.39583 0.115422 0.778227 0.32595 0.0230401 0.415574
0.0118443 0.545622 0.292037 0.0939699 0.749988 0.565077 0.250904 0.493623 0.844917 0.452506
0.0656081 0.390899 0.307976 0.0304906 0.236443 1.16136 
>noiseOffset:
>observedSynthesisNoise:
>std_NoiseOffset:
>mutation_prior_mean:
***
0 0 0 0 0 0 0 0 0 0
0 0 0 0 0 0 0 0 0 0
0 0 0 0 0 0 0 0 0 0
0 0 0 0 0 0 0 0 0 0
>mutation_prior_sd:
***
0.35 0.35 0.35 0.35 0.35 0.35 0.35 0.35 0.35 0.35
0.35 0.35 0.35 0.35 0.35 0.35 0.35 0.35 0.35 0.35
0.35 0.35 0.35 0.35 0.35 0.35 0.35 0.35 0.35 0.35
0.35 0.35 0.35 0.35 0.35 0.35 0.35 0.35 0.35 0.35
>std_csp:
0.0512 0.0512 0.0512 32.1184 54.2801 0.28561 1.37858 0.064 0.064 0.064
19.005 0.064 0.064 0.13 0.064 0.064 0.064 0.064 0.064 8.65042
0.08 0.08 0.08 54.2801 0.08 0.08 0.08 0.08 0.08 0.064
0.064 0.064 0.0209715 0.0209715 0.0209715 0.064 0.064 0.064 14.6192 19.005
>currentMutationParameter:
***
-0.297395 0.774304 0.980865 0.675267 0.978112 -0.970043 0.355263 -0.767996 0.793874 0.629028
0.778481 0.798619 1.05409 -0.91379 0.578175 0.607581 0.50629 -0.18626 0.0610617 0.741385
-0.561586 0.849644 0.331081 -0.674713 -0.829178 0.181848 -0.524217 1.17972 0.714625 -0.441288
0.828419 0.418777 -0.363734 0.985777 0.780418 0.537363 1.03611 0.595112 0.597598 0.916893
>currentSelectionParameter:
***
1.23101 -0.494599 0.890546 -1.48324 -0.657036 1.19304 -1.38117 -1.08828 -0.483504 1.05351
-1.16315 2.36701 -1.52994 1.57084 0.848245 -0.91495 0.106753 -0.13869 2.66557 -0.912476
-2.0884 -0.164874 -0.794371 0.0605292 1.23453 2.44812 1.38862 -0.599645 1.35041 0.699378
-0.831174 0.0659873 1.06088 -0.932017 1.01799 1.29419 -1.03111 -0.00699207 -1.03831 -1.49907
>covarianceMatrix:
A
0.00142962	0.000588395	0.000841923	-0.00145642	-0.000595373	-0.000714379	
0.000588395	0.00151785	0.000569954	-0.00043631	-0.0012817	-0.000470191	
0.000841923	0.000569954	0.0031154	0.000142801	-0.000677417	-0.00312209	
-0.00145642	-0.00043631	0.000142801	0.00366436	0.000289265	-5.2041e-05	
-0.000595373	-0.0012817	-0.000677417	0.000289265	0.00177847	0.000761252	
-0.000714379	-0.000470191	-0.00312209	-5.2041e-05	0.000761252	0.00510227	
***
>covarianceMatrix:
C
0.00847838	-0.0133495	
-0.0133495	0.0479613	
***
>covarianceMatrix:
D
0.00384506	-0.00597713	
-0.00597713	0.0210172	
***
>covarianceMatrix:
E
0.00298984	-0.00560567	
-0.00560567	0.0206373	
***
>covarianceMatrix:
F
0.0057806	-0.0105634	
-0.0105634	0.0347657	
***
>covarianceMatrix:
G
0.00217887	0.00123962	0.000743007	-0.00183839	-0.00103592	-0.000676085	
0.00123962	0.00392637	0.00101553	-0.00105962	-0.00330549	-0.000412195	
0.000743007	0.00101553	0.0049498	-0.000533093	-0.00055255	-0.00443102	
-0.00183839	-0.00105962	-0.000533093	0.00388953	0.002626	0.00140663	
-0.00103592	-0.00330549	-0.00055255	0.002626	0.00596838	0.000707809	
-0.000676085	-0.000412195	-0.00443102	0.00140663	0.000707809	0.00930654	
***
>covarianceMatrix:
H
0.0074474	-0.0143685	
-0.0143685	0.0615878	
***
>covarianceMatrix:
I
0.00384944	0.000127311	-0.00645238	-0.00091241	
0.000127311	0.00325399	-0.00225174	-0.00607606	
-0.00645238	-0.00225174	0.0493096	0.00503519	
-0.00091241	-0.00607606	0.00503519	0.027204	
***
>covarianceMatrix:
K
0.00948621	-0.00972092	
-0.00972092	0.0162235	
***
>covarianceMatrix:
L
0.00168771	0.000409707	0.000386787	0.000535858	0.000477943	-0.0019759	-0.000448639	-0.000254949	-0.000702437	-0.000569355	
0.000409707	0.00101837	0.000196041	0.000300149	0.00015172	-0.000510325	-0.000875808	-0.00012215	-0.000356913	-0.000114111	
0.000386787	0.000196041	0.000934756	0.00027561	7.80783e-05	-0.000407558	-0.000141435	-0.000711523	-0.000233122	6.54048e-06	
0.000535858	0.000300149	0.00027561	0.000914831	6.38583e-05	-0.000652489	-0.000287187	-0.000172436	-0.000967812	0.000146048	
0.000477943	0.00015172	7.80783e-05	6.38583e-05	0.00137223	-0.00047535	-5.59035e-05	-4.42915e-05	-0.000109669	-0.00166403	
-0.0019759	-0.000510325	-0.000407558	-0.000652489	-0.00047535	0.00381757	0.000986019	0.00076342	0.00128887	0.00131896	
-0.000448639	-0.000875808	-0.000141435	-0.000287187	-5.59035e-05	0.000986019	0.00135949	0.000397024	0.000627469	0.000203179	
-0.000254949	-0.00012215	-0.000711523	-0.000172436	-4.42915e-05	0.00076342	0.000397024	0.00149383	0.000467483	0.000381062	
-0.000702437	-0.000356913	-0.000233122	-0.000967812	-0.000109669	0.00128887	0.000627469	0.000467483	0.0015778	0.00013104	
-0.000569355	-0.000114111	6.54048e-06	0.000146048	-0.00166403	0.00131896	0.000203179	0.000381062	0.00013104	0.00408853	
***
>covarianceMatrix:
N
0.00343437	-0.00649764	
-0.00649764	0.0261797	
***
>covarianceMatrix:
P
0.0034401	0.0020436	0.00237879	-0.00320803	-0.002358	-0.00254157	
0.0020436	0.00593287	0.00168895	-0.00223148	-0.00703436	-0.0020985	
0.00237879	0.00168895	0.00437352	-0.00257515	-0.00219022	-0.00444441	
-0.00320803	-0.00223148	-0.00257515	0.00633507	0.00497199	0.00473098	
-0.002358	-0.00703436	-0.00219022	0.00497199	0.0165531	0.00526802	
-0.00254157	-0.0020985	-0.00444441	0.00473098	0.00526802	0.00803905	
***
>covarianceMatrix:
Q
0.00565681	-0.0102185	
-0.0102185	0.0320089	
***
>covarianceMatrix:
R
0.00172465	0.00134444	0.000828276	-0.000208148	0.00091652	-0.00128487	-0.00143639	-0.000809892	0.000571799	-0.000843322	
0.00134444	0.00354776	0.001115	-0.000338712	0.00170115	-0.00135561	-0.00381504	-0.00128362	0.00119008	-0.00157956	
0.000828276	0.001115	0.0015506	-0.000115473	0.000972274	-0.000855106	-0.0011639	-0.00135309	0.000426785	-0.000879792	
-0.000208148	-0.000338712	-0.000115473	0.00256903	-0.000743466	0.000518931	0.00115914	0.000687718	-0.00195838	0.00101905	
0.00091652	0.00170115	0.000972274	-0.000743466	0.00364916	-0.000948997	-0.00216981	-0.0013068	0.00142942	-0.00297818	
-0.00128487	-0.00135561	-0.000855106	0.000518931	-0.000948997	0.00203231	0.00186604	0.00125292	-0.000766315	0.00111833	
-0.00143639	-0.00381504	-0.0011639	0.00115914	-0.00216981	0.00186604	0.00736257	0.00197727	-0.0022145	0.0021432	
-0.000809892	-0.00128362	-0.00135309	0.000687718	-0.0013068	0.00125292	0.00197727	0.0028103	-0.000991873	0.00130041	
0.000571799	0.00119008	0.000426785	-0.00195838	0.00142942	-0.000766315	-0.0022145	-0.000991873	0.00315295	-0.00127148	
-0.000843322	-0.00157956	-0.000879792	0.00101905	-0.00297818	0.00111833	0.0021432	0.00130041	-0.00127148	0.00453129	
***
>covarianceMatrix:
S
0.00181842	0.000643414	0.000847024	-0.00197219	-0.000396485	-0.000683749	
0.000643414	0.00309134	0.00104039	-0.000868084	-0.00271522	-0.00112954	
0.000847024	0.00104039	0.00276515	-0.000946346	-0.000851069	-0.0023411	
-0.00197219	-0.000868084	-0.000946346	0.00399587	0.000922642	0.00162361	
-0.000396485	-0.00271522	-0.000851069	0.000922642	0.00389464	0.00153963	
-0.000683749	-0.00112954	-0.0023411	0.00162361	0.00153963	0.00385907	
***
>covarianceMatrix:
T
0.00109963	0.000174597	0.000643482	-0.00156059	-8.12479e-05	-0.000837754	
0.000174597	0.00171225	0.000262062	-0.000305418	-0.00183371	-0.000506126	
0.000643482	0.000262062	0.00228075	-0.0010529	-3.13475e-05	-0.00436729	
-0.00156059	-0.000305418	-0.0010529	0.00605883	0.000710788	0.00259521	
-8.12479e-05	-0.00183371	-3.13475e-05	0.000710788	0.00418733	-0.000197195	
-0.000837754	-0.000506126	-0.00436729	0.00259521	-0.000197195	0.016037	
***
>covarianceMatrix:
V
0.00249348	0.000647524	0.000697376	-0.00274239	-0.000745934	-0.000754637	
0.000647524	0.00277989	0.00133925	-0.00031399	-0.00283945	-0.00193302	
0.000697376	0.00133925	0.00254969	-0.000563497	-0.00170423	-0.00310521	
-0.00274239	-0.00031399	-0.000563497	0.00510185	0.000537578	0.000918681	
-0.000745934	-0.00283945	-0.00170423	0.000537578	0.0045832	0.00303919	
-0.000754637	-0.00193302	-0.00310521	0.000918681	0.00303919	0.00534128	
***
>covarianceMatrix:
Y
0.00535383	-0.0104081	
-0.0104081	0.0438542	
***
>covarianceMatrix:
Z
0.00815954	-0.0169881	
-0.0169881	0.0729857	
***
