>groupList:
A C D E F G H I K L
N P Q R S T V Y Z 
>stdDevSynthesisRate:
0.589502 
>numParam:
40
>numMixtures:
1
>std_stdDevSynthesisRate:
0.12
>std_phi:
***
0.228488 0.652585 0.815731 0.482681 0.627485 1.37858 1.06045 0.627485 1.37858 0.815731
0.501988 1.06045 0.501988 0.297034 1.37858 0.371293 1.06045 1.37858 1.06045 0.815731
1.37858 0.371293 1.37858 1.06045 1.06045 0.297034 1.06045 1.37858 0.371293 1.37858
0.627485 1.37858 0.815731 0.627485 0.28561 0.627485 1.37858 1.37858 0.627485 1.06045
1.06045 1.37858 1.06045 0.28561 1.06045 0.627485 0.297034 1.37858 0.627485 0.652585
0.228488 0.28561 0.482681 0.815731 1.37858 1.37858 1.37858 1.06045 1.06045 1.37858
1.06045 0.815731 1.06045 0.627485 0.815731 0.308916 1.37858 1.37858 1.37858 0.627485
1.06045 0.627485 0.482681 0.371293 0.482681 1.37858 1.06045 0.627485 1.06045 1.06045
1.37858 1.06045 1.06045 1.06045 0.815731 1.06045 1.37858 0.627485 1.06045 1.37858
1.37858 1.06045 0.815731 1.37858 0.627485 1.06045 0.28561 0.297034 1.06045 1.06045
0.815731 0.815731 0.627485 0.815731 0.371293 1.06045 0.371293 0.815731 1.37858 1.06045
0.815731 0.815731 1.06045 1.37858 1.06045 1.06045 0.482681 0.815731 1.37858 1.37858
1.37858 1.06045 1.37858 0.815731 1.37858 1.37858 0.815731 0.627485 1.06045 1.37858
0.482681 0.627485 1.06045 0.815731 0.627485 1.06045 1.06045 1.06045 1.06045 0.386145
0.652585 1.37858 1.06045 0.815731 1.06045 1.06045 1.37858 1.06045 0.627485 1.06045
0.627485 0.482681 0.815731 1.06045 0.627485 0.627485 0.815731 0.627485 0.815731 1.06045
0.482681 0.371293 0.815731 0.815731 1.37858 0.815731 1.06045 1.06045 0.627485 1.06045
1.37858 1.06045 1.06045 0.815731 0.627485 0.815731 0.815731 0.815731 1.06045 0.627485
1.06045 1.06045 0.815731 1.37858 0.815731 0.815731 1.06045 0.501988 0.627485 0.815731
1.06045 1.06045 0.371293 1.06045 0.627485 0.501988 1.06045 0.501988 0.815731 1.06045
0.815731 1.06045 0.815731 1.06045 1.37858 1.06045 1.37858 0.815731 0.815731 0.815731
0.815731 1.37858 1.37858 0.815731 0.815731 1.06045 0.501988 1.06045 0.815731 1.37858
0.815731 0.371293 0.297034 0.815731 0.482681 1.06045 0.627485 0.371293 0.652585 0.815731
1.06045 1.06045 0.815731 0.815731 0.386145 1.06045 1.06045 0.815731 1.37858 1.06045
1.37858 0.815731 1.06045 0.815731 0.815731 0.815731 1.06045 0.371293 0.815731 1.37858
0.815731 1.37858 0.627485 0.627485 0.815731 1.06045 1.06045 1.06045 1.06045 1.06045
0.815731 0.627485 1.37858 1.37858 1.37858 1.06045 0.627485 1.06045 0.815731 0.627485
0.815731 1.06045 1.37858 1.37858 1.06045 0.815731 1.37858 0.482681 0.627485 1.37858
0.815731 0.627485 0.627485 0.815731 0.815731 1.06045 1.06045 1.06045 0.627485 1.06045
1.37858 0.815731 0.627485 0.815731 0.815731 0.815731 1.06045 0.627485 1.37858 1.06045
0.815731 0.815731 1.06045 1.37858 1.06045 0.627485 0.815731 1.06045 0.84836 0.815731
0.815731 0.815731 0.815731 1.37858 0.815731 0.482681 0.815731 0.815731 1.06045 1.37858
1.06045 0.627485 0.627485 1.06045 0.627485 0.815731 0.482681 1.06045 0.815731 0.627485
0.371293 0.815731 0.501988 1.06045 0.482681 1.06045 1.06045 1.06045 1.37858 1.06045
1.06045 1.06045 1.37858 1.37858 1.37858 1.06045 1.06045 0.815731 1.06045 0.815731
1.06045 0.815731 0.815731 1.06045 1.06045 0.501988 1.06045 1.06045 0.815731 1.06045
0.815731 0.815731 1.06045 1.06045 0.815731 1.06045 0.815731 1.06045 0.815731 0.815731
0.815731 1.06045 1.37858 0.815731 0.386145 0.815731 0.482681 0.482681 1.37858 0.815731
1.37858 0.627485 0.815731 1.37858 1.06045 0.627485 1.06045 1.06045 1.06045 0.627485
1.06045 0.482681 1.37858 1.37858 0.28561 0.501988 0.627485 0.2197 0.815731 1.37858
0.652585 1.06045 0.815731 0.815731 1.06045 1.06045 0.627485 0.815731 0.627485 1.06045
0.84836 1.06045 0.815731 0.652585 0.815731 0.815731 0.371293 0.627485 1.37858 0.815731
0.815731 1.06045 0.482681 1.06045 1.06045 1.06045 0.627485 0.815731 0.482681 1.37858
1.06045 1.06045 0.815731 1.06045 0.627485 0.815731 0.815731 1.37858 0.482681 0.815731
0.482681 1.37858 1.37858 0.815731 1.37858 1.06045 0.627485 0.815731 1.06045 1.37858
1.37858 0.815731 1.06045 1.06045 0.815731 1.06045 1.37858 0.815731 1.06045 1.37858
0.815731 0.815731 1.37858 1.06045 0.482681 0.815731 0.482681 1.06045 1.06045 0.815731
0.501988 1.37858 1.06045 1.06045 1.06045 0.815731 0.815731 1.37858 1.37858 0.627485
1.06045 0.627485 1.37858 1.37858 1.37858 1.37858 0.815731 0.627485 0.815731 0.627485
0.815731 0.84836 0.815731 0.815731 0.815731 0.482681 1.06045 1.06045 0.501988 1.06045
1.06045 0.482681 1.37858 1.37858 1.37858 0.815731 1.06045 1.06045 1.06045 0.815731
0.482681 0.627485 0.815731 0.627485 0.627485 1.06045 1.06045 1.06045 1.06045 0.815731
0.815731 0.815731 0.627485 0.482681 1.06045 0.815731 0.482681 0.815731 0.815731 1.06045
1.06045 1.06045 1.37858 0.815731 1.06045 0.815731 0.815731 1.06045 0.627485 1.06045
0.482681 1.06045 0.627485 1.37858 0.627485 1.06045 0.482681 0.815731 1.37858 1.37858
1.37858 1.06045 1.37858 1.06045 1.37858 0.627485 1.37858 0.627485 0.482681 1.06045
0.815731 0.815731 0.815731 0.815731 0.482681 0.815731 0.815731 1.37858 0.815731 1.06045
1.06045 0.815731 1.37858 1.06045 0.815731 1.06045 0.815731 0.815731 0.815731 0.652585
1.37858 0.627485 1.06045 1.06045 0.815731 1.37858 1.06045 0.371293 1.06045 1.37858
1.06045 1.37858 1.37858 0.482681 0.815731 0.815731 1.06045 1.06045 0.482681 0.627485
0.815731 0.815731 0.815731 1.06045 1.06045 0.627485 1.37858 1.37858 0.652585 1.06045
1.37858 0.627485 1.06045 1.06045 0.815731 1.06045 0.815731 1.37858 1.06045 1.06045
1.06045 1.06045 1.06045 0.627485 1.06045 0.815731 1.06045 0.627485 0.371293 1.06045
1.37858 0.815731 1.06045 0.815731 1.37858 0.627485 0.84836 1.37858 1.06045 1.06045
1.37858 0.815731 1.06045 1.06045 0.652585 1.37858 0.815731 0.815731 1.06045 0.815731
1.06045 0.627485 1.06045 1.06045 0.815731 0.815731 0.815731 1.37858 0.652585 0.815731
1.06045 1.06045 0.627485 1.06045 1.06045 1.06045 1.06045 1.06045 1.37858 0.815731
0.815731 0.815731 1.06045 1.06045 1.06045 1.37858 1.06045 0.386145 0.627485 0.815731
0.815731 0.482681 0.371293 1.06045 0.482681 1.06045 0.815731 1.06045 1.37858 1.37858
1.37858 1.06045 1.06045 0.627485 0.815731 0.627485 0.482681 0.627485 1.37858 1.06045
0.627485 1.06045 1.06045 0.815731 1.06045 0.815731 1.37858 1.37858 1.06045 0.501988
1.37858 0.815731 0.627485 1.37858 1.06045 1.37858 1.06045 1.06045 1.06045 1.06045
0.501988 1.06045 1.06045 0.815731 0.815731 1.37858 0.627485 0.652585 0.627485 0.815731
1.06045 0.815731 0.815731 0.627485 0.815731 0.815731 1.37858 0.815731 0.627485 0.815731
1.37858 0.815731 
>categories:
0 0
>mixtureAssignment:
0 0 0 0 0 0 0 0 0 0 0 0 0 0 0 0 0 0 0 0 0 0 0 0 0 0 0 0 0 0 0 0 0 0 0 0 0 0 0 0 0 0 0 0 0 0 0 0 0 0
0 0 0 0 0 0 0 0 0 0 0 0 0 0 0 0 0 0 0 0 0 0 0 0 0 0 0 0 0 0 0 0 0 0 0 0 0 0 0 0 0 0 0 0 0 0 0 0 0 0
0 0 0 0 0 0 0 0 0 0 0 0 0 0 0 0 0 0 0 0 0 0 0 0 0 0 0 0 0 0 0 0 0 0 0 0 0 0 0 0 0 0 0 0 0 0 0 0 0 0
0 0 0 0 0 0 0 0 0 0 0 0 0 0 0 0 0 0 0 0 0 0 0 0 0 0 0 0 0 0 0 0 0 0 0 0 0 0 0 0 0 0 0 0 0 0 0 0 0 0
0 0 0 0 0 0 0 0 0 0 0 0 0 0 0 0 0 0 0 0 0 0 0 0 0 0 0 0 0 0 0 0 0 0 0 0 0 0 0 0 0 0 0 0 0 0 0 0 0 0
0 0 0 0 0 0 0 0 0 0 0 0 0 0 0 0 0 0 0 0 0 0 0 0 0 0 0 0 0 0 0 0 0 0 0 0 0 0 0 0 0 0 0 0 0 0 0 0 0 0
0 0 0 0 0 0 0 0 0 0 0 0 0 0 0 0 0 0 0 0 0 0 0 0 0 0 0 0 0 0 0 0 0 0 0 0 0 0 0 0 0 0 0 0 0 0 0 0 0 0
0 0 0 0 0 0 0 0 0 0 0 0 0 0 0 0 0 0 0 0 0 0 0 0 0 0 0 0 0 0 0 0 0 0 0 0 0 0 0 0 0 0 0 0 0 0 0 0 0 0
0 0 0 0 0 0 0 0 0 0 0 0 0 0 0 0 0 0 0 0 0 0 0 0 0 0 0 0 0 0 0 0 0 0 0 0 0 0 0 0 0 0 0 0 0 0 0 0 0 0
0 0 0 0 0 0 0 0 0 0 0 0 0 0 0 0 0 0 0 0 0 0 0 0 0 0 0 0 0 0 0 0 0 0 0 0 0 0 0 0 0 0 0 0 0 0 0 0 0 0
0 0 0 0 0 0 0 0 0 0 0 0 0 0 0 0 0 0 0 0 0 0 0 0 0 0 0 0 0 0 0 0 0 0 0 0 0 0 0 0 0 0 0 0 0 0 0 0 0 0
0 0 0 0 0 0 0 0 0 0 0 0 0 0 0 0 0 0 0 0 0 0 0 0 0 0 0 0 0 0 0 0 0 0 0 0 0 0 0 0 0 0 0 0 0 0 0 0 0 0
0 0 0 0 0 0 0 0 0 0 0 0 0 0 0 0 0 0 0 0 0 0 0 0 0 0 0 0 0 0 0 0 0 0 0 0 0 0 0 0 0 0 0 0 0 0 0 0 0 0
0 0 0 0 0 0 0 0 0 0 0 0 0 0 0 0 0 0 0 0 0 0 0 0 0 0 0 0 0 0 0 0 0 0 0 0 0 0 0 0 0 0 0 0 0 0 0 0 0 0
0 0 0 0 0 0 0 0 0 0 0 0 0 0 0 0 0 0 0 0 0 0 0 0 0 0 0 0 0 0 0 0 0 0 0 0 0 0 0 0 0 0 
>numMutationCategories:
1
>numSelectionCategories:
1
>categoryProbabilities:
1 
>selectionIsInMixture:
***
0 
>mutationIsInMixture:
***
0 
>obsPhiSets:
0
>currentSynthesisRateLevel:
***
1.78021 2.19746 2.06136 1.24808 1.87323 2.00834 0.668927 2.33859 1.29718 1.67964
1.87604 1.57921 1.8292 5.23167 0.88344 3.49696 1.56647 0.576294 0.503736 0.610211
0.522757 2.39258 0.574265 1.29764 1.16178 2.76058 1.3974 0.541009 3.17992 1.02801
1.52242 1.42096 0.995091 1.12732 3.1851 1.51649 0.338399 0.821628 0.924434 0.611904
0.391799 0.415947 0.714282 2.70106 2.20276 1.87934 2.95576 0.590332 1.40114 0.929558
2.60536 3.74164 2.36163 1.68221 0.457887 0.663728 0.801364 0.598674 0.579781 0.665776
0.289833 0.62419 1.51212 1.00226 1.37699 1.71942 1.47578 1.17355 0.566071 1.64235
0.721187 1.09803 1.63748 2.51172 1.75249 0.304181 0.817422 1.41055 0.486982 0.522775
1.24593 0.472485 0.989589 0.669198 0.722656 0.763702 0.852851 1.17691 1.40183 1.15042
0.19357 0.264162 0.92806 0.357416 1.16088 0.461999 4.24191 3.38608 1.81838 0.471386
1.15709 0.738215 1.13392 0.653255 1.23368 0.303445 3.27773 0.552388 0.38387 0.65718
1.15958 0.996675 0.783046 0.977804 0.394982 1.21743 1.49115 0.847124 0.390004 0.252485
0.473771 0.663106 0.536087 0.97084 0.175937 1.19773 0.938991 1.84054 0.595606 0.933403
1.58949 0.830558 0.788264 1.24277 1.01191 0.823784 0.631316 0.529786 0.584115 2.1066
0.632313 1.71988 0.911965 0.976456 0.673116 0.388882 0.751454 0.469821 1.0885 1.2472
1.47244 1.82627 0.182667 1.11437 0.902449 1.05018 0.536336 0.615514 0.580481 0.205174
2.09666 1.09482 0.657267 1.05553 0.392484 0.823013 0.26561 0.226788 1.2 0.278088
0.374815 1.21382 0.736854 1.11086 0.814172 0.662268 0.904894 0.724182 0.584682 1.06248
0.50861 0.421596 0.702375 0.433647 2.32182 0.955301 0.523931 0.85988 0.784974 0.600975
0.295489 0.251314 1.75337 0.39185 2.56536 1.15549 1.483 1.55062 0.6704 0.706812
0.925332 0.755817 0.857894 0.333264 0.490325 0.434622 0.525903 2.65833 0.702759 0.626969
1.0674 1.20459 1.38538 1.0939 0.924403 1.52208 1.50345 1.02411 0.793355 0.55537
0.763923 2.53226 2.95178 0.833625 2.16023 0.383655 0.702545 2.83513 0.882197 0.515674
0.387057 0.457877 1.45286 0.741037 2.69282 0.743072 0.467088 0.73808 0.688757 0.562829
0.602611 0.760623 0.482227 0.830975 1.28772 0.480327 0.365076 2.31868 0.906197 0.68421
1.29081 0.385078 1.87054 0.636175 0.7813 0.533166 0.751304 0.236771 1.82702 0.568103
0.348444 1.34282 0.837118 0.379017 0.608386 0.297012 0.889718 0.858187 0.847799 1.63314
0.539437 0.826541 0.541525 0.296329 0.390822 0.667754 0.244716 2.6025 1.97394 0.51251
0.632403 1.12498 1.20616 0.625497 0.552119 0.758608 0.60364 1.18562 1.41548 0.412301
0.331947 0.768959 0.957621 1.53171 0.42839 0.638765 0.793016 1.12098 1.14599 0.587283
0.706809 1.22719 0.598017 0.360252 0.506473 0.714859 0.641231 0.694617 0.781454 0.320006
0.623219 0.800167 0.660169 1.39322 0.947203 3.33507 0.472084 1.28145 0.603457 0.503268
1.0902 0.982206 0.951743 1.12499 0.843608 0.441514 1.15706 0.215378 0.439963 2.64447
3.90547 0.41761 1.06658 0.50391 1.98455 0.347868 1.2242 0.690431 0.615617 0.458955
0.595059 0.607382 0.994427 0.480437 0.200936 0.462709 0.446848 0.620305 0.457979 1.40881
0.523874 1.00216 1.48881 0.620908 0.31634 1.23042 0.812546 0.4715 0.62067 0.822908
0.550535 1.19306 1.055 0.679349 0.962055 0.676247 0.950309 0.729851 1.83832 0.536609
1.09217 1.45756 0.686998 1.04269 2.63792 0.504699 1.3869 0.967239 0.44951 0.775408
1.66175 1.06476 0.645961 0.628336 0.588407 2.0173 0.693323 0.789163 0.881468 0.907549
0.67612 1.09516 0.358749 0.4456 2.45686 1.43681 2.62363 1.76562 1.12094 0.923644
0.888277 0.372416 1.16328 1.07231 0.586459 0.47819 1.41899 0.525246 1.33026 1.13951
0.437138 0.51333 0.8863 2.34531 0.808464 0.51588 1.68018 0.857774 0.603307 0.812567
1.03801 0.420834 1.899 0.554589 0.492776 0.76538 1.14256 1.16403 1.20408 0.6356
0.756253 0.552856 0.724158 0.260185 1.19888 1.28085 0.836139 0.685712 1.72355 0.606694
1.86803 0.569736 0.459361 0.67071 0.364538 0.327689 1.02915 0.637817 0.706444 0.738607
0.401335 1.39633 1.41144 0.610708 0.874656 0.692665 1.28995 0.965937 0.273347 0.422409
0.556231 2.22088 0.405246 0.591459 1.49074 0.957971 1.73101 0.476545 1.05531 0.540616
0.954871 0.626566 0.241752 0.491302 0.443602 0.591357 2.60366 0.634047 1.02768 0.663804
0.389517 0.933382 0.422537 1.07074 0.623972 0.683 1.12405 1.16848 1.35765 0.840818
0.642734 0.434912 0.519956 0.964148 1.02183 1.06949 0.501665 0.531648 1.04241 0.70384
1.29823 1.27701 0.349161 0.756504 0.438082 1.76811 0.908664 0.410392 0.58993 0.842864
1.22647 0.940796 1.12712 1.36424 0.477907 0.335011 0.2528 0.554378 0.417419 0.893263
0.588728 1.00294 1.45718 1.55366 0.421622 0.747496 1.11427 0.750534 1.0157 0.515062
0.493442 1.68691 0.431093 3.24633 0.899055 0.641272 0.760603 0.764563 1.0192 0.354116
1.89554 0.300944 1.59999 0.74784 0.623941 0.273277 0.890973 0.749195 0.762391 0.433218
0.684397 1.07819 0.599169 0.715397 0.197566 1.09881 0.313303 1.04782 1.52126 1.05062
1.46718 0.982215 0.633445 0.860057 0.954596 1.01446 0.840275 0.462762 0.630139 0.796833
0.978863 0.917114 0.38182 0.84569 0.57722 0.470739 0.675617 0.90433 0.928056 0.63418
0.200521 0.79698 0.641751 0.61491 1.06091 0.422079 0.892452 1.87634 0.645522 0.716998
0.466802 0.896491 0.457531 1.20646 0.607716 2.02828 0.181833 1.53414 1.73132 0.768633
0.7049 0.780443 0.974684 0.800443 0.918483 0.895006 0.894109 0.594207 0.885424 0.856914
0.263489 1.10974 0.668392 0.528015 0.589256 0.531749 1.05884 0.314321 0.453491 0.52533
0.626534 0.228717 0.265123 0.766617 0.538133 0.542401 0.49817 0.887289 2.56512 0.72801
0.726269 0.615541 0.42168 1.16255 0.608415 0.98664 0.671567 0.683606 0.384671 0.535883
0.509956 1.17658 0.724458 0.901374 1.03216 0.619512 0.589311 0.535984 1.00669 0.391667
0.541886 1.31844 0.664631 0.591822 0.844481 0.532863 0.900933 0.437686 1.83313 0.542117
1.02036 0.376778 1.7072 0.974217 0.573967 0.283055 0.500652 0.565695 0.438434 1.88509
1.25484 0.842281 0.707575 0.53382 0.733126 1.3688 0.880062 1.76662 1.46518 1.06936
0.779702 1.52412 1.8149 0.418187 2.94879 0.357103 1.0304 0.529778 0.422632 1.75014
0.399312 1.23409 0.68392 2.29958 0.787039 0.671711 1.24982 1.29757 0.805544 1.13349
1.86095 0.648194 0.365624 0.967763 0.643589 0.786839 0.458355 0.23244 0.357497 1.29949
0.296756 1.71507 1.11586 1.14092 0.787498 1.2223 1.03634 0.593538 0.274388 1.15439
1.76972 0.919393 0.73263 0.67399 1.06633 0.494389 1.18119 2.02624 1.16541 1.1678
0.362867 1.54107 1.08796 2.09105 0.749045 0.705852 0.319808 0.80555 1.44002 0.737933
0.555663 1.24888 
>noiseOffset:
>observedSynthesisNoise:
>std_NoiseOffset:
>mutation_prior_mean:
***
0 0 0 0 0 0 0 0 0 0
0 0 0 0 0 0 0 0 0 0
0 0 0 0 0 0 0 0 0 0
0 0 0 0 0 0 0 0 0 0
>mutation_prior_sd:
***
0.35 0.35 0.35 0.35 0.35 0.35 0.35 0.35 0.35 0.35
0.35 0.35 0.35 0.35 0.35 0.35 0.35 0.35 0.35 0.35
0.35 0.35 0.35 0.35 0.35 0.35 0.35 0.35 0.35 0.35
0.35 0.35 0.35 0.35 0.35 0.35 0.35 0.35 0.35 0.35
>std_csp:
0.0512 0.0512 0.0512 0.12 0.1 0.1 0.1 0.04096 0.04096 0.04096
0.144 0.0512 0.0512 0.1 0.0107374 0.0107374 0.0107374 0.0107374 0.0107374 0.1
0.0512 0.0512 0.0512 0.1 0.0107374 0.0107374 0.0107374 0.0107374 0.0107374 0.0512
0.0512 0.0512 0.0512 0.0512 0.0512 0.0512 0.0512 0.0512 0.1 0.1728
>currentMutationParameter:
***
-0.53499 0.877775 0.793889 0.589244 1.00791 -1.1637 0.958457 -0.537516 0.603479 0.653313
1.0702 0.2424 1.35953 -1.45716 0.445923 1.00456 0.771978 0.197891 -0.476561 0.871513
-0.318581 0.860805 0.258905 -0.915215 -1.22984 -0.0420376 -0.932514 0.828106 -0.159264 -0.399326
0.815667 0.66391 -0.385865 1.16257 0.819419 0.423841 1.14743 0.727541 0.887426 0.765807
>currentSelectionParameter:
***
0.511692 -0.187668 0.362133 -0.364295 -0.248444 0.456977 -0.801411 -0.491006 -0.0943893 0.184401
-0.556619 0.775633 -0.715092 0.770263 0.275944 -0.511988 -0.271009 -0.257737 1.1202 -0.406201
-0.690318 -0.0782166 -0.0676686 0.0910846 0.493461 0.795677 0.655678 -0.025448 0.862166 0.242336
-0.343828 -0.0797392 0.415372 -0.430011 0.303657 0.512993 -0.385006 -0.107755 -0.609993 -0.398943
>covarianceMatrix:
A
0.000697685	0.000240731	0.000166693	-0.000262997	-3.30871e-05	7.3457e-05	
0.000240731	0.00114256	0.000325693	-0.000154699	-0.000381734	-0.000473827	
0.000166693	0.000325693	0.00121408	6.37588e-05	-0.000189436	-0.000609032	
-0.000262997	-0.000154699	6.37588e-05	0.000684024	2.70379e-05	3.35866e-05	
-3.30871e-05	-0.000381734	-0.000189436	2.70379e-05	0.000566106	0.000359192	
7.3457e-05	-0.000473827	-0.000609032	3.35866e-05	0.000359192	0.00166583	
***
>covarianceMatrix:
C
0.003	0	
0	0.003	
***
>covarianceMatrix:
D
0.0025	0	
0	0.0025	
***
>covarianceMatrix:
E
0.0025	0	
0	0.0025	
***
>covarianceMatrix:
F
0.0025	0	
0	0.0025	
***
>covarianceMatrix:
G
0.000834161	0.000540251	0.000405187	-0.000363022	-0.000339156	-0.000294034	
0.000540251	0.00180304	0.000803653	-0.000256758	-0.000908869	-0.000546845	
0.000405187	0.000803653	0.00197819	-0.000264052	-0.000424293	-0.00126056	
-0.000363022	-0.000256758	-0.000264052	0.000602025	0.000376591	0.000379472	
-0.000339156	-0.000908869	-0.000424293	0.000376591	0.0010503	0.000576506	
-0.000294034	-0.000546845	-0.00126056	0.000379472	0.000576506	0.00180103	
***
>covarianceMatrix:
H
0.0036	0	
0	0.0036	
***
>covarianceMatrix:
I
0.000903795	-0.000284452	-0.00077394	0.000249315	
-0.000284452	0.0013222	0.000533446	-0.00106483	
-0.00077394	0.000533446	0.00189984	-0.00061	
0.000249315	-0.00106483	-0.00061	0.00183388	
***
>covarianceMatrix:
K
0.0025	0	
0	0.0025	
***
>covarianceMatrix:
L
0.00173317	0.000205208	0.000296961	0.000152298	0.00108849	-0.00166991	-0.000427924	-0.000318135	-0.000219141	-0.000708948	
0.000205208	0.000911398	0.00028223	0.000301937	8.18513e-05	-0.000125967	-0.0006575	-0.00015132	-0.000163952	3.60018e-05	
0.000296961	0.00028223	0.00084635	0.000176848	0.000377992	-0.000305236	-0.000263044	-0.000696928	-0.000191649	-0.000268524	
0.000152298	0.000301937	0.000176848	0.000507512	0.000265626	-3.31022e-05	-0.000225234	-2.18284e-05	-0.000287365	-8.30079e-05	
0.00108849	8.18513e-05	0.000377992	0.000265626	0.00214325	-0.0010836	-8.65953e-05	-0.000289683	-0.000197669	-0.00158937	
-0.00166991	-0.000125967	-0.000305236	-3.31022e-05	-0.0010836	0.00203065	0.000520068	0.000421287	0.000230398	0.000872943	
-0.000427924	-0.0006575	-0.000263044	-0.000225234	-8.65953e-05	0.000520068	0.00086649	0.000284545	0.000223647	-5.39125e-05	
-0.000318135	-0.00015132	-0.000696928	-2.18284e-05	-0.000289683	0.000421287	0.000284545	0.000853584	0.000152678	0.000222409	
-0.000219141	-0.000163952	-0.000191649	-0.000287365	-0.000197669	0.000230398	0.000223647	0.000152678	0.000306343	0.000102718	
-0.000708948	3.60018e-05	-0.000268524	-8.30079e-05	-0.00158937	0.000872943	-5.39125e-05	0.000222409	0.000102718	0.00206939	
***
>covarianceMatrix:
N
0.0025	0	
0	0.0025	
***
>covarianceMatrix:
P
0.000898318	0.0005659	0.000447914	-0.000375383	-0.000382043	-0.000401097	
0.0005659	0.00189031	0.000637271	-0.000621221	-0.00116099	-0.000748102	
0.000447914	0.000637271	0.00149993	-0.0004499	-0.000535713	-0.000969805	
-0.000375383	-0.000621221	-0.0004499	0.00101645	0.000663429	0.000713559	
-0.000382043	-0.00116099	-0.000535713	0.000663429	0.00168144	0.000856519	
-0.000401097	-0.000748102	-0.000969805	0.000713559	0.000856519	0.00171787	
***
>covarianceMatrix:
Q
0.0025	0	
0	0.0025	
***
>covarianceMatrix:
R
0.00172127	0.00130148	0.000752112	0.00105094	0.000932342	-0.0012991	-0.000848967	-0.000340927	-0.000863908	-0.000661771	
0.00130148	0.00329154	0.000432575	0.000603824	0.00180761	-0.000929397	-0.00236054	2.56558e-05	-0.000470708	-0.00159915	
0.000752112	0.000432575	0.0015405	0.000335941	0.000315963	-0.000391389	-6.31076e-06	-0.00102531	-0.000230347	0.000168063	
0.00105094	0.000603824	0.000335941	0.00452468	0.000663959	-0.000689638	-5.45368e-05	0.000390295	-0.00277745	-0.000583186	
0.000932342	0.00180761	0.000315963	0.000663959	0.00321833	-0.000796579	-0.0014933	-6.35263e-05	-0.000757178	-0.00276981	
-0.0012991	-0.000929397	-0.000391389	-0.000689638	-0.000796579	0.00143882	0.000939355	0.000372315	0.000826914	0.000928624	
-0.000848967	-0.00236054	-6.31076e-06	-5.45368e-05	-0.0014933	0.000939355	0.00293983	5.83839e-06	0.000276654	0.00186447	
-0.000340927	2.56558e-05	-0.00102531	0.000390295	-6.35263e-05	0.000372315	5.83839e-06	0.00123261	-7.35961e-05	-6.40167e-05	
-0.000863908	-0.000470708	-0.000230347	-0.00277745	-0.000757178	0.000826914	0.000276654	-7.35961e-05	0.00256036	0.000822809	
-0.000661771	-0.00159915	0.000168063	-0.000583186	-0.00276981	0.000928624	0.00186447	-6.40167e-05	0.000822809	0.00357585	
***
>covarianceMatrix:
S
0.00069141	-3.27641e-05	0.000136462	-0.000248337	0.000126148	1.04481e-05	
-3.27641e-05	0.00104671	0.000404267	0.000112014	-0.000492022	-0.000411176	
0.000136462	0.000404267	0.00119773	3.03865e-05	-0.000376332	-0.000688323	
-0.000248337	0.000112014	3.03865e-05	0.000665612	-0.00016239	-9.13376e-05	
0.000126148	-0.000492022	-0.000376332	-0.00016239	0.00104192	0.000527757	
1.04481e-05	-0.000411176	-0.000688323	-9.13376e-05	0.000527757	0.00114092	
***
>covarianceMatrix:
T
0.000758837	-7.63478e-05	8.91775e-05	-0.000386293	3.20514e-05	-6.90276e-05	
-7.63478e-05	0.00156079	0.000708872	0.000150458	-0.000811704	-0.000593459	
8.91775e-05	0.000708872	0.00165485	-5.74276e-05	-0.000549199	-0.00108647	
-0.000386293	0.000150458	-5.74276e-05	0.000938776	-5.94226e-05	0.000154153	
3.20514e-05	-0.000811704	-0.000549199	-5.94226e-05	0.00107058	0.000519751	
-6.90276e-05	-0.000593459	-0.00108647	0.000154153	0.000519751	0.00169479	
***
>covarianceMatrix:
V
0.000794561	5.8211e-05	0.000168506	-0.000460162	-1.05562e-05	-0.000116486	
5.8211e-05	0.00100662	0.000360336	0.00013213	-0.000629973	-0.000375823	
0.000168506	0.000360336	0.000963446	0.000100229	-0.000358367	-0.00057319	
-0.000460162	0.00013213	0.000100229	0.00127039	-0.000180871	-2.41053e-05	
-1.05562e-05	-0.000629973	-0.000358367	-0.000180871	0.00109385	0.000486686	
-0.000116486	-0.000375823	-0.00057319	-2.41053e-05	0.000486686	0.00108529	
***
>covarianceMatrix:
Y
0.0025	0	
0	0.0025	
***
>covarianceMatrix:
Z
0.00432	0	
0	0.00432	
***
