>groupList:
A C D E F G H I K L
N P Q R S T V Y Z 
>stdDevSynthesisRate:
0.589502 
>numParam:
40
>numMixtures:
1
>std_stdDevSynthesisRate:
0.12
>std_phi:
***
0.28561 0.652585 0.815731 0.482681 0.627485 1.06045 1.06045 0.627485 1.06045 0.815731
0.501988 1.06045 0.386145 0.297034 1.06045 0.28561 1.06045 1.06045 1.06045 0.815731
1.06045 0.371293 1.06045 1.06045 1.06045 0.371293 1.06045 1.06045 0.371293 1.06045
0.627485 1.06045 0.815731 0.627485 0.28561 0.627485 1.06045 1.06045 0.627485 1.06045
1.06045 1.06045 0.815731 0.28561 0.815731 0.627485 0.371293 1.06045 0.627485 0.652585
0.228488 0.28561 0.482681 0.627485 1.06045 1.06045 1.06045 1.06045 1.06045 1.06045
1.06045 0.815731 0.815731 0.627485 0.815731 0.386145 1.06045 1.06045 1.06045 0.627485
1.06045 0.627485 0.482681 0.371293 0.482681 1.06045 1.06045 0.627485 1.06045 0.815731
1.06045 1.06045 1.06045 1.06045 0.815731 1.06045 1.06045 0.627485 1.06045 1.06045
1.06045 1.06045 0.815731 1.06045 0.627485 0.815731 0.28561 0.297034 1.06045 1.06045
0.815731 0.815731 0.627485 0.815731 0.371293 1.06045 0.371293 0.815731 1.06045 1.06045
0.815731 0.815731 1.06045 1.06045 1.06045 1.06045 0.482681 0.815731 1.06045 1.06045
1.06045 1.06045 1.06045 0.815731 1.06045 1.06045 0.815731 0.627485 1.06045 1.06045
0.482681 0.627485 1.06045 0.815731 0.627485 1.06045 1.06045 1.06045 1.06045 0.386145
0.652585 1.06045 1.06045 0.815731 1.06045 1.06045 1.06045 1.06045 0.627485 1.06045
0.627485 0.482681 0.815731 1.06045 0.627485 0.627485 0.815731 0.627485 0.815731 1.06045
0.482681 0.371293 0.815731 0.815731 1.06045 0.815731 1.06045 1.06045 0.627485 1.06045
1.06045 1.06045 1.06045 0.815731 0.627485 0.815731 0.815731 0.815731 1.06045 0.627485
1.06045 1.06045 0.815731 1.06045 0.815731 0.815731 0.815731 0.501988 0.627485 0.815731
0.815731 1.06045 0.371293 0.815731 0.627485 0.627485 0.815731 0.501988 0.815731 1.06045
0.815731 1.06045 0.815731 1.06045 1.06045 1.06045 1.06045 0.815731 0.815731 0.815731
0.815731 1.06045 1.06045 0.815731 0.627485 1.06045 0.501988 1.06045 0.815731 1.06045
0.815731 0.371293 0.371293 0.815731 0.371293 1.06045 0.627485 0.371293 0.652585 0.815731
1.06045 1.06045 0.815731 0.815731 0.386145 1.06045 1.06045 0.815731 1.06045 1.06045
1.06045 0.815731 1.06045 0.815731 0.815731 0.815731 1.06045 0.371293 0.815731 1.06045
0.815731 1.06045 0.627485 0.627485 0.815731 0.815731 1.06045 1.06045 1.06045 1.06045
0.815731 0.627485 1.06045 1.06045 1.06045 1.06045 0.627485 1.06045 0.815731 0.627485
0.815731 1.06045 1.06045 1.06045 1.06045 0.815731 1.06045 0.371293 0.627485 1.06045
0.815731 0.627485 0.627485 0.815731 0.815731 0.815731 0.815731 1.06045 0.627485 1.06045
1.06045 0.815731 0.482681 0.815731 0.815731 0.815731 0.815731 0.627485 1.06045 1.06045
0.627485 0.815731 1.06045 1.06045 1.06045 0.627485 0.815731 1.06045 1.06045 0.815731
0.815731 0.815731 0.815731 1.06045 0.815731 0.482681 0.815731 0.815731 0.815731 1.06045
1.06045 0.627485 0.627485 0.815731 0.627485 0.815731 0.482681 1.06045 0.815731 0.627485
0.371293 0.815731 0.501988 1.06045 0.482681 1.06045 1.06045 1.06045 1.06045 1.06045
1.06045 1.06045 1.06045 1.06045 1.06045 1.06045 1.06045 0.815731 1.06045 0.815731
1.06045 0.815731 0.815731 1.06045 1.06045 0.627485 1.06045 1.06045 0.815731 1.06045
0.815731 0.815731 0.815731 1.06045 0.815731 1.06045 0.815731 1.06045 0.815731 0.815731
0.815731 1.06045 1.06045 0.815731 0.482681 0.815731 0.482681 0.482681 1.06045 0.815731
1.06045 0.627485 0.815731 1.06045 1.06045 0.627485 1.06045 1.06045 0.815731 0.627485
1.06045 0.482681 1.06045 1.06045 0.28561 0.627485 0.627485 0.2197 0.815731 1.06045
0.815731 1.06045 0.815731 0.815731 0.815731 1.06045 0.627485 0.815731 0.627485 0.815731
1.06045 0.815731 0.815731 0.815731 0.815731 0.815731 0.371293 0.627485 1.06045 0.815731
0.815731 1.06045 0.482681 0.815731 1.06045 1.06045 0.627485 0.815731 0.482681 1.06045
1.06045 1.06045 0.815731 0.815731 0.627485 0.627485 0.815731 1.06045 0.482681 0.815731
0.482681 1.06045 1.06045 0.815731 1.06045 1.06045 0.627485 0.815731 1.06045 1.06045
1.06045 0.815731 1.06045 1.06045 0.815731 0.815731 1.06045 0.815731 1.06045 1.06045
0.815731 0.815731 1.06045 1.06045 0.482681 0.815731 0.482681 1.06045 1.06045 0.815731
0.501988 1.06045 1.06045 1.06045 1.06045 0.815731 0.815731 1.06045 1.06045 0.627485
1.06045 0.627485 1.06045 1.06045 1.06045 1.06045 0.815731 0.627485 0.815731 0.627485
0.815731 1.06045 0.815731 0.815731 0.815731 0.482681 1.06045 1.06045 0.501988 0.815731
1.06045 0.482681 1.06045 1.06045 1.06045 0.815731 0.815731 1.06045 0.815731 0.815731
0.482681 0.627485 0.815731 0.627485 0.627485 1.06045 1.06045 1.06045 1.06045 0.815731
0.815731 0.815731 0.627485 0.482681 1.06045 0.815731 0.482681 0.815731 0.815731 1.06045
1.06045 1.06045 1.06045 0.815731 1.06045 0.815731 0.815731 1.06045 0.627485 0.815731
0.482681 1.06045 0.482681 1.06045 0.627485 1.06045 0.482681 0.815731 1.06045 1.06045
1.06045 1.06045 1.06045 1.06045 1.06045 0.627485 1.06045 0.627485 0.482681 0.815731
0.627485 0.815731 0.815731 0.815731 0.482681 0.815731 0.815731 1.06045 0.815731 1.06045
1.06045 0.815731 1.06045 1.06045 0.815731 1.06045 0.815731 0.815731 0.815731 0.815731
1.06045 0.627485 0.815731 0.815731 0.815731 1.06045 1.06045 0.371293 1.06045 1.06045
1.06045 1.06045 1.06045 0.482681 0.815731 0.815731 1.06045 1.06045 0.482681 0.627485
0.815731 0.815731 0.815731 0.815731 1.06045 0.627485 1.06045 1.06045 0.815731 1.06045
1.06045 0.627485 1.06045 1.06045 0.815731 1.06045 0.815731 1.06045 0.815731 1.06045
1.06045 1.06045 1.06045 0.627485 1.06045 0.815731 1.06045 0.627485 0.371293 1.06045
1.06045 0.815731 1.06045 0.627485 1.06045 0.627485 1.06045 1.06045 1.06045 1.06045
1.06045 0.627485 1.06045 1.06045 0.815731 1.06045 0.815731 0.815731 1.06045 0.815731
1.06045 0.627485 1.06045 1.06045 0.815731 0.815731 0.815731 1.06045 0.815731 0.815731
1.06045 1.06045 0.627485 1.06045 1.06045 1.06045 1.06045 1.06045 1.06045 0.627485
0.815731 0.815731 1.06045 1.06045 0.815731 1.06045 1.06045 0.482681 0.627485 0.815731
0.815731 0.482681 0.371293 1.06045 0.482681 1.06045 0.815731 1.06045 1.06045 1.06045
1.06045 1.06045 0.815731 0.627485 0.815731 0.627485 0.482681 0.627485 1.06045 1.06045
0.627485 1.06045 1.06045 0.815731 1.06045 0.815731 1.06045 1.06045 1.06045 0.501988
1.06045 0.815731 0.627485 1.06045 1.06045 1.06045 1.06045 1.06045 1.06045 1.06045
0.501988 1.06045 1.06045 0.815731 0.815731 1.06045 0.627485 0.815731 0.627485 0.815731
1.06045 0.815731 0.815731 0.627485 0.815731 0.815731 1.06045 0.815731 0.627485 0.815731
1.06045 0.815731 
>categories:
0 0
>mixtureAssignment:
0 0 0 0 0 0 0 0 0 0 0 0 0 0 0 0 0 0 0 0 0 0 0 0 0 0 0 0 0 0 0 0 0 0 0 0 0 0 0 0 0 0 0 0 0 0 0 0 0 0
0 0 0 0 0 0 0 0 0 0 0 0 0 0 0 0 0 0 0 0 0 0 0 0 0 0 0 0 0 0 0 0 0 0 0 0 0 0 0 0 0 0 0 0 0 0 0 0 0 0
0 0 0 0 0 0 0 0 0 0 0 0 0 0 0 0 0 0 0 0 0 0 0 0 0 0 0 0 0 0 0 0 0 0 0 0 0 0 0 0 0 0 0 0 0 0 0 0 0 0
0 0 0 0 0 0 0 0 0 0 0 0 0 0 0 0 0 0 0 0 0 0 0 0 0 0 0 0 0 0 0 0 0 0 0 0 0 0 0 0 0 0 0 0 0 0 0 0 0 0
0 0 0 0 0 0 0 0 0 0 0 0 0 0 0 0 0 0 0 0 0 0 0 0 0 0 0 0 0 0 0 0 0 0 0 0 0 0 0 0 0 0 0 0 0 0 0 0 0 0
0 0 0 0 0 0 0 0 0 0 0 0 0 0 0 0 0 0 0 0 0 0 0 0 0 0 0 0 0 0 0 0 0 0 0 0 0 0 0 0 0 0 0 0 0 0 0 0 0 0
0 0 0 0 0 0 0 0 0 0 0 0 0 0 0 0 0 0 0 0 0 0 0 0 0 0 0 0 0 0 0 0 0 0 0 0 0 0 0 0 0 0 0 0 0 0 0 0 0 0
0 0 0 0 0 0 0 0 0 0 0 0 0 0 0 0 0 0 0 0 0 0 0 0 0 0 0 0 0 0 0 0 0 0 0 0 0 0 0 0 0 0 0 0 0 0 0 0 0 0
0 0 0 0 0 0 0 0 0 0 0 0 0 0 0 0 0 0 0 0 0 0 0 0 0 0 0 0 0 0 0 0 0 0 0 0 0 0 0 0 0 0 0 0 0 0 0 0 0 0
0 0 0 0 0 0 0 0 0 0 0 0 0 0 0 0 0 0 0 0 0 0 0 0 0 0 0 0 0 0 0 0 0 0 0 0 0 0 0 0 0 0 0 0 0 0 0 0 0 0
0 0 0 0 0 0 0 0 0 0 0 0 0 0 0 0 0 0 0 0 0 0 0 0 0 0 0 0 0 0 0 0 0 0 0 0 0 0 0 0 0 0 0 0 0 0 0 0 0 0
0 0 0 0 0 0 0 0 0 0 0 0 0 0 0 0 0 0 0 0 0 0 0 0 0 0 0 0 0 0 0 0 0 0 0 0 0 0 0 0 0 0 0 0 0 0 0 0 0 0
0 0 0 0 0 0 0 0 0 0 0 0 0 0 0 0 0 0 0 0 0 0 0 0 0 0 0 0 0 0 0 0 0 0 0 0 0 0 0 0 0 0 0 0 0 0 0 0 0 0
0 0 0 0 0 0 0 0 0 0 0 0 0 0 0 0 0 0 0 0 0 0 0 0 0 0 0 0 0 0 0 0 0 0 0 0 0 0 0 0 0 0 0 0 0 0 0 0 0 0
0 0 0 0 0 0 0 0 0 0 0 0 0 0 0 0 0 0 0 0 0 0 0 0 0 0 0 0 0 0 0 0 0 0 0 0 0 0 0 0 0 0 
>numMutationCategories:
1
>numSelectionCategories:
1
>categoryProbabilities:
1 
>selectionIsInMixture:
***
0 
>mutationIsInMixture:
***
0 
>obsPhiSets:
0
>currentSynthesisRateLevel:
***
1.78021 2.19746 1.91956 1.24808 1.65933 0.874044 0.600215 1.90487 1.28866 1.67964
1.87604 1.57921 1.8292 4.61417 0.88344 3.49696 2.3546 0.884056 0.503736 0.610211
0.74604 2.39258 0.676513 1.29764 1.16178 2.76058 0.769564 0.541009 3.17992 1.08105
1.52242 1.42096 0.995091 1.30454 3.1851 1.51649 0.338399 0.631737 0.924434 0.593952
0.391799 0.236939 0.714282 2.70106 2.20276 1.87934 2.95576 0.590332 1.40114 0.945186
2.55779 3.74164 2.93716 1.68221 0.457887 0.663728 0.857621 0.598674 0.579781 0.665776
0.289833 0.62419 0.712708 1.00226 1.37699 1.71942 1.47578 1.17355 0.566071 1.64235
0.721187 1.09803 1.63748 2.51172 1.75249 0.383649 0.817422 1.41055 0.486982 0.522775
1.24593 0.472485 0.989589 0.669198 0.458067 0.763702 0.852851 0.990766 1.40183 1.15042
0.238444 0.264162 0.92806 0.640083 1.16088 0.461999 4.24191 3.80353 1.81838 0.471386
1.15709 0.738215 1.13392 0.653255 1.23368 0.303445 3.30737 0.552388 0.38387 0.319001
0.637847 0.996675 0.783046 0.851347 0.394982 1.09201 1.49115 0.911198 0.390004 0.211459
0.473771 0.663106 0.536087 0.97084 0.175937 0.867 0.938991 1.84054 0.595606 0.459914
1.8471 0.830558 0.788264 1.24277 1.15906 0.823784 0.631316 0.529786 1.29626 2.1066
0.649488 1.71988 0.830928 0.976456 0.618846 0.388882 0.751454 0.469821 0.680701 1.2472
1.47244 1.65118 0.361742 1.11437 1.01045 1.05018 0.505447 0.886574 0.580481 0.205174
2.09666 1.01208 0.657267 1.05553 0.392484 0.629246 0.362301 0.2249 1.2 0.278088
0.374815 1.21382 0.736854 1.11086 0.814172 0.662268 0.909853 0.724182 0.584682 1.06248
0.50861 0.421596 0.702375 0.535273 2.32182 0.955301 0.553124 1.04595 0.784974 0.600975
0.295489 0.251314 1.75596 0.39185 2.56536 1.15549 1.483 1.55062 0.6704 0.706812
0.925332 0.755817 0.857894 0.489921 0.490325 0.434622 0.525903 2.65833 0.702759 0.626969
1.0674 1.20459 1.14343 1.0939 0.619588 1.52208 1.50345 1.02411 0.56908 0.55537
0.763923 2.53226 2.9315 0.816383 2.22654 0.383655 0.639962 2.83513 1.07465 0.515674
0.387057 0.503201 1.03046 0.741037 2.69282 0.394163 0.805173 0.73808 0.688757 0.562829
0.602611 0.767028 0.300504 0.867517 1.28772 0.480327 0.365076 2.31868 0.906197 0.786592
1.29081 0.385078 2.32227 0.636175 0.7813 0.384174 0.783035 0.264397 1.60705 0.502346
0.348444 1.34282 0.837118 0.379017 0.608386 0.297012 1.11746 0.858187 1.00185 1.67201
0.539437 0.826541 0.541525 0.296329 0.390822 0.667754 0.244716 2.6025 1.97394 0.528065
0.632403 1.12498 1.20616 0.625497 0.552119 0.758608 0.471546 1.61419 1.41548 0.412301
0.397119 0.768959 0.957621 1.53171 0.42839 1.22609 0.793016 1.01184 0.64579 0.587283
0.706809 1.22719 0.598017 0.360252 0.506473 0.714859 0.715923 0.694617 0.781454 0.541036
0.62234 0.800167 0.660169 1.39322 0.947203 3.33507 0.472084 1.28145 0.482754 0.58847
0.892076 0.982206 0.951743 1.39909 0.919667 0.441514 1.15706 0.215378 0.439963 2.64447
3.90547 0.709876 1.04224 0.50391 1.98455 0.347868 1.2242 0.690431 0.55971 0.458955
0.595059 0.607382 0.898692 0.480437 0.79909 0.648295 0.446848 0.620305 0.612463 1.82433
0.523874 0.468217 1.48881 0.859474 0.310906 1.23042 0.812546 0.4715 0.62067 0.822908
0.586375 1.19306 1.055 0.679349 0.962055 0.676247 0.776366 0.429741 1.83832 0.536609
1.28774 1.45756 0.686998 1.14287 2.63792 0.504699 1.3869 0.871936 0.44951 0.775408
1.12716 1.06476 0.645961 0.628336 0.588407 2.0173 0.470601 0.653747 0.881468 0.907549
0.818418 1.09516 0.415658 0.4456 2.45686 1.43681 2.8025 1.76562 1.62752 0.944184
0.888277 0.372416 0.794291 1.07231 0.586459 0.283695 1.41899 0.525246 1.3926 1.13951
0.437138 0.51333 0.8863 2.34531 0.677307 0.51588 1.68018 0.857774 0.603307 0.812567
1.03801 0.420834 1.899 0.554589 0.50508 0.570724 1.14256 0.865181 1.20408 0.6356
0.695517 0.295533 0.724158 0.260185 1.19888 0.990325 0.836139 0.685712 1.72355 0.606694
1.86803 0.775202 0.368724 0.67071 0.209093 0.327689 1.02915 0.637817 0.706444 0.694547
0.269509 1.39633 1.41144 0.610708 0.874656 0.689771 1.48092 0.965937 0.525516 0.303492
0.792739 1.71877 0.405246 0.591459 1.49734 0.884686 1.73101 0.476545 1.05531 0.538089
1.0083 0.626566 0.241752 0.516542 0.443602 0.417085 2.60366 0.634047 1.02768 0.910603
0.389517 0.825848 0.528975 1.53361 0.533774 1.68421 1.12405 1.64058 1.35765 0.840818
0.642734 0.434912 0.519956 0.694292 1.02183 1.06949 0.501665 0.531648 1.04241 0.70384
0.812196 1.27701 0.349161 0.634196 0.438082 1.76811 0.908664 0.46593 0.58993 0.715229
1.55802 0.940796 0.915708 1.36424 0.513722 0.335011 0.15608 0.554378 0.417419 0.893263
0.833943 1.00955 1.05858 1.55366 0.411584 0.747496 1.11427 0.750534 1.0157 0.515062
0.362316 1.68691 0.25301 3.24633 0.899055 0.641272 0.699926 0.699201 1.0192 0.267517
1.89554 0.300944 1.29447 0.74784 0.486896 0.273277 1.39355 0.615911 0.762391 0.320213
0.642414 1.07819 0.541335 0.384647 0.296854 1.09881 0.502201 1.04782 1.52126 1.05062
1.46718 0.982215 0.633445 0.860057 0.954596 1.01446 0.840275 0.462762 0.630139 0.796833
0.978863 0.917114 0.590123 0.84569 0.905326 0.470739 0.675617 0.90433 0.928056 0.63418
0.200521 0.79698 0.641751 0.61491 1.06091 0.422079 0.892452 1.87634 0.645522 0.716998
0.466802 0.508763 0.457531 1.20646 0.607716 2.02828 0.181833 1.53414 1.73132 0.768633
0.68415 0.869898 0.974684 0.800443 0.918483 0.895006 0.894109 0.594207 1.00571 0.791534
0.263489 1.10974 0.668392 0.706619 0.630858 0.531749 0.905769 0.314321 0.418683 0.52533
0.626534 0.199456 0.265123 0.780023 0.538133 0.542401 0.736619 0.981125 2.56512 0.72801
0.739532 0.603098 0.42168 1.16255 0.608415 1.12274 0.671567 0.683606 0.384671 0.535883
0.509956 1.17658 0.724458 0.901374 1.03216 1.23513 0.589311 0.298022 1.00669 0.391667
0.541886 1.31844 0.664631 0.713627 0.844481 0.532863 0.900933 0.437686 1.83313 0.542117
0.834487 0.400226 1.7072 0.974217 0.548272 0.383072 0.39011 0.565695 0.476888 1.88509
1.25484 0.666564 0.707575 0.53382 0.733126 1.3688 0.880062 1.76662 1.12332 1.06936
0.901837 1.52412 1.8149 0.300006 2.09131 0.472449 1.0304 0.529778 0.422632 1.75014
0.399312 1.23409 0.475963 2.1556 1.94891 1.17072 1.24982 1.29757 0.805544 1.13349
1.86095 0.648194 0.365624 0.967763 0.643589 0.977194 0.458355 0.23244 0.357497 1.29949
0.296756 1.71507 1.11586 1.14092 0.787498 1.2223 1.03634 0.593538 0.274388 1.15439
1.76972 0.919393 0.73263 0.67399 1.06633 0.494389 1.18119 2.02624 1.16541 1.1678
0.362867 1.54107 1.08796 1.86818 0.749045 0.695231 0.569277 0.80555 1.45815 0.737933
0.753151 1.06536 
>noiseOffset:
>observedSynthesisNoise:
>std_NoiseOffset:
>mutation_prior_mean:
***
0 0 0 0 0 0 0 0 0 0
0 0 0 0 0 0 0 0 0 0
0 0 0 0 0 0 0 0 0 0
0 0 0 0 0 0 0 0 0 0
>mutation_prior_sd:
***
0.35 0.35 0.35 0.35 0.35 0.35 0.35 0.35 0.35 0.35
0.35 0.35 0.35 0.35 0.35 0.35 0.35 0.35 0.35 0.35
0.35 0.35 0.35 0.35 0.35 0.35 0.35 0.35 0.35 0.35
0.35 0.35 0.35 0.35 0.35 0.35 0.35 0.35 0.35 0.35
>std_csp:
0.0512 0.0512 0.0512 0.12 0.1 0.1 0.1 0.04096 0.04096 0.04096
0.144 0.0512 0.0512 0.1 0.0134218 0.0134218 0.0134218 0.0134218 0.0134218 0.1
0.0512 0.0512 0.0512 0.1 0.0134218 0.0134218 0.0134218 0.0134218 0.0134218 0.0512
0.0512 0.0512 0.0512 0.0512 0.0512 0.0512 0.0512 0.0512 0.1 0.1728
>currentMutationParameter:
***
-0.471075 0.881544 0.754247 0.589244 1.01528 -1.14966 0.958457 -0.537516 0.603479 0.653313
1.04101 0.233271 1.35866 -1.45716 0.445923 1.00456 0.771978 0.197891 -0.476561 0.871513
-0.318581 0.860805 0.258905 -0.915215 -1.22984 -0.0420376 -0.932514 0.828106 -0.159264 -0.405163
0.790818 0.670115 -0.385865 1.16257 0.819419 0.423841 1.14743 0.727541 0.893642 0.765807
>currentSelectionParameter:
***
0.501869 -0.160877 0.404617 -0.364295 -0.24632 0.476244 -0.801411 -0.491006 -0.0943893 0.184401
-0.549481 0.833153 -0.729445 0.770263 0.275944 -0.511988 -0.271009 -0.257737 1.1202 -0.406201
-0.690318 -0.0782166 -0.0676686 0.0910846 0.493461 0.795677 0.655678 -0.025448 0.862166 0.248993
-0.320682 -0.0966591 0.415372 -0.430011 0.303657 0.512993 -0.385006 -0.107755 -0.590274 -0.398943
>covarianceMatrix:
A
0.000697685	0.000240731	0.000166693	-0.000262997	-3.30871e-05	7.3457e-05	
0.000240731	0.00114256	0.000325693	-0.000154699	-0.000381734	-0.000473827	
0.000166693	0.000325693	0.00121408	6.37588e-05	-0.000189436	-0.000609032	
-0.000262997	-0.000154699	6.37588e-05	0.000684024	2.70379e-05	3.35866e-05	
-3.30871e-05	-0.000381734	-0.000189436	2.70379e-05	0.000566106	0.000359192	
7.3457e-05	-0.000473827	-0.000609032	3.35866e-05	0.000359192	0.00166583	
***
>covarianceMatrix:
C
0.003	0	
0	0.003	
***
>covarianceMatrix:
D
0.0025	0	
0	0.0025	
***
>covarianceMatrix:
E
0.0025	0	
0	0.0025	
***
>covarianceMatrix:
F
0.0025	0	
0	0.0025	
***
>covarianceMatrix:
G
0.000834161	0.000540251	0.000405187	-0.000363022	-0.000339156	-0.000294034	
0.000540251	0.00180304	0.000803653	-0.000256758	-0.000908869	-0.000546845	
0.000405187	0.000803653	0.00197819	-0.000264052	-0.000424293	-0.00126056	
-0.000363022	-0.000256758	-0.000264052	0.000602025	0.000376591	0.000379472	
-0.000339156	-0.000908869	-0.000424293	0.000376591	0.0010503	0.000576506	
-0.000294034	-0.000546845	-0.00126056	0.000379472	0.000576506	0.00180103	
***
>covarianceMatrix:
H
0.0036	0	
0	0.0036	
***
>covarianceMatrix:
I
0.000903795	-0.000284452	-0.00077394	0.000249315	
-0.000284452	0.0013222	0.000533446	-0.00106483	
-0.00077394	0.000533446	0.00189984	-0.00061	
0.000249315	-0.00106483	-0.00061	0.00183388	
***
>covarianceMatrix:
K
0.0025	0	
0	0.0025	
***
>covarianceMatrix:
L
0.00180911	2.29555e-05	0.000436071	0.000314182	0.00131014	-0.00178575	-0.000225164	-0.000498971	-0.000410482	-0.000845165	
2.29555e-05	0.00098679	0.000306142	0.000331129	-9.57646e-05	8.58115e-05	-0.000693641	-0.000204467	-0.000148889	0.000177926	
0.000436071	0.000306142	0.0013151	0.000186635	0.000590542	-0.000483095	-0.00033637	-0.00125547	-0.00026138	-0.000643571	
0.000314182	0.000331129	0.000186635	0.000578315	0.000254627	-0.000211063	-0.000283108	-7.6308e-05	-0.000362442	-0.000118005	
0.00131014	-9.57646e-05	0.000590542	0.000254627	0.00298851	-0.00150434	0.000131715	-0.000500647	-0.00028166	-0.00269976	
-0.00178575	8.58115e-05	-0.000483095	-0.000211063	-0.00150434	0.00220828	0.00027987	0.000690291	0.000454475	0.00118589	
-0.000225164	-0.000693641	-0.00033637	-0.000283108	0.000131715	0.00027987	0.000928857	0.000466214	0.000289376	-0.000315633	
-0.000498971	-0.000204467	-0.00125547	-7.6308e-05	-0.000500647	0.000690291	0.000466214	0.00157551	0.00029175	0.000600681	
-0.000410482	-0.000148889	-0.00026138	-0.000362442	-0.00028166	0.000454475	0.000289376	0.00029175	0.00046093	0.000196461	
-0.000845165	0.000177926	-0.000643571	-0.000118005	-0.00269976	0.00118589	-0.000315633	0.000600681	0.000196461	0.00346112	
***
>covarianceMatrix:
N
0.0025	0	
0	0.0025	
***
>covarianceMatrix:
P
0.000898318	0.0005659	0.000447914	-0.000375383	-0.000382043	-0.000401097	
0.0005659	0.00189031	0.000637271	-0.000621221	-0.00116099	-0.000748102	
0.000447914	0.000637271	0.00149993	-0.0004499	-0.000535713	-0.000969805	
-0.000375383	-0.000621221	-0.0004499	0.00101645	0.000663429	0.000713559	
-0.000382043	-0.00116099	-0.000535713	0.000663429	0.00168144	0.000856519	
-0.000401097	-0.000748102	-0.000969805	0.000713559	0.000856519	0.00171787	
***
>covarianceMatrix:
Q
0.0025	0	
0	0.0025	
***
>covarianceMatrix:
R
0.00173835	0.00125532	0.000871798	0.000968739	0.00059433	-0.00122477	-0.000703877	-0.000272654	-0.000556063	-7.49316e-05	
0.00125532	0.00371064	0.00081333	0.000238267	0.00129289	-0.000870523	-0.00287847	-0.000285423	-0.00010482	-0.0010094	
0.000871798	0.00081333	0.00146692	0.000792273	0.000253251	-0.00035733	-0.000204333	-0.00066713	-0.000281617	0.000566081	
0.000968739	0.000238267	0.000792273	0.00455783	0.000322386	-0.000356361	0.000886838	0.00025721	-0.00266647	0.000427645	
0.00059433	0.00129289	0.000253251	0.000322386	0.00239826	-0.000421964	-0.00129012	4.638e-05	-0.000316105	-0.00201117	
-0.00122477	-0.000870523	-0.00035733	-0.000356361	-0.000421964	0.00127471	0.00083713	0.000230643	0.000284532	0.000407182	
-0.000703877	-0.00287847	-0.000204333	0.000886838	-0.00129012	0.00083713	0.00383041	0.000300677	-0.000580968	0.00167676	
-0.000272654	-0.000285423	-0.00066713	0.00025721	4.638e-05	0.000230643	0.000300677	0.00075846	-0.000232971	-0.000275803	
-0.000556063	-0.00010482	-0.000281617	-0.00266647	-0.000316105	0.000284532	-0.000580968	-0.000232971	0.00221662	-3.27135e-05	
-7.49316e-05	-0.0010094	0.000566081	0.000427645	-0.00201117	0.000407182	0.00167676	-0.000275803	-3.27135e-05	0.00322826	
***
>covarianceMatrix:
S
0.00069141	-3.27641e-05	0.000136462	-0.000248337	0.000126148	1.04481e-05	
-3.27641e-05	0.00104671	0.000404267	0.000112014	-0.000492022	-0.000411176	
0.000136462	0.000404267	0.00119773	3.03865e-05	-0.000376332	-0.000688323	
-0.000248337	0.000112014	3.03865e-05	0.000665612	-0.00016239	-9.13376e-05	
0.000126148	-0.000492022	-0.000376332	-0.00016239	0.00104192	0.000527757	
1.04481e-05	-0.000411176	-0.000688323	-9.13376e-05	0.000527757	0.00114092	
***
>covarianceMatrix:
T
0.000758837	-7.63478e-05	8.91775e-05	-0.000386293	3.20514e-05	-6.90276e-05	
-7.63478e-05	0.00156079	0.000708872	0.000150458	-0.000811704	-0.000593459	
8.91775e-05	0.000708872	0.00165485	-5.74276e-05	-0.000549199	-0.00108647	
-0.000386293	0.000150458	-5.74276e-05	0.000938776	-5.94226e-05	0.000154153	
3.20514e-05	-0.000811704	-0.000549199	-5.94226e-05	0.00107058	0.000519751	
-6.90276e-05	-0.000593459	-0.00108647	0.000154153	0.000519751	0.00169479	
***
>covarianceMatrix:
V
0.000794561	5.8211e-05	0.000168506	-0.000460162	-1.05562e-05	-0.000116486	
5.8211e-05	0.00100662	0.000360336	0.00013213	-0.000629973	-0.000375823	
0.000168506	0.000360336	0.000963446	0.000100229	-0.000358367	-0.00057319	
-0.000460162	0.00013213	0.000100229	0.00127039	-0.000180871	-2.41053e-05	
-1.05562e-05	-0.000629973	-0.000358367	-0.000180871	0.00109385	0.000486686	
-0.000116486	-0.000375823	-0.00057319	-2.41053e-05	0.000486686	0.00108529	
***
>covarianceMatrix:
Y
0.0025	0	
0	0.0025	
***
>covarianceMatrix:
Z
0.00432	0	
0	0.00432	
***
