>groupList:
A C D E F G H I K L
N P Q R S T V Y Z 
>stdDevSynthesisRate:
0.725319 
>numParam:
40
>numMixtures:
1
>std_stdDevSynthesisRate:
0.20736
>std_phi:
***
0.652585 0.371293 0.386145 0.84836 0.401591 0.28561 0.371293 0.401591 0.386145 0.371293
0.371293 0.627485 0.815731 0.501988 0.371293 0.386145 1.06045 0.501988 0.401591 0.386145
0.308916 0.501988 1.19286 0.501988 0.627485 0.297034 0.501988 0.386145 0.482681 0.882294
1.24058 0.501988 0.386145 1.49108 0.482681 0.28561 0.28561 0.386145 0.84836 1.10287
0.2197 0.28561 0.54295 0.386145 0.54295 0.386145 1.55072 0.815731 0.308916 0.297034
1.55072 0.28561 1.14698 1.19286 0.321272 1.19286 0.371293 0.705835 0.627485 0.371293
0.627485 0.705835 1.9384 0.371293 0.522068 0.371293 0.386145 0.652585 0.917586 0.386145
0.734069 0.501988 0.627485 0.386145 1.14698 0.386145 0.417654 0.401591 0.84836 0.882294
0.386145 0.882294 0.371293 0.28561 0.501988 0.95429 0.501988 0.386145 0.54295 0.417654
0.482681 0.627485 0.501988 0.308916 0.522068 0.371293 0.917586 0.652585 0.401591 0.386145
0.763432 1.10287 0.501988 1.2902 0.522068 1.14698 0.882294 0.54295 0.627485 0.84836
0.705835 0.627485 0.678688 0.228488 1.55072 0.54295 0.371293 0.482681 0.815731 0.705835
0.371293 0.371293 0.501988 0.652585 0.84836 0.627485 1.14698 0.28561 0.882294 0.308916
0.652585 0.297034 1.10287 0.482681 0.501988 0.482681 0.84836 0.386145 0.308916 0.652585
0.95429 1.55072 0.386145 0.371293 1.10287 1.55072 0.501988 0.321272 1.49108 0.678688
0.28561 1.55072 0.678688 0.917586 0.501988 0.815731 0.386145 0.627485 0.627485 0.386145
0.386145 0.627485 0.652585 0.371293 0.501988 1.2902 0.678688 0.2197 0.386145 1.06045
0.627485 0.652585 1.10287 0.371293 1.9384 0.501988 0.386145 0.705835 0.501988 0.501988
0.401591 0.815731 0.2197 0.482681 0.386145 1.2902 0.297034 0.386145 0.627485 0.17576
0.371293 0.371293 0.627485 0.308916 0.815731 0.652585 0.386145 0.564668 0.652585 0.482681
>categories:
0 0
>mixtureAssignment:
0 0 0 0 0 0 0 0 0 0 0 0 0 0 0 0 0 0 0 0 0 0 0 0 0 0 0 0 0 0 0 0 0 0 0 0 0 0 0 0 0 0 0 0 0 0 0 0 0 0
0 0 0 0 0 0 0 0 0 0 0 0 0 0 0 0 0 0 0 0 0 0 0 0 0 0 0 0 0 0 0 0 0 0 0 0 0 0 0 0 0 0 0 0 0 0 0 0 0 0
0 0 0 0 0 0 0 0 0 0 0 0 0 0 0 0 0 0 0 0 0 0 0 0 0 0 0 0 0 0 0 0 0 0 0 0 0 0 0 0 0 0 0 0 0 0 0 0 0 0
0 0 0 0 0 0 0 0 0 0 0 0 0 0 0 0 0 0 0 0 0 0 0 0 0 0 0 0 0 0 0 0 0 0 0 0 0 0 0 0 0 0 0 0 0 0 0 0 0 0
>numMutationCategories:
1
>numSelectionCategories:
1
>categoryProbabilities:
1 
>selectionIsInMixture:
***
0 
>mutationIsInMixture:
***
0 
>obsPhiSets:
0
>currentSynthesisRateLevel:
***
0.722807 1.33105 0.965966 0.521752 1.20847 1.40183 1.0768 0.716341 1.02828 1.94882
1.96806 0.426621 0.606011 0.348232 1.95304 0.935081 0.415188 0.439845 0.410758 1.17607
0.743575 0.783126 0.212055 1.17733 0.305588 1.70553 0.566088 1.05941 0.704161 0.406381
0.252984 0.727387 0.648143 0.198761 1.01831 0.545442 1.64971 1.44618 0.284247 0.349106
1.15701 2.11201 0.482256 2.03435 0.306392 1.95768 0.76544 1.5131 0.606188 1.72686
0.740351 1.7338 0.204349 0.252421 0.373112 0.352856 1.46555 0.325507 1.32484 1.00286
1.2437 0.296817 0.159304 1.29868 0.667037 1.066 1.90937 0.495959 0.551346 1.01079
0.171081 0.784021 0.566797 1.06334 0.205022 0.906938 0.505122 0.660592 1.87759 0.628163
0.477676 0.366915 0.642188 1.9386 0.972869 0.179925 0.409451 0.857542 0.366375 0.411344
2.27148 0.719485 0.627514 1.89144 0.434479 1.87106 0.883798 0.840417 1.14408 1.03335
0.328021 0.272812 0.537266 0.217525 0.736977 0.431382 0.488077 0.579662 1.35317 0.565382
0.455323 0.672817 0.450063 0.649427 0.237517 0.839462 0.691625 0.737614 0.272433 0.324337
0.947914 0.914488 0.896462 0.390304 0.5864 0.570315 0.33984 1.31242 0.377179 0.829337
0.58938 1.97714 0.404975 1.65728 0.622213 0.717857 0.718543 1.18191 2.41596 0.576859
0.238586 0.358845 0.380568 2.3977 0.338816 0.2932 0.660614 0.56063 0.160754 0.532202
1.79241 0.224801 0.525277 0.25626 0.935857 0.442794 0.552821 1.37809 0.754617 2.03964
0.691271 0.517282 0.557356 0.674094 0.516535 0.220792 0.266019 0.723755 1.40592 0.54985
0.744584 0.705589 0.235279 1.91812 0.188779 0.99955 0.529963 0.350549 0.53706 1.67972
0.904447 0.490202 0.869715 0.470085 2.2219 0.291564 1.06128 1.62163 1.97169 0.879585
0.627257 0.580139 1.12328 1.78313 0.760569 0.438818 0.596995 0.353657 0.866859 1.91682
>noiseOffset:
>observedSynthesisNoise:
>std_NoiseOffset:
>mutation_prior_mean:
***
0 0 0 0 0 0 0 0 0 0
0 0 0 0 0 0 0 0 0 0
0 0 0 0 0 0 0 0 0 0
0 0 0 0 0 0 0 0 0 0
>mutation_prior_sd:
***
0.35 0.35 0.35 0.35 0.35 0.35 0.35 0.35 0.35 0.35
0.35 0.35 0.35 0.35 0.35 0.35 0.35 0.35 0.35 0.35
0.35 0.35 0.35 0.35 0.35 0.35 0.35 0.35 0.35 0.35
0.35 0.35 0.35 0.35 0.35 0.35 0.35 0.35 0.35 0.35
>std_csp:
0.0512 0.0512 0.0512 14.6192 54.2801 1.37858 0.13 0.08 0.08 0.08
19.005 0.032768 0.032768 0.13 0.0167772 0.0167772 0.0167772 0.0167772 0.0167772 0.13
0.04096 0.04096 0.04096 32.1184 0.0512 0.0512 0.0512 0.0512 0.0512 0.0512
0.0512 0.0512 0.04096 0.04096 0.04096 0.04096 0.04096 0.04096 0.815731 0.371293
>currentMutationParameter:
***
-0.279593 1.06475 0.865709 0.752912 0.995003 -0.931591 0.363122 -0.620947 0.393702 0.499114
0.718359 0.481579 1.01367 -1.07155 0.418871 0.933143 0.35871 0.379915 -0.106234 1.02353
-0.425102 0.360792 -0.0536772 -0.625683 -1.07091 0.0296625 -0.683724 1.1276 0.187628 -0.457475
0.526961 0.445725 -0.203406 1.0199 0.716565 0.379698 0.871397 0.340948 0.821039 0.814149
>currentSelectionParameter:
***
1.10111 -0.717179 1.16652 -1.23121 -0.675623 1.12377 -1.43536 -1.24537 0.2946 0.728927
-0.874472 3.32472 -1.07154 1.878 1.3555 -1.06852 0.500837 -0.808815 2.35724 -1.4515
-2.29466 0.616989 -0.151274 -0.222576 0.933186 2.68084 2.20995 -0.309598 2.16112 0.813668
-0.416099 0.459229 0.705439 -0.838099 0.955422 1.19321 -0.552969 0.560671 -1.29194 -1.19731
>covarianceMatrix:
A
0.00136762	0.00011876	0.000835159	-0.00105602	-0.0001892	-0.00019107	
0.00011876	0.000855322	-0.000169749	0.0001003	-0.000655638	0.000612553	
0.000835159	-0.000169749	0.00303836	-0.000425953	7.10762e-05	-0.00321616	
-0.00105602	0.0001003	-0.000425953	0.00146516	-6.38287e-05	0.000234483	
-0.0001892	-0.000655638	7.10762e-05	-6.38287e-05	0.000949058	-0.000605301	
-0.00019107	0.000612553	-0.00321616	0.000234483	-0.000605301	0.00647534	
***
>covarianceMatrix:
C
0.0083853	-0.00961675	
-0.00961675	0.0210634	
***
>covarianceMatrix:
D
0.00374053	-0.00434949	
-0.00434949	0.00852777	
***
>covarianceMatrix:
E
0.00394512	-0.00460895	
-0.00460895	0.00956132	
***
>covarianceMatrix:
F
0.00817712	-0.0100475	
-0.0100475	0.0182237	
***
>covarianceMatrix:
G
0.00131379	9.6831e-05	0.000283793	-0.000972684	-9.24519e-06	-0.000247119	
9.6831e-05	0.00251734	0.000534368	4.9628e-05	-0.00248957	-0.000304284	
0.000283793	0.000534368	0.00250268	-0.000236518	-0.000302711	-0.00231398	
-0.000972684	4.9628e-05	-0.000236518	0.00240304	0.000178067	0.000479691	
-9.24519e-06	-0.00248957	-0.000302711	0.000178067	0.00485046	0.000323982	
-0.000247119	-0.000304284	-0.00231398	0.000479691	0.000323982	0.00495855	
***
>covarianceMatrix:
H
0.00951709	-0.0117652	
-0.0117652	0.0222971	
***
>covarianceMatrix:
I
0.00597673	-4.63149e-05	-0.0105807	-0.00062552	
-4.63149e-05	0.00182592	-0.000544402	-0.00248097	
-0.0105807	-0.000544402	0.0385566	0.00174797	
-0.00062552	-0.00248097	0.00174797	0.00520912	
***
>covarianceMatrix:
K
0.00766975	-0.00885183	
-0.00885183	0.0157334	
***
>covarianceMatrix:
L
0.00154225	6.32517e-05	0.000486007	8.20681e-05	0.000621702	-0.00145886	-0.000277358	-0.000313685	-8.99847e-05	-0.00018877	
6.32517e-05	0.00118032	9.00884e-05	0.000440806	-5.98751e-05	-6.40478e-05	-0.00109082	0.000172405	-0.000412131	0.000397555	
0.000486007	9.00884e-05	0.000956437	0.000110374	0.000268662	-0.000373183	-0.000366662	-0.00109686	-0.000182458	-6.39879e-05	
8.20681e-05	0.000440806	0.000110374	0.000623706	-7.67563e-05	-0.000167025	-0.000336317	0.000225605	-0.000464142	0.00021622	
0.000621702	-5.98751e-05	0.000268662	-7.67563e-05	0.000981063	-0.000514115	-0.0001934	-0.000176177	2.95052e-05	-0.000234526	
-0.00145886	-6.40478e-05	-0.000373183	-0.000167025	-0.000514115	0.0023906	0.000129322	0.000177922	8.15304e-05	0.000397798	
-0.000277358	-0.00109082	-0.000366662	-0.000336317	-0.0001934	0.000129322	0.00194512	0.000420562	0.000822521	-0.000741475	
-0.000313685	0.000172405	-0.00109686	0.000225605	-0.000176177	0.000177922	0.000420562	0.00230476	0.000118077	0.000414432	
-8.99847e-05	-0.000412131	-0.000182458	-0.000464142	2.95052e-05	8.15304e-05	0.000822521	0.000118077	0.000840988	-0.000435442	
-0.00018877	0.000397555	-6.39879e-05	0.00021622	-0.000234526	0.000397798	-0.000741475	0.000414432	-0.000435442	0.00146932	
***
>covarianceMatrix:
N
0.00339054	-0.00414012	
-0.00414012	0.0103487	
***
>covarianceMatrix:
P
0.00254738	0.000889678	0.00110915	-0.00264822	-0.00139852	-0.00137415	
0.000889678	0.00277165	0.00069304	-0.000508159	-0.00359066	-0.000228818	
0.00110915	0.00069304	0.00184267	-0.0013767	-0.000654788	-0.00243627	
-0.00264822	-0.000508159	-0.0013767	0.00917203	0.002636	0.00421783	
-0.00139852	-0.00359066	-0.000654788	0.002636	0.0106678	0.0012071	
-0.00137415	-0.000228818	-0.00243627	0.00421783	0.0012071	0.00622717	
***
>covarianceMatrix:
Q
0.00369748	-0.00379878	
-0.00379878	0.00610524	
***
>covarianceMatrix:
R
0.000809893	0.000676734	0.000374537	0.000333939	0.000467149	-0.000889326	-0.000949123	-8.24455e-05	-0.000253144	-0.000297863	
0.000676734	0.00319855	8.37846e-05	-0.00033518	0.000623111	-0.000786978	-0.00512444	0.00105988	0.000521346	4.49337e-06	
0.000374537	8.37846e-05	0.00109773	0.000410875	0.000350246	-0.000354825	0.000248782	-0.00157222	-0.000444825	-0.000220393	
0.000333939	-0.00033518	0.000410875	0.00125363	0.000382688	-0.00034723	0.000867334	-0.000814933	-0.000886625	-0.000687287	
0.000467149	0.000623111	0.000350246	0.000382688	0.00176863	-0.000335279	-0.000578527	0.00019803	2.95359e-07	-0.00153132	
-0.000889326	-0.000786978	-0.000354825	-0.00034723	-0.000335279	0.00173308	0.00148933	0.000310515	0.000537975	0.000509255	
-0.000949123	-0.00512444	0.000248782	0.000867334	-0.000578527	0.00148933	0.0115	-0.00225351	-0.00104293	-0.000568001	
-8.24455e-05	0.00105988	-0.00157222	-0.000814933	0.00019803	0.000310515	-0.00225351	0.00444267	0.00133907	0.000201708	
-0.000253144	0.000521346	-0.000444825	-0.000886625	2.95359e-07	0.000537975	-0.00104293	0.00133907	0.00170383	0.000550299	
-0.000297863	4.49337e-06	-0.000220393	-0.000687287	-0.00153132	0.000509255	-0.000568001	0.000201708	0.000550299	0.00349849	
***
>covarianceMatrix:
S
0.00148784	0.000543962	0.000547923	-0.00182195	-0.000658537	-0.000519712	
0.000543962	0.00133222	0.000600886	-0.00043645	-0.00149751	-0.000590072	
0.000547923	0.000600886	0.00154656	-0.000585323	-0.000637398	-0.00181711	
-0.00182195	-0.00043645	-0.000585323	0.00340794	0.000654657	0.00101935	
-0.000658537	-0.00149751	-0.000637398	0.000654657	0.0027176	0.000718698	
-0.000519712	-0.000590072	-0.00181711	0.00101935	0.000718698	0.00349367	
***
>covarianceMatrix:
T
0.0011284	0.000218124	0.000591083	-0.00165261	-0.000348693	-0.000783077	
0.000218124	0.00112385	0.000291878	-0.000347747	-0.00116873	-0.000174106	
0.000591083	0.000291878	0.00138423	-0.000826317	-0.00035104	-0.00164723	
-0.00165261	-0.000347747	-0.000826317	0.00378967	0.000790223	0.00204164	
-0.000348693	-0.00116873	-0.00035104	0.000790223	0.0019642	9.90247e-05	
-0.000783077	-0.000174106	-0.00164723	0.00204164	9.90247e-05	0.00451514	
***
>covarianceMatrix:
V
0.0017828	7.40531e-06	0.00044289	-0.00245728	-0.000105781	-0.000691023	
7.40531e-06	0.00120562	0.000338526	0.000217227	-0.00115512	-0.000315113	
0.00044289	0.000338526	0.00133232	-0.000383624	-0.000434793	-0.00169808	
-0.00245728	0.000217227	-0.000383624	0.0060432	5.22814e-05	0.0011604	
-0.000105781	-0.00115512	-0.000434793	5.22814e-05	0.00200602	0.000877755	
-0.000691023	-0.000315113	-0.00169808	0.0011604	0.000877755	0.00361872	
***
>covarianceMatrix:
Y
0.0055963	-0.00774518	
-0.00774518	0.016022	
***
>covarianceMatrix:
Z
0.0109452	-0.021565	
-0.021565	0.0565625	
***
