>groupList:
A C D E F G H I K L
N P Q R S T V Y Z 
>stdDevSynthesisRate:
0.62042 
>numParam:
40
>numMixtures:
1
>std_stdDevSynthesisRate:
0.144
>std_phi:
***
1.06045 1.06045 1.06045 1.06045 0.482681 0.482681 0.28561 1.06045 1.06045 0.815731
0.815731 1.06045 0.815731 1.06045 0.815731 1.06045 0.815731 0.815731 0.815731 0.627485
0.815731 0.371293 1.06045 1.06045 0.627485 0.627485 0.482681 0.627485 0.815731 1.06045
1.06045 0.815731 1.06045 0.815731 0.815731 0.627485 0.815731 0.627485 1.06045 0.815731
0.815731 0.482681 0.815731 0.815731 1.06045 0.482681 0.815731 1.06045 1.06045 0.371293
0.371293 1.06045 1.06045 0.815731 1.06045 0.482681 0.482681 0.371293 0.815731 1.06045
0.627485 0.13 0.371293 0.815731 0.815731 0.482681 1.06045 1.06045 0.815731 1.06045
0.627485 0.815731 1.06045 0.627485 1.06045 0.627485 0.627485 0.627485 1.06045 0.815731
0.482681 0.627485 0.815731 1.06045 1.06045 0.482681 0.371293 1.06045 0.815731 0.482681
0.815731 0.627485 1.06045 0.815731 0.815731 0.627485 1.06045 0.482681 0.28561 0.627485
0.482681 0.815731 0.815731 1.06045 1.06045 0.482681 1.06045 1.06045 1.06045 0.627485
0.815731 1.06045 0.482681 0.815731 1.06045 0.627485 0.815731 0.627485 0.815731 0.482681
1.06045 0.627485 0.482681 0.482681 0.627485 1.06045 1.06045 0.815731 1.06045 0.371293
0.28561 0.482681 0.815731 0.815731 0.371293 0.627485 1.06045 1.06045 1.06045 0.815731
0.28561 1.06045 0.627485 0.482681 1.06045 0.482681 0.2197 0.371293 0.482681 0.627485
1.06045 0.815731 0.627485 0.28561 0.627485 1.06045 0.371293 0.371293 0.482681 0.627485
1.06045 0.627485 0.482681 0.371293 1.06045 0.482681 0.482681 0.815731 0.371293 0.815731
0.815731 1.06045 0.627485 0.482681 1.06045 0.815731 0.28561 0.28561 1.06045 1.06045
0.482681 1.06045 1.06045 0.371293 0.28561 0.371293 0.815731 0.815731 1.06045 1.06045
1.06045 0.627485 0.815731 0.371293 1.06045 1.06045 1.06045 0.627485 0.482681 0.815731
0.482681 0.815731 1.06045 0.627485 0.371293 0.28561 0.815731 0.815731 0.815731 1.06045
1.06045 0.482681 1.06045 1.06045 0.482681 1.06045 0.627485 0.2197 1.06045 0.371293
1.06045 0.28561 0.627485 1.06045 1.06045 0.28561 1.06045 0.482681 0.627485 1.06045
0.482681 0.815731 0.815731 0.2197 0.815731 0.371293 0.815731 0.386145 0.371293 0.371293
0.815731 1.06045 1.06045 0.371293 0.627485 0.482681 0.386145 1.06045 0.627485 0.627485
0.371293 1.06045 1.06045 0.627485 0.28561 0.371293 1.06045 0.482681 0.482681 1.06045
0.815731 1.06045 1.06045 0.627485 0.482681 0.627485 1.06045 1.06045 1.06045 1.06045
0.371293 0.815731 0.815731 0.627485 1.06045 0.482681 0.169 0.169 1.06045 0.482681
0.627485 1.06045 0.815731 0.482681 0.482681 0.815731 1.06045 0.371293 0.371293 0.482681
0.627485 1.06045 1.06045 0.627485 1.06045 1.06045 1.06045 0.815731 0.627485 0.169
0.627485 0.815731 1.06045 0.371293 1.06045 0.815731 0.482681 0.2197 0.815731 1.06045
0.815731 0.815731 0.482681 1.06045 0.371293 1.06045 1.06045 0.627485 0.482681 1.06045
1.06045 0.815731 0.815731 0.627485 1.06045 1.06045 0.482681 0.815731 0.371293 0.371293
0.482681 1.06045 0.28561 0.627485 0.815731 0.627485 0.815731 0.482681 0.627485 0.482681
0.482681 0.627485 1.06045 1.06045 0.815731 0.482681 0.815731 0.815731 1.06045 0.169
0.482681 0.815731 0.371293 0.815731 0.28561 1.06045 0.482681 0.371293 0.627485 0.2197
0.28561 0.627485 1.06045 1.06045 1.06045 0.482681 0.815731 0.482681 0.815731 0.627485
0.815731 0.815731 1.06045 0.815731 0.627485 0.482681 1.06045 0.482681 0.482681 0.815731
0.815731 0.815731 1.06045 0.371293 0.627485 0.652585 1.06045 0.627485 0.815731 0.627485
0.627485 1.06045 0.482681 0.482681 0.482681 0.627485 0.627485 0.371293 0.28561 0.371293
0.815731 0.627485 0.482681 0.482681 0.815731 0.2197 0.627485 0.482681 1.06045 1.06045
0.627485 1.06045 0.627485 0.815731 0.815731 1.06045 1.06045 0.482681 0.28561 0.482681
0.482681 0.815731 0.815731 1.06045 1.06045 0.815731 1.06045 1.06045 0.627485 0.371293
0.627485 0.482681 0.627485 1.06045 0.815731 0.28561 1.06045 0.815731 0.815731 0.627485
0.13 0.482681 1.06045 0.815731 0.815731 0.627485 0.482681 0.627485 1.06045 0.627485
0.815731 0.482681 0.371293 0.482681 0.28561 0.482681 0.28561 1.06045 0.815731 0.2197
0.482681 0.815731 0.28561 0.28561 0.627485 1.06045 0.815731 1.06045 0.371293 0.482681
0.371293 0.815731 1.06045 0.169 0.815731 0.482681 1.06045 0.371293 0.28561 0.815731
1.06045 0.13 0.815731 0.28561 0.815731 0.482681 1.06045 0.371293 0.627485 1.06045
0.28561 1.06045 0.482681 
>categories:
0 0
>mixtureAssignment:
0 0 0 0 0 0 0 0 0 0 0 0 0 0 0 0 0 0 0 0 0 0 0 0 0 0 0 0 0 0 0 0 0 0 0 0 0 0 0 0 0 0 0 0 0 0 0 0 0 0
0 0 0 0 0 0 0 0 0 0 0 0 0 0 0 0 0 0 0 0 0 0 0 0 0 0 0 0 0 0 0 0 0 0 0 0 0 0 0 0 0 0 0 0 0 0 0 0 0 0
0 0 0 0 0 0 0 0 0 0 0 0 0 0 0 0 0 0 0 0 0 0 0 0 0 0 0 0 0 0 0 0 0 0 0 0 0 0 0 0 0 0 0 0 0 0 0 0 0 0
0 0 0 0 0 0 0 0 0 0 0 0 0 0 0 0 0 0 0 0 0 0 0 0 0 0 0 0 0 0 0 0 0 0 0 0 0 0 0 0 0 0 0 0 0 0 0 0 0 0
0 0 0 0 0 0 0 0 0 0 0 0 0 0 0 0 0 0 0 0 0 0 0 0 0 0 0 0 0 0 0 0 0 0 0 0 0 0 0 0 0 0 0 0 0 0 0 0 0 0
0 0 0 0 0 0 0 0 0 0 0 0 0 0 0 0 0 0 0 0 0 0 0 0 0 0 0 0 0 0 0 0 0 0 0 0 0 0 0 0 0 0 0 0 0 0 0 0 0 0
0 0 0 0 0 0 0 0 0 0 0 0 0 0 0 0 0 0 0 0 0 0 0 0 0 0 0 0 0 0 0 0 0 0 0 0 0 0 0 0 0 0 0 0 0 0 0 0 0 0
0 0 0 0 0 0 0 0 0 0 0 0 0 0 0 0 0 0 0 0 0 0 0 0 0 0 0 0 0 0 0 0 0 0 0 0 0 0 0 0 0 0 0 0 0 0 0 0 0 0
0 0 0 0 0 0 0 0 0 0 0 0 0 0 0 0 0 0 0 0 0 0 0 0 0 0 0 0 0 0 0 0 0 0 0 0 0 0 0 0 0 0 0 0 0 0 0 0 0 0
0 0 0 0 0 0 0 0 0 0 0 0 0 0 0 0 0 0 0 0 0 0 0 0 0 0 0 0 0 0 0 0 0 0 0 0 0 0 0 0 0 0 0 
>numMutationCategories:
1
>numSelectionCategories:
1
>categoryProbabilities:
1 
>selectionIsInMixture:
***
0 
>mutationIsInMixture:
***
0 
>obsPhiSets:
0
>currentSynthesisRateLevel:
***
0.463599 0.733015 0.444307 0.648246 1.41277 1.12305 2.29512 0.643472 0.243757 0.784523
0.757322 0.33718 0.815194 0.381222 0.996316 0.476783 0.932138 0.862448 0.888255 1.3063
0.800465 0.749358 0.25759 0.429107 1.7831 1.19973 1.40698 2.76611 0.534556 1.51341
0.598995 0.987717 0.462814 0.736092 0.42475 1.12456 0.76736 0.913873 0.119366 0.686128
1.40922 1.60362 1.08098 1.30288 0.679463 1.87436 0.604538 0.797914 1.14347 1.95971
0.521598 0.509925 0.78521 0.747874 0.726723 2.38255 1.17672 1.13556 1.47665 0.308279
0.73015 1.65863 1.61787 0.769989 0.783407 0.715189 0.804391 0.40724 1.02864 0.789233
0.909042 0.693558 0.476713 1.68578 0.323876 0.792497 1.06749 1.34949 0.187666 0.916224
1.21757 1.21783 1.06056 0.62844 0.411721 1.43401 1.71083 0.436212 0.858872 0.891573
0.374677 0.822739 0.402009 0.993484 0.756788 0.836194 0.382534 1.5166 1.13567 0.859413
2.0503 1.24039 0.879863 0.906433 0.708151 1.13559 0.228603 0.205161 0.377146 1.0095
0.452851 0.354646 0.935765 1.03345 0.348915 1.69338 1.3693 0.791671 0.562054 1.11796
0.369316 0.929975 1.78257 0.446123 1.75839 0.091749 1.03471 0.585484 0.2873 0.940239
1.22131 1.23133 0.610138 0.820161 1.32557 1.21871 0.279848 0.639823 0.336052 0.195913
1.53107 0.301227 0.657073 2.23853 0.43195 0.764446 1.40298 2.54154 0.865224 0.604667
0.404137 0.646969 1.51257 3.58062 0.770309 0.245533 2.31039 1.76418 1.20012 2.0829
0.409181 0.824416 1.21625 1.67386 0.722301 0.976077 1.4208 0.719327 1.3494 0.549667
0.831055 0.53097 1.37229 0.558213 0.33562 0.316931 1.4202 0.898405 0.568113 0.534025
0.826225 0.909417 0.527042 1.1411 3.2457 0.722062 0.903057 0.549119 0.831122 0.249991
0.444736 0.724003 0.873395 1.207 0.662578 0.336544 0.871562 2.10892 0.5998 1.06377
1.15323 0.76321 0.522166 1.0574 1.50487 1.83934 1.75891 0.596017 0.836569 0.110783
0.597227 1.14115 0.15404 0.392349 1.385 0.635146 0.698135 2.29243 0.398154 1.70308
0.394862 3.74854 0.646146 0.481375 0.761473 0.974164 0.219446 1.7823 0.757858 0.424304
1.26059 0.671093 0.59634 1.09499 0.399903 1.31305 0.639455 0.933353 3.18952 2.44764
1.06467 0.808394 0.658641 1.81916 0.552418 1.02268 1.27481 0.331014 1.95372 0.841733
1.54602 0.313743 0.800589 0.840018 1.68334 0.698428 0.476828 0.989288 1.03021 0.287462
0.633851 0.512546 0.177732 3.20861 1.50849 0.916515 0.47161 1.10866 0.847696 0.252391
1.4078 0.260381 0.651767 0.923641 0.521947 1.56723 1.76916 1.89981 0.239261 0.953529
0.935837 0.479462 0.525256 2.13058 1.42661 1.38444 0.8737 1.04429 1.08764 1.95696
0.85514 0.183419 0.226711 0.780005 0.269341 0.333587 0.423666 0.759994 1.00562 1.05195
0.772781 0.743929 0.423687 1.58939 0.159447 0.621988 0.769808 1.38793 0.569938 0.197104
0.731529 0.484716 1.35979 0.569243 1.35664 0.328466 0.393623 2.94639 0.766776 0.36252
0.564014 0.818474 0.712625 0.817291 0.620258 0.446349 1.4482 0.460754 1.4843 1.86745
1.97048 0.568914 0.742182 0.485042 0.674151 2.37215 0.877116 1.11212 0.783895 1.56093
1.03701 0.624043 0.244795 1.69249 0.736296 1.34772 1.06338 0.814528 0.810697 1.40109
1.33257 0.899574 1.08663 0.552758 1.58629 0.558823 0.784058 1.28651 1.38066 1.62342
1.51365 1.04589 0.345608 0.391307 0.389889 2.32938 0.930793 0.643119 0.991601 2.74758
0.870422 0.89493 0.503854 0.364591 0.866821 0.57112 0.882814 0.979469 1.32179 0.600143
1.82753 0.703013 0.718079 1.60506 0.64241 0.65634 0.520936 0.646153 1.66791 0.439929
1.25616 0.476512 1.42955 0.799385 1.05711 0.697187 1.2432 2.02113 2.39144 2.36701
0.993006 0.92601 1.50037 1.30179 1.37246 2.43535 1.76135 1.44154 0.452158 0.274431
1.0467 0.602791 1.80689 0.822815 0.941846 0.81404 0.806106 0.931746 1.19573 1.51448
1.20274 0.429285 0.729529 0.263134 0.681768 0.538207 0.366963 0.817196 1.28455 0.797299
0.586786 1.50985 1.12355 0.766633 0.726611 1.83527 0.675811 0.367283 0.541814 1.20378
1.70657 0.692324 0.279907 0.610887 0.744253 1.72376 1.05288 1.66596 0.333186 0.925735
0.611251 1.40199 1.22531 1.80255 1.35942 1.10359 1.96969 0.506192 1.64362 1.69042
1.58739 0.926633 2.13394 1.96029 0.97042 0.299311 1.11387 0.761315 1.0029 0.774362
1.55489 0.280935 1.0937 1.33263 0.93117 0.917791 0.431681 0.852119 1.46906 0.813166
0.27784 2.31997 1.12571 1.52644 0.623645 0.646031 0.296908 1.08155 1.17823 0.768247
2.32787 1.00908 1.63853 
>noiseOffset:
>observedSynthesisNoise:
>std_NoiseOffset:
>mutation_prior_mean:
***
0 0 0 0 0 0 0 0 0 0
0 0 0 0 0 0 0 0 0 0
0 0 0 0 0 0 0 0 0 0
0 0 0 0 0 0 0 0 0 0
>mutation_prior_sd:
***
0.35 0.35 0.35 0.35 0.35 0.35 0.35 0.35 0.35 0.35
0.35 0.35 0.35 0.35 0.35 0.35 0.35 0.35 0.35 0.35
0.35 0.35 0.35 0.35 0.35 0.35 0.35 0.35 0.35 0.35
0.35 0.35 0.35 0.35 0.35 0.35 0.35 0.35 0.35 0.35
>std_csp:
0.0512 0.0512 0.0512 0.13 0.1 0.08 0.1 0.0512 0.0512 0.0512
0.1 0.04096 0.04096 0.08 0.04096 0.04096 0.04096 0.04096 0.04096 0.08
0.0512 0.0512 0.0512 0.1 0.064 0.064 0.064 0.064 0.064 0.0512
0.0512 0.0512 0.0512 0.0512 0.0512 0.0512 0.0512 0.0512 0.169 0.1
>currentMutationParameter:
***
-0.389738 1.14521 1.12812 0.921792 1.25527 -1.30957 0.612261 -0.684233 1.03374 0.954014
1.12144 0.567946 1.21903 -1.2666 0.717029 0.985355 0.860862 0.0210253 -0.0211259 1.19515
-0.611024 1.0798 0.456945 -1.02748 -1.07902 0.310798 -0.861566 1.1597 0.640259 -0.58727
0.848601 0.660724 -0.407018 1.47004 0.884637 0.636765 1.2669 0.71406 0.959986 1.24728
>currentSelectionParameter:
***
0.590064 -0.500005 0.168512 -0.710663 -0.52009 0.865897 -0.878026 -0.570129 -0.477827 -0.179576
-0.717633 1.07364 -0.773999 1.00336 0.271826 -0.707063 -0.254887 -0.153901 0.976024 -0.822407
-0.750167 -0.410016 -0.527836 0.334049 0.572893 0.702289 0.90115 -0.282782 0.336071 0.507047
-0.39968 -0.0684705 0.418172 -0.88558 -0.0180349 0.336164 -0.636784 -0.14023 -0.825906 -0.933513
>covarianceMatrix:
A
0.000717393	-1.19625e-05	0.000176211	-0.000587464	1.80333e-05	-8.08625e-05	
-1.19625e-05	0.000888016	0.000375492	9.39612e-05	-0.000557784	-0.000342534	
0.000176211	0.000375492	0.00106961	3.50368e-06	-0.000293883	-0.000832157	
-0.000587464	9.39612e-05	3.50368e-06	0.000773064	-7.52481e-05	4.95883e-06	
1.80333e-05	-0.000557784	-0.000293883	-7.52481e-05	0.000542944	0.000308565	
-8.08625e-05	-0.000342534	-0.000832157	4.95883e-06	0.000308565	0.000996574	
***
>covarianceMatrix:
C
0.00319929	-0.00220744	
-0.00220744	0.00275512	
***
>covarianceMatrix:
D
0.00306057	-0.00245074	
-0.00245074	0.00337502	
***
>covarianceMatrix:
E
0.00255035	-0.00213449	
-0.00213449	0.00274849	
***
>covarianceMatrix:
F
0.0025	0	
0	0.0025	
***
>covarianceMatrix:
G
0.000809031	0.000506438	0.000614704	-0.000660153	-0.000488358	-0.00059488	
0.000506438	0.00160343	0.000419867	-0.000420045	-0.00135841	-0.000463909	
0.000614704	0.000419867	0.00171452	-0.000583863	-0.000436829	-0.00147383	
-0.000660153	-0.000420045	-0.000583863	0.00084385	0.000650649	0.000763085	
-0.000488358	-0.00135841	-0.000436829	0.000650649	0.00165178	0.000718417	
-0.00059488	-0.000463909	-0.00147383	0.000763085	0.000718417	0.00187214	
***
>covarianceMatrix:
H
0.00375171	-0.00321467	
-0.00321467	0.00429335	
***
>covarianceMatrix:
I
0.00212477	-0.000152041	-0.0020633	-6.07858e-05	
-0.000152041	0.00132111	-0.000275118	-0.000980105	
-0.0020633	-0.000275118	0.00362423	0.000211846	
-6.07858e-05	-0.000980105	0.000211846	0.00105964	
***
>covarianceMatrix:
K
0.00321792	-0.00249727	
-0.00249727	0.00331311	
***
>covarianceMatrix:
L
0.000505811	6.01393e-05	7.57496e-05	4.38321e-05	-8.4318e-06	-0.000468192	-8.03386e-05	-8.96002e-05	-5.59813e-05	0.000147379	
6.01393e-05	0.000489494	0.000180956	8.7001e-05	-0.000150335	1.62148e-05	-0.000271443	-0.000133508	-4.35397e-05	8.43166e-05	
7.57496e-05	0.000180956	0.000400848	8.8755e-05	0.000131878	-1.09718e-05	-0.000107511	-0.000317449	-4.05914e-05	-0.000169242	
4.38321e-05	8.7001e-05	8.8755e-05	0.000175434	4.69303e-05	3.68224e-06	-5.0461e-05	-6.9148e-05	-0.000102945	-1.80448e-05	
-8.4318e-06	-0.000150335	0.000131878	4.69303e-05	0.000753813	0.000142116	6.27762e-05	-0.00012045	-2.121e-06	-0.000556432	
-0.000468192	1.62148e-05	-1.09718e-05	3.68224e-06	0.000142116	0.00070976	6.1567e-05	7.69326e-05	8.32933e-05	-0.00018569	
-8.03386e-05	-0.000271443	-0.000107511	-5.0461e-05	6.27762e-05	6.1567e-05	0.000264537	0.00013067	5.51381e-05	-0.0001106	
-8.96002e-05	-0.000133508	-0.000317449	-6.9148e-05	-0.00012045	7.69326e-05	0.00013067	0.000359782	5.9356e-05	0.000152353	
-5.59813e-05	-4.35397e-05	-4.05914e-05	-0.000102945	-2.121e-06	8.32933e-05	5.51381e-05	5.9356e-05	0.000125249	-9.58026e-06	
0.000147379	8.43166e-05	-0.000169242	-1.80448e-05	-0.000556432	-0.00018569	-0.0001106	0.000152353	-9.58026e-06	0.000860395	
***
>covarianceMatrix:
N
0.00369839	-0.00326093	
-0.00326093	0.00456122	
***
>covarianceMatrix:
P
0.000784383	0.000555677	0.000452784	-0.00058463	-0.000485364	-0.000411152	
0.000555677	0.00168636	0.000843499	-0.000577463	-0.00149031	-0.000991641	
0.000452784	0.000843499	0.00121747	-0.000484848	-0.00109934	-0.00128632	
-0.00058463	-0.000577463	-0.000484848	0.000851578	0.000679741	0.000657771	
-0.000485364	-0.00149031	-0.00109934	0.000679741	0.00205963	0.00146593	
-0.000411152	-0.000991641	-0.00128632	0.000657771	0.00146593	0.00185321	
***
>covarianceMatrix:
Q
0.00344761	-0.00253633	
-0.00253633	0.00377245	
***
>covarianceMatrix:
R
0.000490679	0.000163777	0.000335482	-0.000161658	-0.000102492	-0.000332844	-0.000120748	-0.000286042	0.000168624	0.000192857	
0.000163777	0.000739464	0.000320077	-0.00016136	-0.000203622	-0.000240942	-0.00062517	-0.000431394	0.000202474	0.000146139	
0.000335482	0.000320077	0.000728447	-0.000323448	-0.000242706	-0.000375209	-0.000323822	-0.000685065	0.000323317	0.000291975	
-0.000161658	-0.00016136	-0.000323448	0.000912999	0.000374033	0.000272727	0.000163798	0.000515425	-0.000623019	-0.0003747	
-0.000102492	-0.000203622	-0.000242706	0.000374033	0.00065883	0.000215261	0.000218231	0.000391828	-0.000347882	-0.000499307	
-0.000332844	-0.000240942	-0.000375209	0.000272727	0.000215261	0.000518711	0.000265404	0.000458339	-0.000243713	-0.000212732	
-0.000120748	-0.00062517	-0.000323822	0.000163798	0.000218231	0.000265404	0.000972462	0.00051529	-0.000150923	-8.76882e-06	
-0.000286042	-0.000431394	-0.000685065	0.000515425	0.000391828	0.000458339	0.00051529	0.00107768	-0.000468368	-0.00033031	
0.000168624	0.000202474	0.000323317	-0.000623019	-0.000347882	-0.000243713	-0.000150923	-0.000468368	0.000715146	0.000422316	
0.000192857	0.000146139	0.000291975	-0.0003747	-0.000499307	-0.000212732	-8.76882e-06	-0.00033031	0.000422316	0.000866122	
***
>covarianceMatrix:
S
0.000769777	0.000185332	0.000253549	-0.000615739	-0.000215056	-0.000256634	
0.000185332	0.000898982	0.000470177	-7.24188e-05	-0.000626523	-0.000364099	
0.000253549	0.000470177	0.000902208	-0.000157089	-0.000442236	-0.000700165	
-0.000615739	-7.24188e-05	-0.000157089	0.000768929	0.000156852	0.000253754	
-0.000215056	-0.000626523	-0.000442236	0.000156852	0.000704413	0.000445681	
-0.000256634	-0.000364099	-0.000700165	0.000253754	0.000445681	0.000815823	
***
>covarianceMatrix:
T
0.00058648	-2.09382e-05	0.000163839	-0.000443916	4.48894e-06	-0.000108344	
-2.09382e-05	0.00101854	0.000269882	0.000122555	-0.00074148	-0.000234536	
0.000163839	0.000269882	0.00113649	9.68038e-06	-0.000382103	-0.00098263	
-0.000443916	0.000122555	9.68038e-06	0.000653562	-0.000103073	1.46205e-05	
4.48894e-06	-0.00074148	-0.000382103	-0.000103073	0.000859681	0.000433098	
-0.000108344	-0.000234536	-0.00098263	1.46205e-05	0.000433098	0.00121372	
***
>covarianceMatrix:
V
0.000817506	0.000115997	0.000111411	-0.000723062	-8.72611e-05	-7.22827e-05	
0.000115997	0.00112176	0.000427646	-0.000201668	-0.000824605	-0.000379406	
0.000111411	0.000427646	0.000595505	-0.000184361	-0.000342937	-0.000431889	
-0.000723062	-0.000201668	-0.000184361	0.00100967	0.000171113	0.000171466	
-8.72611e-05	-0.000824605	-0.000342937	0.000171113	0.000846247	0.000343469	
-7.22827e-05	-0.000379406	-0.000431889	0.000171466	0.000343469	0.000548956	
***
>covarianceMatrix:
Y
0.00411927	-0.00316675	
-0.00316675	0.00352121	
***
>covarianceMatrix:
Z
0.00936926	-0.00886117	
-0.00886117	0.010995	
***
