>groupList:
A C D E F G H I K L
N P Q R S T V Y Z 
>stdDevSynthesisRate:
0.742682 
>numParam:
40
>numMixtures:
1
>std_stdDevSynthesisRate:
0.144
>std_phi:
***
0.2197 0.2197 0.2197 0.2197 0.2197 0.2197 0.2197 0.2197 0.2197 0.2197
0.2197 0.2197 0.2197 0.2197 0.2197 0.2197 0.2197 0.2197 0.2197 0.2197
0.2197 0.2197 0.2197 0.2197 0.2197 0.2197 0.2197 0.2197 0.2197 0.2197
0.2197 0.2197 0.2197 0.2197 0.2197 0.2197 0.2197 0.2197 0.2197 0.2197
0.2197 0.2197 0.2197 0.2197 0.2197 0.2197 0.2197 0.2197 0.2197 0.2197
0.2197 0.2197 0.2197 0.2197 0.2197 0.2197 0.2197 0.2197 0.2197 0.2197
0.2197 0.13 0.2197 0.2197 0.2197 0.2197 0.2197 0.2197 0.2197 0.2197
0.2197 0.2197 0.2197 0.2197 0.2197 0.2197 0.2197 0.2197 0.2197 0.2197
0.2197 0.2197 0.2197 0.2197 0.2197 0.2197 0.2197 0.2197 0.2197 0.2197
0.2197 0.2197 0.2197 0.2197 0.2197 0.2197 0.2197 0.2197 0.2197 0.2197
0.2197 0.2197 0.2197 0.2197 0.2197 0.2197 0.2197 0.2197 0.2197 0.2197
0.2197 0.2197 0.2197 0.2197 0.2197 0.2197 0.2197 0.2197 0.2197 0.2197
0.2197 0.2197 0.2197 0.2197 0.2197 0.2197 0.2197 0.2197 0.2197 0.2197
0.2197 0.2197 0.2197 0.2197 0.2197 0.2197 0.2197 0.2197 0.2197 0.2197
0.2197 0.2197 0.2197 0.2197 0.2197 0.2197 0.2197 0.2197 0.2197 0.2197
0.2197 0.2197 0.2197 0.2197 0.2197 0.2197 0.2197 0.2197 0.2197 0.2197
0.2197 0.2197 0.2197 0.2197 0.2197 0.2197 0.2197 0.2197 0.2197 0.2197
0.2197 0.2197 0.2197 0.2197 0.2197 0.2197 0.2197 0.2197 0.2197 0.2197
0.2197 0.2197 0.2197 0.2197 0.2197 0.2197 0.2197 0.2197 0.2197 0.2197
0.2197 0.2197 0.2197 0.2197 0.2197 0.2197 0.2197 0.2197 0.2197 0.2197
0.2197 0.2197 0.2197 0.2197 0.2197 0.2197 0.2197 0.2197 0.2197 0.2197
0.2197 0.2197 0.2197 0.2197 0.2197 0.2197 0.2197 0.2197 0.2197 0.2197
0.2197 0.2197 0.2197 0.2197 0.2197 0.2197 0.2197 0.2197 0.2197 0.2197
0.2197 0.2197 0.2197 0.169 0.2197 0.2197 0.2197 0.2197 0.2197 0.2197
0.2197 0.2197 0.2197 0.2197 0.2197 0.2197 0.2197 0.2197 0.2197 0.2197
0.2197 0.2197 0.2197 0.2197 0.2197 0.2197 0.2197 0.2197 0.2197 0.2197
0.2197 0.2197 0.2197 0.2197 0.2197 0.2197 0.2197 0.2197 0.2197 0.2197
0.2197 0.2197 0.2197 0.2197 0.2197 0.2197 0.169 0.169 0.2197 0.2197
0.2197 0.2197 0.2197 0.2197 0.2197 0.2197 0.2197 0.2197 0.2197 0.2197
0.2197 0.2197 0.2197 0.2197 0.2197 0.2197 0.2197 0.2197 0.2197 0.169
0.2197 0.2197 0.2197 0.2197 0.2197 0.2197 0.2197 0.2197 0.2197 0.2197
0.2197 0.2197 0.2197 0.2197 0.2197 0.2197 0.2197 0.2197 0.2197 0.2197
0.2197 0.2197 0.2197 0.2197 0.2197 0.2197 0.2197 0.2197 0.2197 0.2197
0.2197 0.2197 0.2197 0.2197 0.2197 0.2197 0.2197 0.2197 0.2197 0.2197
0.2197 0.2197 0.2197 0.2197 0.2197 0.2197 0.2197 0.2197 0.2197 0.169
0.2197 0.2197 0.2197 0.2197 0.2197 0.2197 0.2197 0.2197 0.2197 0.2197
0.2197 0.2197 0.2197 0.2197 0.2197 0.2197 0.2197 0.2197 0.2197 0.2197
0.2197 0.2197 0.2197 0.2197 0.2197 0.2197 0.2197 0.2197 0.2197 0.2197
0.2197 0.2197 0.2197 0.2197 0.2197 0.2197 0.2197 0.2197 0.2197 0.2197
0.2197 0.2197 0.2197 0.2197 0.2197 0.2197 0.2197 0.2197 0.2197 0.2197
0.2197 0.2197 0.2197 0.2197 0.2197 0.2197 0.2197 0.2197 0.2197 0.2197
0.2197 0.2197 0.2197 0.2197 0.2197 0.2197 0.2197 0.2197 0.2197 0.2197
0.2197 0.2197 0.2197 0.2197 0.2197 0.2197 0.2197 0.2197 0.2197 0.2197
0.2197 0.2197 0.2197 0.2197 0.2197 0.2197 0.2197 0.2197 0.2197 0.2197
0.13 0.2197 0.2197 0.2197 0.2197 0.2197 0.2197 0.2197 0.2197 0.2197
0.2197 0.2197 0.2197 0.2197 0.2197 0.2197 0.2197 0.2197 0.2197 0.2197
0.2197 0.2197 0.2197 0.2197 0.2197 0.2197 0.2197 0.2197 0.2197 0.2197
0.2197 0.2197 0.2197 0.169 0.2197 0.2197 0.2197 0.2197 0.2197 0.2197
0.2197 0.13 0.2197 0.2197 0.2197 0.2197 0.2197 0.2197 0.2197 0.2197
0.2197 0.2197 0.2197 
>categories:
0 0
>mixtureAssignment:
0 0 0 0 0 0 0 0 0 0 0 0 0 0 0 0 0 0 0 0 0 0 0 0 0 0 0 0 0 0 0 0 0 0 0 0 0 0 0 0 0 0 0 0 0 0 0 0 0 0
0 0 0 0 0 0 0 0 0 0 0 0 0 0 0 0 0 0 0 0 0 0 0 0 0 0 0 0 0 0 0 0 0 0 0 0 0 0 0 0 0 0 0 0 0 0 0 0 0 0
0 0 0 0 0 0 0 0 0 0 0 0 0 0 0 0 0 0 0 0 0 0 0 0 0 0 0 0 0 0 0 0 0 0 0 0 0 0 0 0 0 0 0 0 0 0 0 0 0 0
0 0 0 0 0 0 0 0 0 0 0 0 0 0 0 0 0 0 0 0 0 0 0 0 0 0 0 0 0 0 0 0 0 0 0 0 0 0 0 0 0 0 0 0 0 0 0 0 0 0
0 0 0 0 0 0 0 0 0 0 0 0 0 0 0 0 0 0 0 0 0 0 0 0 0 0 0 0 0 0 0 0 0 0 0 0 0 0 0 0 0 0 0 0 0 0 0 0 0 0
0 0 0 0 0 0 0 0 0 0 0 0 0 0 0 0 0 0 0 0 0 0 0 0 0 0 0 0 0 0 0 0 0 0 0 0 0 0 0 0 0 0 0 0 0 0 0 0 0 0
0 0 0 0 0 0 0 0 0 0 0 0 0 0 0 0 0 0 0 0 0 0 0 0 0 0 0 0 0 0 0 0 0 0 0 0 0 0 0 0 0 0 0 0 0 0 0 0 0 0
0 0 0 0 0 0 0 0 0 0 0 0 0 0 0 0 0 0 0 0 0 0 0 0 0 0 0 0 0 0 0 0 0 0 0 0 0 0 0 0 0 0 0 0 0 0 0 0 0 0
0 0 0 0 0 0 0 0 0 0 0 0 0 0 0 0 0 0 0 0 0 0 0 0 0 0 0 0 0 0 0 0 0 0 0 0 0 0 0 0 0 0 0 0 0 0 0 0 0 0
0 0 0 0 0 0 0 0 0 0 0 0 0 0 0 0 0 0 0 0 0 0 0 0 0 0 0 0 0 0 0 0 0 0 0 0 0 0 0 0 0 0 0 
>numMutationCategories:
1
>numSelectionCategories:
1
>categoryProbabilities:
1 
>selectionIsInMixture:
***
0 
>mutationIsInMixture:
***
0 
>obsPhiSets:
0
>currentSynthesisRateLevel:
***
0.294359 0.26779 0.323228 0.411815 1.19477 0.877533 2.35156 0.347954 0.359953 0.539146
1.08387 0.761205 0.883743 0.599718 1.52696 0.721533 0.696891 0.646551 0.710381 1.21182
0.963529 0.560251 0.304099 0.437482 1.53575 0.986092 1.59916 2.59245 0.440158 0.937835
0.628175 0.940773 0.376416 0.533253 0.453604 0.699427 0.548798 0.851666 0.24239 0.510028
1.49894 1.70303 0.764415 1.11014 0.38808 1.92583 0.503635 0.292314 0.583212 2.02648
0.394764 0.421467 0.745926 0.650438 0.446974 1.83626 0.884066 0.827386 1.90364 0.471631
0.399831 1.46766 1.57568 0.537355 0.694122 0.669867 0.507523 0.557772 0.600984 1.18981
0.778697 0.415493 0.471483 1.42807 0.406582 0.639053 1.15847 0.831465 0.33298 0.756853
1.34025 1.21476 0.73652 0.515725 0.372193 1.15102 1.4677 0.713377 0.79562 0.675649
0.540584 0.633158 0.102482 1.16028 0.482911 0.949742 0.422002 1.95357 1.10182 0.815333
1.37678 1.16486 0.748341 0.578327 0.841087 1.05593 0.202933 0.208048 0.203929 0.884652
0.407048 0.353529 0.724385 0.82896 0.567205 1.68275 1.07837 0.92496 0.523215 0.844279
0.259944 0.64166 1.29717 0.393004 1.51308 0.147317 0.715401 0.513403 0.25977 0.824488
1.13669 1.05935 0.392331 0.797543 1.06923 1.01388 0.147999 0.532533 0.482468 0.321125
1.4658 0.331846 0.644237 2.02696 0.152468 0.556234 1.16356 2.46439 0.735724 0.451374
0.145622 0.648094 1.54569 3.63265 0.674985 0.317167 2.13036 1.52291 1.05294 1.99745
0.658261 0.753751 0.803473 1.87923 0.344091 0.881814 1.40605 0.477846 1.30093 0.395982
0.431207 0.525458 1.15102 0.419371 0.119118 0.392306 1.40993 0.851572 0.333047 0.185894
0.654431 1.03638 0.432226 1.07591 2.79681 0.565985 0.679272 0.533787 0.407151 0.388347
0.322978 0.6575 0.251581 1.05025 0.344384 0.412914 0.504182 1.91231 0.436208 0.990602
1.00855 0.4986 0.54525 0.884632 1.03916 1.64595 1.16148 0.58967 0.509376 0.1166
0.384388 0.796679 0.207059 0.367312 1.53586 0.434014 0.691849 2.29857 0.465149 1.55559
0.243649 3.87723 0.713092 0.484182 0.431315 0.918294 0.211273 1.73085 0.709231 0.259624
1.66154 1.26045 0.445475 0.908404 0.382319 1.05783 0.485458 0.674791 2.6465 2.33076
0.961646 0.320341 0.332368 1.5214 0.564608 1.06782 1.48848 0.2276 1.46577 0.608908
1.18175 0.26317 0.611208 0.618228 1.62272 0.606659 0.803961 0.981567 0.854126 0.174594
0.577195 0.903969 0.153443 2.85305 1.38786 0.815965 0.227468 0.783912 0.923665 0.237325
1.22888 0.377414 0.608833 0.892226 0.72239 1.40868 1.7286 1.6887 0.209084 1.06562
0.787401 0.154147 0.445774 2.12123 1.19461 0.882302 0.310601 0.828114 0.874063 1.63122
0.814898 0.292583 0.150806 0.705117 0.321701 0.24669 0.411683 0.419742 0.846248 0.966619
0.845622 0.538737 0.314174 1.50346 0.124896 0.504861 0.821115 1.25752 0.437523 0.262466
0.645089 0.487713 1.13632 0.488118 1.23001 0.166148 0.43826 2.58701 0.642274 0.214679
0.365733 0.945275 0.679731 0.695194 0.29788 0.3582 1.3902 0.504947 1.32018 1.60422
1.91396 0.652797 0.66218 0.475584 0.718608 2.23038 0.864571 0.821011 0.482024 1.15935
0.917659 0.711206 0.414297 1.12865 0.677654 0.860591 0.547165 1.13505 0.282287 1.169
1.06699 0.750798 1.34519 0.183867 1.46785 0.484677 0.755472 1.10272 1.12862 1.35338
1.38379 0.55586 0.370583 0.18625 0.28185 2.31534 0.586611 0.449152 0.856578 2.55286
0.626613 0.613362 0.254445 0.249026 0.824201 0.566369 0.778864 0.859003 1.08247 0.612157
0.895057 0.298945 0.435965 1.32364 0.398946 0.497473 0.58899 0.369244 1.47031 0.372031
0.98566 0.379372 1.13947 0.603162 0.763458 0.577203 0.893496 1.71331 2.5658 2.02265
0.647748 0.731566 2.1159 0.968673 1.04656 2.2705 1.33959 1.54895 0.299796 0.189077
0.692444 0.338862 1.0105 1.06963 0.868018 0.578983 0.911116 0.971354 1.37014 1.13225
1.15645 0.147933 0.626555 0.237928 0.758028 0.710036 0.507952 0.664905 1.29756 0.654617
0.574653 1.36374 1.11297 1.34557 0.387525 1.77666 0.576459 0.370244 0.542341 0.697129
1.53639 0.607133 0.192976 0.44829 0.771487 1.22972 0.924061 1.33044 0.319474 0.697853
0.441731 1.10546 1.08854 1.8083 1.42906 0.99362 1.92363 0.263551 1.83338 1.55339
1.49541 0.977359 2.04813 1.56404 0.767555 0.279395 0.810197 0.654304 0.823061 0.835145
1.55124 0.449768 0.41091 1.18293 0.705427 0.658664 0.271147 0.788684 1.2531 0.488619
0.316899 2.31712 1.14754 1.47366 0.520391 0.61913 0.36958 1.06151 0.900358 0.740043
2.07737 0.951923 1.68724 
>noiseOffset:
>observedSynthesisNoise:
>std_NoiseOffset:
>mutation_prior_mean:
***
0 0 0 0 0 0 0 0 0 0
0 0 0 0 0 0 0 0 0 0
0 0 0 0 0 0 0 0 0 0
0 0 0 0 0 0 0 0 0 0
>mutation_prior_sd:
***
0.35 0.35 0.35 0.35 0.35 0.35 0.35 0.35 0.35 0.35
0.35 0.35 0.35 0.35 0.35 0.35 0.35 0.35 0.35 0.35
0.35 0.35 0.35 0.35 0.35 0.35 0.35 0.35 0.35 0.35
0.35 0.35 0.35 0.35 0.35 0.35 0.35 0.35 0.35 0.35
>std_csp:
0.064 0.064 0.064 0.1 0.08 0.08 0.1 0.064 0.064 0.064
0.1 0.0512 0.0512 0.1 0.0512 0.0512 0.0512 0.0512 0.0512 0.1
0.064 0.064 0.064 0.1 0.064 0.064 0.064 0.064 0.064 0.064
0.064 0.064 0.0512 0.0512 0.0512 0.064 0.064 0.064 0.1 0.104
>currentMutationParameter:
***
-0.404359 1.07677 1.00761 0.835289 1.23847 -1.16272 0.525045 -0.744338 0.99481 0.863886
1.03359 0.632191 1.19587 -1.16478 0.540783 1.02688 0.767445 0.0259157 0.00547561 1.17411
-0.664078 1.08892 0.406941 -1.00204 -1.02579 0.397413 -0.941605 1.03241 0.654427 -0.529352
0.95743 0.732153 -0.45102 1.36576 0.802422 0.543128 1.19636 0.640815 0.778257 1.05844
>currentSelectionParameter:
***
0.625156 -0.498637 0.26294 -0.713939 -0.558296 0.803414 -0.877981 -0.561948 -0.446877 -0.134485
-0.709824 1.08962 -0.807099 1.04933 0.543412 -0.875758 -0.238073 -0.196256 1.17208 -0.908344
-0.74262 -0.394402 -0.464113 0.338723 0.607212 0.76846 1.1347 -0.24082 0.35842 0.493991
-0.57377 -0.195832 0.566756 -0.843479 0.115642 0.450556 -0.612919 -0.079277 -0.776483 -0.922289
>covarianceMatrix:
A
0.00108288	0.000112889	6.30243e-05	-0.000923053	-0.000118517	0.000155868	
0.000112889	0.00178124	0.000920004	-7.11384e-06	-0.00140083	-0.00104294	
6.30243e-05	0.000920004	0.00220263	0.000228596	-0.000800078	-0.00201012	
-0.000923053	-7.11384e-06	0.000228596	0.00133806	7.94245e-05	-0.000345695	
-0.000118517	-0.00140083	-0.000800078	7.94245e-05	0.00164626	0.00101709	
0.000155868	-0.00104294	-0.00201012	-0.000345695	0.00101709	0.00287923	
***
>covarianceMatrix:
C
0.00281174	-0.00116694	
-0.00116694	0.00282404	
***
>covarianceMatrix:
D
0.00364728	-0.00338723	
-0.00338723	0.00495877	
***
>covarianceMatrix:
E
0.00400315	-0.00385485	
-0.00385485	0.00490476	
***
>covarianceMatrix:
F
0.0025	0	
0	0.0025	
***
>covarianceMatrix:
G
0.00135718	0.00193311	0.00125184	-0.00112992	-0.00197124	-0.0012739	
0.00193311	0.00575336	0.00332641	-0.00213674	-0.00614939	-0.00419204	
0.00125184	0.00332641	0.0041169	-0.00128141	-0.00378435	-0.00424172	
-0.00112992	-0.00213674	-0.00128141	0.00151871	0.00239437	0.00160632	
-0.00197124	-0.00614939	-0.00378435	0.00239437	0.00761304	0.00510901	
-0.0012739	-0.00419204	-0.00424172	0.00160632	0.00510901	0.00593855	
***
>covarianceMatrix:
H
0.00823551	-0.00852701	
-0.00852701	0.0126461	
***
>covarianceMatrix:
I
0.00153576	-0.000272759	-0.00184176	0.000342339	
-0.000272759	0.00140497	0.000441092	-0.00124051	
-0.00184176	0.000441092	0.00343691	-0.00049165	
0.000342339	-0.00124051	-0.00049165	0.00157323	
***
>covarianceMatrix:
K
0.0027007	-0.000928599	
-0.000928599	0.0023239	
***
>covarianceMatrix:
L
0.000219683	1.75825e-05	5.95263e-05	1.60186e-05	1.85255e-05	-0.000160773	-2.80018e-05	-9.54823e-05	-2.94922e-05	2.00386e-05	
1.75825e-05	0.00055345	0.000147944	7.05079e-05	-0.000166078	5.92421e-05	-0.000423416	-0.00014852	-5.87761e-06	0.000265814	
5.95263e-05	0.000147944	0.000289782	-1.34452e-05	-0.000108358	-5.23984e-05	-0.00011439	-0.000246155	4.83659e-05	0.000188055	
1.60186e-05	7.05079e-05	-1.34452e-05	0.000209434	6.4357e-05	2.33667e-05	-3.58074e-05	4.0884e-05	-0.000171651	-2.7067e-05	
1.85255e-05	-0.000166078	-0.000108358	6.4357e-05	0.000449906	1.63853e-05	0.000215284	0.000182741	-6.03176e-05	-0.000484228	
-0.000160773	5.92421e-05	-5.23984e-05	2.33667e-05	1.63853e-05	0.000258361	-3.27329e-05	9.6424e-05	3.36954e-06	5.8504e-06	
-2.80018e-05	-0.000423416	-0.00011439	-3.58074e-05	0.000215284	-3.27329e-05	0.000429202	0.000148497	-6.98009e-06	-0.000314171	
-9.54823e-05	-0.00014852	-0.000246155	4.0884e-05	0.000182741	9.6424e-05	0.000148497	0.000343266	-6.77464e-05	-0.000285521	
-2.94922e-05	-5.87761e-06	4.83659e-05	-0.000171651	-6.03176e-05	3.36954e-06	-6.98009e-06	-6.77464e-05	0.000239458	5.19206e-05	
2.00386e-05	0.000265814	0.000188055	-2.7067e-05	-0.000484228	5.8504e-06	-0.000314171	-0.000285521	5.19206e-05	0.00081665	
***
>covarianceMatrix:
N
0.0025	0	
0	0.0025	
***
>covarianceMatrix:
P
0.00167	0.00119491	0.00128085	-0.00142542	-0.0011875	-0.00137941	
0.00119491	0.00309565	0.0018614	-0.000898476	-0.00274717	-0.00203558	
0.00128085	0.0018614	0.00294487	-0.00132097	-0.00212876	-0.00312733	
-0.00142542	-0.000898476	-0.00132097	0.00189669	0.00124013	0.00175785	
-0.0011875	-0.00274717	-0.00212876	0.00124013	0.00382927	0.00285894	
-0.00137941	-0.00203558	-0.00312733	0.00175785	0.00285894	0.00440168	
***
>covarianceMatrix:
Q
0.0025	0	
0	0.0025	
***
>covarianceMatrix:
R
0.00053657	0.000365616	0.000635752	-1.46713e-05	4.49745e-05	-0.000381867	-0.00024726	-0.000605545	7.05879e-05	0.000207936	
0.000365616	0.00134546	0.000806972	0.000114792	0.000672446	-0.000203402	-0.0010942	-0.000668303	-7.40187e-05	-0.00051029	
0.000635752	0.000806972	0.00138939	0.000116911	0.000222102	-0.000567142	-0.000657665	-0.00124393	-5.68111e-05	0.0001572	
-1.46713e-05	0.000114792	0.000116911	0.000505268	2.57617e-05	1.18055e-05	-0.000191433	-0.000204292	-0.000405972	-0.000226954	
4.49745e-05	0.000672446	0.000222102	2.57617e-05	0.00111482	0.000166202	-0.000668723	5.48407e-07	1.04003e-05	-0.000961801	
-0.000381867	-0.000203402	-0.000567142	1.18055e-05	0.000166202	0.000562107	0.000124993	0.00063787	-4.45255e-05	-0.000388358	
-0.00024726	-0.0010942	-0.000657665	-0.000191433	-0.000668723	0.000124993	0.00138165	0.000589186	0.00022157	0.00068471	
-0.000605545	-0.000668303	-0.00124393	-0.000204292	5.48407e-07	0.00063787	0.000589186	0.00152326	0.000174513	-0.000290365	
7.05879e-05	-7.40187e-05	-5.68111e-05	-0.000405972	1.04003e-05	-4.45255e-05	0.00022157	0.000174513	0.000643133	0.00026678	
0.000207936	-0.00051029	0.0001572	-0.000226954	-0.000961801	-0.000388358	0.00068471	-0.000290365	0.00026678	0.00147889	
***
>covarianceMatrix:
S
0.00155352	0.000274427	0.00050031	-0.00149431	-0.000195964	-0.000516157	
0.000274427	0.00167493	0.00124895	-0.000200959	-0.00146679	-0.00148901	
0.00050031	0.00124895	0.00204498	-0.000385305	-0.00123255	-0.00196645	
-0.00149431	-0.000200959	-0.000385305	0.00211369	0.000200118	0.000535175	
-0.000195964	-0.00146679	-0.00123255	0.000200118	0.00188804	0.00162526	
-0.000516157	-0.00148901	-0.00196645	0.000535175	0.00162526	0.00265608	
***
>covarianceMatrix:
T
0.000544431	8.13517e-05	-4.92843e-05	-0.000353841	-9.37387e-05	0.00014361	
8.13517e-05	0.00132316	0.000523927	8.89873e-05	-0.00117727	-0.00068053	
-4.92843e-05	0.000523927	0.000926606	0.000119789	-0.000490347	-0.000918532	
-0.000353841	8.89873e-05	0.000119789	0.00046674	-4.95979e-05	-0.000183357	
-9.37387e-05	-0.00117727	-0.000490347	-4.95979e-05	0.00133324	0.000692039	
0.00014361	-0.00068053	-0.000918532	-0.000183357	0.000692039	0.00129912	
***
>covarianceMatrix:
V
0.00109012	1.40987e-05	0.000176576	-0.0010217	5.71966e-05	-0.000136903	
1.40987e-05	0.00199875	0.00116317	0.000115352	-0.00177736	-0.00140298	
0.000176576	0.00116317	0.00159661	-0.000168098	-0.00121075	-0.00159501	
-0.0010217	0.000115352	-0.000168098	0.0018449	-0.000141009	0.000224881	
5.71966e-05	-0.00177736	-0.00121075	-0.000141009	0.00211541	0.00155772	
-0.000136903	-0.00140298	-0.00159501	0.000224881	0.00155772	0.00221943	
***
>covarianceMatrix:
Y
0.00297256	-0.00190485	
-0.00190485	0.00316937	
***
>covarianceMatrix:
Z
0.0100478	-0.0108456	
-0.0108456	0.0146131	
***
