>groupList:
A C D E F G H I K L
N P Q R S T V Y Z 
>stdDevSynthesisRate:
0.717228 
>numParam:
40
>numMixtures:
1
>std_stdDevSynthesisRate:
0.144
>std_phi:
***
1.43373 1.43373 1.10287 1.86385 0.482681 0.482681 0.297034 1.19286 1.79216 1.06045
1.06045 1.37858 0.705835 1.37858 0.815731 1.10287 0.882294 1.06045 0.84836 0.652585
0.882294 0.401591 1.43373 1.14698 0.627485 0.652585 0.501988 0.627485 0.882294 1.10287
1.9384 0.815731 1.43373 1.06045 1.06045 1.06045 0.678688 1.79216 0.882294 0.84836
0.482681 0.815731 0.815731 0.386145 0.882294 1.14698 1.06045 0.371293 0.501988 1.79216
1.43373 0.84836 0.386145 0.627485 0.371293 0.815731 1.79216 0.678688 0.13 0.371293
0.84836 0.815731 0.627485 1.37858 1.43373 0.882294 1.10287 0.652585 0.84836 1.14698
0.815731 1.43373 0.627485 0.678688 1.49108 1.06045 0.417654 0.652585 1.06045 1.10287
1.49108 0.482681 0.371293 1.43373 0.815731 0.501988 0.84836 0.815731 1.49108 1.06045
0.815731 0.652585 1.49108 0.627485 0.297034 0.627485 0.482681 0.882294 0.815731 1.43373
0.501988 1.49108 1.14698 0.678688 1.10287 1.43373 0.482681 1.14698 1.49108 0.652585
0.815731 1.06045 0.501988 1.19286 0.84836 0.501988 0.501988 0.652585 1.79216 1.49108
0.386145 0.297034 0.652585 1.06045 0.371293 0.652585 1.06045 1.37858 1.10287 0.386145
1.49108 0.678688 0.482681 1.14698 0.652585 0.237628 0.482681 0.54295 0.627485 1.55072
0.882294 0.28561 0.627485 1.43373 0.371293 0.482681 0.627485 1.10287 0.815731 0.501988
0.386145 1.14698 0.678688 0.501988 1.06045 0.501988 1.06045 1.10287 1.06045 0.627485
0.522068 1.79216 0.84836 0.321272 0.297034 1.86385 1.49108 0.501988 1.06045 1.14698
0.371293 0.308916 0.386145 0.882294 1.19286 1.43373 1.43373 0.627485 1.10287 1.79216
1.14698 1.37858 0.522068 0.501988 0.815731 0.501988 0.84836 1.19286 0.815731 0.371293
1.06045 0.815731 0.815731 1.49108 0.482681 1.37858 0.501988 1.14698 0.228488 1.49108
0.386145 1.79216 0.28561 0.678688 1.10287 1.37858 0.28561 0.482681 1.19286 0.482681
0.815731 1.06045 0.2197 0.84836 0.297034 0.882294 0.482681 0.386145 0.371293 1.10287
1.10287 1.14698 0.371293 0.705835 0.482681 0.482681 1.79216 0.652585 0.386145 1.79216
1.19286 0.627485 0.297034 0.371293 1.37858 0.522068 0.501988 1.79216 0.882294 1.43373
1.14698 0.627485 0.652585 0.678688 1.06045 1.37858 1.14698 0.417654 1.10287 0.84836
0.627485 1.37858 0.522068 0.18279 0.169 0.501988 0.652585 1.43373 0.84836 0.627485
0.815731 1.49108 0.371293 0.501988 0.501988 0.627485 1.43373 1.49108 1.37858 1.37858
1.10287 0.882294 0.627485 0.169 0.652585 0.882294 1.24058 0.386145 1.43373 0.815731
0.522068 0.2197 1.10287 1.43373 1.10287 0.482681 0.401591 1.43373 1.37858 0.522068
0.522068 1.10287 1.14698 1.06045 1.06045 0.705835 1.43373 1.14698 0.482681 0.84836
0.371293 0.371293 0.386145 1.37858 0.371293 0.678688 0.84836 0.627485 0.815731 0.386145
0.627485 0.501988 0.482681 0.652585 1.49108 1.14698 0.501988 0.815731 0.815731 0.18279
0.501988 0.84836 0.371293 1.06045 0.371293 0.522068 0.371293 0.627485 0.2197 0.308916
0.678688 1.79216 1.14698 1.37858 0.482681 0.882294 0.627485 0.882294 0.627485 0.815731
1.06045 1.10287 0.627485 0.501988 1.10287 0.482681 0.54295 0.84836 0.84836 1.06045
1.06045 0.371293 0.84836 0.652585 1.06045 0.84836 0.815731 0.84836 0.678688 1.79216
0.522068 0.501988 0.705835 0.627485 0.371293 0.28561 0.371293 0.815731 0.652585 0.482681
0.501988 1.10287 0.2197 0.652585 0.482681 1.10287 1.14698 0.84836 1.14698 0.678688
0.84836 0.815731 1.06045 1.19286 0.482681 0.334123 0.652585 0.522068 1.14698 1.49108
1.37858 0.882294 1.79216 0.882294 0.627485 0.401591 0.652585 0.482681 0.54295 1.10287
0.28561 0.84836 0.917586 0.652585 0.13 0.501988 1.55072 1.06045 0.815731 0.627485
0.482681 0.627485 1.37858 0.678688 1.06045 0.482681 0.401591 0.522068 0.28561 0.501988
0.28561 1.43373 0.84836 0.228488 0.501988 1.06045 0.297034 0.401591 0.627485 1.79216
1.06045 0.401591 0.522068 0.371293 1.19286 0.190102 0.501988 1.14698 0.401591 0.308916
0.84836 1.37858 0.13 0.84836 0.297034 1.9384 0.371293 0.815731 1.06045 0.297034
0.482681 0.482681 0.815731 1.06045 0.501988 0.678688 1.37858 0.371293 0.501988 
>categories:
0 0
>mixtureAssignment:
0 0 0 0 0 0 0 0 0 0 0 0 0 0 0 0 0 0 0 0 0 0 0 0 0 0 0 0 0 0 0 0 0 0 0 0 0 0 0 0 0 0 0 0 0 0 0 0 0 0
0 0 0 0 0 0 0 0 0 0 0 0 0 0 0 0 0 0 0 0 0 0 0 0 0 0 0 0 0 0 0 0 0 0 0 0 0 0 0 0 0 0 0 0 0 0 0 0 0 0
0 0 0 0 0 0 0 0 0 0 0 0 0 0 0 0 0 0 0 0 0 0 0 0 0 0 0 0 0 0 0 0 0 0 0 0 0 0 0 0 0 0 0 0 0 0 0 0 0 0
0 0 0 0 0 0 0 0 0 0 0 0 0 0 0 0 0 0 0 0 0 0 0 0 0 0 0 0 0 0 0 0 0 0 0 0 0 0 0 0 0 0 0 0 0 0 0 0 0 0
0 0 0 0 0 0 0 0 0 0 0 0 0 0 0 0 0 0 0 0 0 0 0 0 0 0 0 0 0 0 0 0 0 0 0 0 0 0 0 0 0 0 0 0 0 0 0 0 0 0
0 0 0 0 0 0 0 0 0 0 0 0 0 0 0 0 0 0 0 0 0 0 0 0 0 0 0 0 0 0 0 0 0 0 0 0 0 0 0 0 0 0 0 0 0 0 0 0 0 0
0 0 0 0 0 0 0 0 0 0 0 0 0 0 0 0 0 0 0 0 0 0 0 0 0 0 0 0 0 0 0 0 0 0 0 0 0 0 0 0 0 0 0 0 0 0 0 0 0 0
0 0 0 0 0 0 0 0 0 0 0 0 0 0 0 0 0 0 0 0 0 0 0 0 0 0 0 0 0 0 0 0 0 0 0 0 0 0 0 0 0 0 0 0 0 0 0 0 0 0
0 0 0 0 0 0 0 0 0 0 0 0 0 0 0 0 0 0 0 0 0 0 0 0 0 0 0 0 0 0 0 0 0 0 0 0 0 0 0 0 0 0 0 0 0 0 0 0 0 0
0 0 0 0 0 0 0 0 0 
>numMutationCategories:
1
>numSelectionCategories:
1
>categoryProbabilities:
1 
>selectionIsInMixture:
***
0 
>mutationIsInMixture:
***
0 
>obsPhiSets:
0
>currentSynthesisRateLevel:
***
0.195026 0.474778 0.521263 0.377599 1.84449 1.14629 2.28047 0.399138 0.288629 0.69007
0.956513 0.60427 0.876832 0.176345 1.33914 0.788824 0.823288 0.63241 0.685503 1.43407
0.730996 0.76144 0.346234 0.145992 1.79845 1.17201 1.54694 2.72735 0.540608 1.44065
0.647174 1.2885 0.530042 0.466644 0.315683 0.688843 0.678574 0.145902 0.450344 0.81369
1.50907 1.61083 1.52631 1.53676 0.487297 0.344865 0.46465 2.22308 0.526443 0.845968
0.34111 0.579257 1.97021 1.00517 0.957647 1.60316 0.57845 0.652846 1.46871 1.60107
0.8834 0.731865 0.815639 0.36832 0.436154 1.07647 1.00851 0.766417 0.50314 0.580313
1.11094 0.321573 1.01292 1.43148 0.285827 0.717136 1.31426 1.00841 0.791371 0.687829
0.203643 1.04226 1.80667 0.491983 0.421628 0.850148 0.682783 0.807443 0.137714 0.836209
0.793411 0.956953 0.328883 1.37564 0.921369 0.617754 1.25713 0.871473 0.922099 0.686892
1.48212 0.289931 0.383908 0.810016 0.213873 0.336199 0.794261 0.787654 0.369624 1.72063
0.887546 0.53692 0.927943 0.208615 0.828678 1.48135 0.377973 1.77571 0.0554966 0.554914
0.81663 0.956818 1.20979 0.489373 1.00406 1.1745 0.603897 0.595118 0.264339 1.51194
0.144669 0.699536 2.75084 0.353946 0.961636 1.26256 2.58119 0.8045 0.549011 0.283933
0.64655 3.26955 0.711771 0.116374 1.61641 0.997556 1.89835 0.786893 0.661541 1.17707
1.76927 0.645423 0.670284 1.26292 0.459019 1.51326 0.575407 0.48191 0.256965 1.13382
0.380478 0.132564 0.456228 1.25438 0.792953 0.220882 0.238543 0.568417 0.63428 0.41145
1.05756 3.0574 0.601107 0.858038 0.887416 0.482836 0.27262 0.529332 0.560743 0.305153
0.289464 0.28208 1.87008 0.297038 1.08792 0.938874 0.648647 0.357723 0.606451 1.19015
0.919846 0.341176 0.546764 0.0872953 0.785262 0.317309 1.41712 0.35587 2.31038 0.308894
1.56748 0.359127 3.58599 0.592585 0.246603 0.535525 0.973097 1.61385 0.2958 1.44138
0.824853 0.607253 0.865456 0.381322 1.14698 0.320983 0.676352 2.97489 2.39994 0.744525
0.606872 0.48572 1.95253 0.459446 0.910599 1.24177 0.20861 1.58427 1.42 0.201124
0.496488 0.787797 1.62239 0.63891 1.09286 0.797762 0.989434 0.226051 0.483976 0.738587
0.184639 2.29819 1.43722 0.688773 0.93747 0.846034 0.190913 1.03195 0.254397 0.399869
0.738559 0.398805 1.20147 1.89207 1.81746 0.856001 0.745969 0.369707 0.619903 1.82747
1.1507 0.524045 0.995249 1.01566 1.81496 0.915968 0.221112 0.182003 0.305666 0.215519
0.16428 0.641826 1.40946 1.10172 0.769335 0.433219 0.4556 1.27899 0.158741 0.669981
0.5496 1.26052 0.176648 0.35911 0.869297 1.01806 1.5299 0.29688 0.534874 3.05357
0.655018 0.381411 0.469078 0.573641 0.718328 0.582581 0.620658 0.338417 1.71576 0.293966
1.23693 1.50313 1.46285 0.31306 0.744195 0.385815 0.390437 1.59864 0.72167 0.842373
0.712888 1.26847 0.917685 0.769615 0.213427 1.06411 1.15147 0.552666 1.17097 1.40886
1.44451 0.85107 1.32921 0.630116 1.37103 0.55644 1.08614 1.20844 1.37457 1.2722
0.946609 0.197202 0.215398 0.148223 2.05883 0.5463 0.59787 0.681702 2.04078 0.460711
0.381712 0.484261 0.771635 0.564765 1.22425 0.987082 1.03211 0.463738 1.4388 0.434815
0.859001 1.32959 0.50621 0.778411 0.455803 0.515947 1.45309 0.370527 1.12366 0.410993
0.596286 1.02939 0.720072 0.783005 1.85826 2.24375 2.01348 0.681093 0.619118 2.11927
1.29161 1.62709 2.16233 0.894938 1.13781 0.340221 0.137707 1.13344 0.375003 1.14576
0.714625 1.02225 0.575307 0.629228 1.03091 1.37005 1.33602 1.0836 0.307707 0.338238
0.532095 0.550495 0.447847 0.892764 0.938059 0.794751 0.539673 1.06433 0.712087 0.522653
1.56109 0.279212 0.418604 0.897475 1.61329 0.588607 0.172823 0.422762 0.519761 1.33678
0.952417 0.8702 0.348039 0.725591 0.311855 0.920847 1.08594 1.99916 1.22454 1.17061
1.9907 0.308038 1.13953 1.76223 0.787491 0.546657 1.90261 1.77961 0.812993 0.277472
0.674333 0.954464 0.831863 1.61703 0.282789 1.08011 1.00246 0.229105 0.733082 1.18221
0.631294 0.195627 2.32743 1.17123 1.32404 0.158613 1.14719 1.02424 0.897932 2.50798
1.89479 0.664919 1.20124 0.739781 0.387677 0.427894 0.505274 2.96637 0.712032 
>noiseOffset:
>observedSynthesisNoise:
>std_NoiseOffset:
>mutation_prior_mean:
***
0 0 0 0 0 0 0 0 0 0
0 0 0 0 0 0 0 0 0 0
0 0 0 0 0 0 0 0 0 0
0 0 0 0 0 0 0 0 0 0
>mutation_prior_sd:
***
0.35 0.35 0.35 0.35 0.35 0.35 0.35 0.35 0.35 0.35
0.35 0.35 0.35 0.35 0.35 0.35 0.35 0.35 0.35 0.35
0.35 0.35 0.35 0.35 0.35 0.35 0.35 0.35 0.35 0.35
0.35 0.35 0.35 0.35 0.35 0.35 0.35 0.35 0.35 0.35
>std_csp:
0.0512 0.0512 0.0512 24.7065 0.08 0.064 0.13 0.032768 0.032768 0.032768
0.1 0.04096 0.04096 0.08 0.04096 0.04096 0.04096 0.04096 0.04096 0.1
0.0512 0.0512 0.0512 0.1 0.04096 0.04096 0.04096 0.04096 0.04096 0.0262144
0.0262144 0.0262144 0.04096 0.04096 0.04096 0.032768 0.032768 0.032768 3.93738 0.13
>currentMutationParameter:
***
-0.435973 1.11737 0.994208 0.883308 1.24796 -1.12538 0.54439 -0.768771 1.0109 0.921453
1.01245 0.681067 1.14965 -1.18384 0.660937 1.04589 0.733826 0.0365275 0.0190755 1.14126
-0.52303 1.17068 0.48058 -1.00726 -1.00036 0.380437 -0.834881 1.04427 0.511743 -0.555058
0.799218 0.616555 -0.388041 1.31063 0.93175 0.646042 1.24177 0.666887 0.877289 1.10436
>currentSelectionParameter:
***
0.671329 -0.481534 0.299556 -0.727108 -0.556939 0.713308 -0.950926 -0.554613 -0.47716 -0.133147
-0.688076 1.09202 -0.763162 1.05226 0.356708 -0.820642 -0.101138 -0.161955 1.07741 -0.850773
-0.847322 -0.409889 -0.524633 0.297895 0.552979 0.770428 1.01195 -0.202916 0.554032 0.49478
-0.390007 -0.0449629 0.49016 -0.763678 0.0504174 0.356215 -0.651245 -0.10597 -0.865424 -0.964704
>covarianceMatrix:
A
0.000696556	0.000171003	0.000238575	-0.000535438	-0.000163054	-8.52825e-05	
0.000171003	0.000922253	0.000396885	-6.70158e-05	-0.00069465	-0.000384608	
0.000238575	0.000396885	0.00136916	-0.000107703	-0.000390274	-0.00117319	
-0.000535438	-6.70158e-05	-0.000107703	0.000668666	6.62305e-05	3.95903e-05	
-0.000163054	-0.00069465	-0.000390274	6.62305e-05	0.000795341	0.000452396	
-8.52825e-05	-0.000384608	-0.00117319	3.95903e-05	0.000452396	0.00146561	
***
>covarianceMatrix:
C
0.00433669	-0.00339093	
-0.00339093	0.00375491	
***
>covarianceMatrix:
D
0.00338138	-0.00310653	
-0.00310653	0.00461843	
***
>covarianceMatrix:
E
0.00278101	-0.00253817	
-0.00253817	0.00328522	
***
>covarianceMatrix:
F
0.00296374	-0.00214663	
-0.00214663	0.00327123	
***
>covarianceMatrix:
G
0.000997887	0.000629611	0.000537332	-0.000744882	-0.000462743	-0.000399992	
0.000629611	0.00153536	0.000279098	-0.000420643	-0.00103639	-8.54981e-05	
0.000537332	0.000279098	0.00171188	-0.00041386	-0.000178974	-0.00129035	
-0.000744882	-0.000420643	-0.00041386	0.000858454	0.000478042	0.000515883	
-0.000462743	-0.00103639	-0.000178974	0.000478042	0.00106413	0.000139008	
-0.000399992	-8.54981e-05	-0.00129035	0.000515883	0.000139008	0.00154516	
***
>covarianceMatrix:
H
0.00677869	-0.00676448	
-0.00676448	0.010644	
***
>covarianceMatrix:
I
0.00183544	-0.000127664	-0.00203958	6.04163e-05	
-0.000127664	0.000804702	0.000134022	-0.000663748	
-0.00203958	0.000134022	0.00383171	-0.000449034	
6.04163e-05	-0.000663748	-0.000449034	0.00104192	
***
>covarianceMatrix:
K
0.00321758	-0.00275871	
-0.00275871	0.00366671	
***
>covarianceMatrix:
L
0.000472535	6.06613e-05	0.000135689	3.60726e-05	0.00019934	-0.000357411	-0.000125899	-0.000172875	-2.00362e-05	-0.000202018	
6.06613e-05	0.000394615	0.000192365	0.000155365	-2.37411e-05	-1.64197e-05	-0.000306561	-0.00020519	-0.000116731	0.000124613	
0.000135689	0.000192365	0.000525528	8.29619e-05	0.000194217	-1.05582e-05	-0.000211313	-0.000527783	-1.73225e-05	-1.52904e-05	
3.60726e-05	0.000155365	8.29619e-05	0.000202821	2.582e-05	1.90042e-05	-0.000120802	-6.20949e-05	-0.000141595	2.41965e-05	
0.00019934	-2.37411e-05	0.000194217	2.582e-05	0.0006208	-0.000109111	-2.59065e-05	-0.000172686	2.10983e-06	-0.000463615	
-0.000357411	-1.64197e-05	-1.05582e-05	1.90042e-05	-0.000109111	0.000469302	0.000117833	8.83652e-05	3.071e-05	0.0002735	
-0.000125899	-0.000306561	-0.000211313	-0.000120802	-2.59065e-05	0.000117833	0.000343333	0.000289657	0.000125923	-2.3597e-05	
-0.000172875	-0.00020519	-0.000527783	-6.20949e-05	-0.000172686	8.83652e-05	0.000289657	0.000691868	4.47817e-05	5.82363e-05	
-2.00362e-05	-0.000116731	-1.73225e-05	-0.000141595	2.10983e-06	3.071e-05	0.000125923	4.47817e-05	0.00018525	3.12125e-05	
-0.000202018	0.000124613	-1.52904e-05	2.41965e-05	-0.000463615	0.0002735	-2.3597e-05	5.82363e-05	3.12125e-05	0.000680988	
***
>covarianceMatrix:
N
0.0025	0	
0	0.0025	
***
>covarianceMatrix:
P
0.00114697	0.000676612	0.000717662	-0.000871884	-0.000560533	-0.000481345	
0.000676612	0.0019252	0.000586559	-0.000502057	-0.00165759	-0.000525723	
0.000717662	0.000586559	0.00139269	-0.00060421	-0.000555848	-0.00113054	
-0.000871884	-0.000502057	-0.00060421	0.00110141	0.0007169	0.000726479	
-0.000560533	-0.00165759	-0.000555848	0.0007169	0.00217194	0.000797811	
-0.000481345	-0.000525723	-0.00113054	0.000726479	0.000797811	0.00148046	
***
>covarianceMatrix:
Q
0.00227969	-0.000741765	
-0.000741765	0.00239619	
***
>covarianceMatrix:
R
0.000555746	0.000295532	0.000344232	-2.76199e-06	0.000292697	-0.000455663	-0.000219013	-0.000240554	7.64639e-05	-0.000184218	
0.000295532	0.000921002	0.000345918	-7.91489e-05	0.000245134	-0.000138687	-0.000601255	-8.40151e-05	2.07509e-05	-0.000125084	
0.000344232	0.000345918	0.000561527	-1.96278e-05	0.00016978	-0.00020793	-0.000203022	-0.000310837	5.28977e-05	2.48259e-05	
-2.76199e-06	-7.91489e-05	-1.96278e-05	0.00087403	-0.000109318	8.02352e-05	8.25164e-05	2.16674e-05	-0.000553294	0.000157926	
0.000292697	0.000245134	0.00016978	-0.000109318	0.00109723	-0.000200811	-1.0102e-05	3.04626e-05	0.000153238	-0.000890038	
-0.000455663	-0.000138687	-0.00020793	8.02352e-05	-0.000200811	0.000595485	0.00027993	0.000320532	-0.00011425	0.000199859	
-0.000219013	-0.000601255	-0.000203022	8.25164e-05	-1.0102e-05	0.00027993	0.000852997	0.000182971	1.78973e-05	-3.51091e-05	
-0.000240554	-8.40151e-05	-0.000310837	2.16674e-05	3.04626e-05	0.000320532	0.000182971	0.00050827	-7.72004e-05	-0.000151616	
7.64639e-05	2.07509e-05	5.28977e-05	-0.000553294	0.000153238	-0.00011425	1.78973e-05	-7.72004e-05	0.000596298	-0.000177836	
-0.000184218	-0.000125084	2.48259e-05	0.000157926	-0.000890038	0.000199859	-3.51091e-05	-0.000151616	-0.000177836	0.00111526	
***
>covarianceMatrix:
S
0.000644485	0.000339956	0.000342402	-0.000529326	-0.00031414	-0.000216089	
0.000339956	0.00119154	0.000577102	-0.000255644	-0.000949686	-0.000514021	
0.000342402	0.000577102	0.00117362	-0.000295096	-0.000511253	-0.00102067	
-0.000529326	-0.000255644	-0.000295096	0.000670861	0.000290942	0.000273315	
-0.00031414	-0.000949686	-0.000511253	0.000290942	0.0010092	0.000541689	
-0.000216089	-0.000514021	-0.00102067	0.000273315	0.000541689	0.00123746	
***
>covarianceMatrix:
T
0.000692105	7.34929e-05	0.000432278	-0.000572171	-0.000182607	-0.000454774	
7.34929e-05	0.000946296	0.000280773	-6.84039e-05	-0.000647975	-0.000250922	
0.000432278	0.000280773	0.00100555	-0.000361354	-0.000341121	-0.000931925	
-0.000572171	-6.84039e-05	-0.000361354	0.000672756	0.000192627	0.000475332	
-0.000182607	-0.000647975	-0.000341121	0.000192627	0.000763995	0.00038679	
-0.000454774	-0.000250922	-0.000931925	0.000475332	0.00038679	0.00118898	
***
>covarianceMatrix:
V
0.000872063	0.000163253	0.000147796	-0.000841613	-7.91876e-05	-9.91276e-05	
0.000163253	0.000876557	0.000244662	-0.000197663	-0.000575821	-0.000189617	
0.000147796	0.000244662	0.000768318	-0.000145294	-0.000198832	-0.000635569	
-0.000841613	-0.000197663	-0.000145294	0.00124126	7.43204e-05	0.000152806	
-7.91876e-05	-0.000575821	-0.000198832	7.43204e-05	0.000604835	0.000242084	
-9.91276e-05	-0.000189617	-0.000635569	0.000152806	0.000242084	0.000742251	
***
>covarianceMatrix:
Y
0.00347467	-0.00286328	
-0.00286328	0.00381925	
***
>covarianceMatrix:
Z
0.00974448	-0.00985789	
-0.00985789	0.0134669	
***
