>groupList:
A C D E F G H I K L
N P Q R S T V Y Z 
>stdDevSynthesisRate:
0.63648 
>numParam:
40
>numMixtures:
1
>std_stdDevSynthesisRate:
0.1728
>std_phi:
***
0.1352 0.482681 0.086528 0.371293 0.28561 0.371293 0.28561 0.1352 0.386145 0.297034
0.297034 0.13 0.371293 0.371293 0.13 0.28561 1.37858 0.482681 0.482681 0.308916
0.627485 0.627485 0.28561 0.627485 0.627485 0.627485 0.482681 1.06045 0.627485 0.297034
0.652585 1.06045 1.10287 0.482681 0.627485 0.815731 1.06045 0.627485 0.28561 1.06045
1.37858 0.815731 0.1352 0.652585 0.28561 0.228488 1.06045 1.06045 0.815731 0.28561
1.06045 1.06045 1.06045 0.815731 0.371293 1.06045 0.482681 0.386144 0.386145 1.06045
0.627485 0.2197 0.28561 0.84836 1.37858 0.297034 1.06045 1.06045 0.371293 1.10287
0.627485 1.06045 0.627485 0.371293 1.06045 0.228488 0.297034 0.371293 0.482681 0.28561
0.815731 1.06045 0.386145 0.627485 0.815731 1.37858 0.627485 0.652584 0.386145 1.37858
1.06045 0.627485 1.37858 1.79215 0.482681 0.482681 0.386145 1.37858 1.06045 0.652585
0.371293 0.482681 0.815731 0.28561 0.652585 0.815731 0.371293 0.482681 1.06045 1.37858
0.815731 1.37858 0.371293 0.815731 0.371293 0.482681 0.371293 0.627485 1.06045 0.28561
0.501988 0.652584 0.482681 0.482681 1.06045 0.228488 0.652585 1.06045 0.501988 0.482681
0.627485 0.28561 0.627485 0.815731 1.06045 0.371293 0.482681 0.815731 0.482681 0.482681
0.627485 0.371293 0.501988 0.401591 0.652585 1.06045 1.06045 0.482681 0.386145 0.84836
0.627485 0.815731 0.371293 0.297034 0.482681 0.386145 0.501988 0.386145 0.815731 0.482681
0.815731 0.501988 0.627485 0.815731 0.815731 1.37858 1.06045 1.06045 0.84836 0.627485
0.386145 0.371293 0.815731 0.627485 0.386145 0.627485 1.06045 0.815731 0.482681 0.371293
0.386145 0.28561 1.43372 0.815731 1.37858 1.37858 0.652585 0.815731 1.06045 0.482681
0.386145 0.371293 0.627485 0.815731 0.815731 0.627485 0.627485 1.37858 0.815731 1.37858
0.627485 1.06045 0.627485 0.482681 0.815731 0.371293 0.815731 0.386145 0.482681 0.627485
1.37858 0.482681 0.627485 1.06045 0.815731 1.37858 0.482681 0.228488 0.815731 1.06045
0.815731 0.815731 0.627485 1.06045 0.627485 0.386145 0.482681 1.06045 1.79215 0.386145
0.482681 1.06045 0.482681 0.627485 0.371293 0.815731 1.37858 0.627485 0.627485 0.815731
0.652585 0.371293 1.06045 0.371293 1.06045 0.482681 1.06045 0.815731 0.84836 0.28561
0.627485 0.627485 0.627485 0.84836 0.501988 0.386145 0.482681 0.371293 0.84836 0.652585
0.627485 0.627485 0.815731 0.482681 0.815731 0.627485 0.652585 0.482681 0.627485 0.40159
0.386145 0.627485 0.482681 0.627485 1.06045 0.482681 0.482681 0.627485 0.84836 0.815731
0.84836 1.37858 0.482681 1.37858 1.37858 0.815731 0.627485 0.627485 0.501988 0.815731
0.652585 0.28561 0.386145 0.652585 0.815731 0.815731 1.06045 0.482681 0.627485 0.84836
>categories:
0 0
>mixtureAssignment:
0 0 0 0 0 0 0 0 0 0 0 0 0 0 0 0 0 0 0 0 0 0 0 0 0 0 0 0 0 0 0 0 0 0 0 0 0 0 0 0 0 0 0 0 0 0 0 0 0 0
0 0 0 0 0 0 0 0 0 0 0 0 0 0 0 0 0 0 0 0 0 0 0 0 0 0 0 0 0 0 0 0 0 0 0 0 0 0 0 0 0 0 0 0 0 0 0 0 0 0
0 0 0 0 0 0 0 0 0 0 0 0 0 0 0 0 0 0 0 0 0 0 0 0 0 0 0 0 0 0 0 0 0 0 0 0 0 0 0 0 0 0 0 0 0 0 0 0 0 0
0 0 0 0 0 0 0 0 0 0 0 0 0 0 0 0 0 0 0 0 0 0 0 0 0 0 0 0 0 0 0 0 0 0 0 0 0 0 0 0 0 0 0 0 0 0 0 0 0 0
0 0 0 0 0 0 0 0 0 0 0 0 0 0 0 0 0 0 0 0 0 0 0 0 0 0 0 0 0 0 0 0 0 0 0 0 0 0 0 0 0 0 0 0 0 0 0 0 0 0
0 0 0 0 0 0 0 0 0 0 0 0 0 0 0 0 0 0 0 0 0 0 0 0 0 0 0 0 0 0 0 0 0 0 0 0 0 0 0 0 0 0 0 0 0 0 0 0 0 0
>numMutationCategories:
1
>numSelectionCategories:
1
>categoryProbabilities:
1 
>selectionIsInMixture:
***
0 
>mutationIsInMixture:
***
0 
>obsPhiSets:
0
>currentSynthesisRateLevel:
***
2.13613 2.56516 2.54914 2.26144 2.50006 2.25339 2.33795 3.18212 2.14628 1.56997
1.48716 2.53448 2.26974 1.88246 2.5009 2.00956 1.01952 1.72643 1.66449 1.49792
0.887028 0.844614 1.96357 0.780814 0.603964 1.06717 1.50454 0.336428 1.14484 2.03631
1.11911 0.711034 0.272017 0.392945 0.661574 0.418713 0.314902 0.736243 1.98203 0.410346
0.59869 0.654358 2.32134 0.875623 2.69885 1.35018 0.315275 0.368307 0.735926 1.29262
0.241065 0.834241 0.370763 1.1813 0.798996 0.473776 1.39971 1.30823 0.792486 0.710089
0.822147 1.09338 1.91894 0.288057 0.989958 2.19065 0.578398 0.80887 0.691056 0.242047
0.690943 0.259051 1.42039 1.26907 0.671074 0.793622 1.04527 1.10671 0.706733 1.11566
0.41767 0.365453 0.497613 0.302966 0.342739 0.273206 0.811562 0.155359 0.591594 0.158847
0.396863 0.760743 0.287372 0.303718 0.747588 0.993244 1.03231 0.234164 0.436236 0.693978
1.39599 0.816109 1.01877 0.998859 0.465825 1.01323 0.753098 0.892468 0.347762 0.240211
0.223452 0.426601 0.989197 0.361228 1.66814 0.836286 0.943793 0.812661 0.307959 1.81318
0.885646 0.360243 0.922856 0.762993 0.90651 2.05945 0.622461 0.457598 0.628626 0.987031
0.387924 0.999243 0.745528 1.55486 0.787152 1.09099 1.83466 0.748395 1.04347 0.943924
1.78675 1.05957 0.551672 1.25813 1.2516 0.335046 0.189472 0.83139 1.15269 0.371735
0.545812 0.916461 0.70709 1.83867 0.694113 0.732575 0.862914 0.743511 0.657378 0.823955
0.457823 1.00574 1.72776 0.82066 0.597594 0.337438 0.776609 0.709337 0.458307 0.950271
1.31362 1.53997 0.780433 0.69022 1.0313 0.448742 0.558115 0.621977 0.949557 0.307452
0.865979 0.79983 0.463558 0.504473 0.513318 0.828168 0.298186 0.347822 0.955153 0.738312
0.687087 0.942155 0.988357 0.828403 0.226197 0.238372 0.881238 0.432017 0.77989 0.309749
1.01497 0.308126 0.593827 1.06707 0.750439 1.28531 0.671781 1.52836 0.690261 0.694753
0.186184 0.678794 0.571301 1.07499 0.761387 0.434859 0.632971 1.11771 0.279865 0.677329
0.285963 0.50174 0.566582 0.428747 0.853535 0.645246 0.943895 2.01419 0.259418 1.91471
0.722011 0.783687 0.528761 0.686755 0.543236 0.958913 0.716234 1.00341 0.584866 0.754346
0.681117 0.914333 0.427615 0.891296 0.652663 0.362625 0.220351 0.393114 0.306787 0.867677
1.23431 0.854488 1.40821 0.177839 0.79293 0.489978 1.28758 0.416454 0.315672 1.19339
0.458814 0.404207 0.53341 0.864732 0.875047 1.18605 0.370035 0.377794 0.567984 0.356531
0.630281 0.458143 2.48562 0.736084 0.452332 0.504821 0.538643 0.218993 0.400801 2.06289
0.903208 0.173891 0.984871 0.62469 0.376023 0.450963 0.898253 0.522417 0.985071 0.632731
0.487615 3.16628 0.808558 0.748801 0.465125 0.389896 0.387428 0.849561 1.22492 0.478775
>noiseOffset:
>observedSynthesisNoise:
>std_NoiseOffset:
>mutation_prior_mean:
***
0 0 0 0 0 0 0 0 0 0
0 0 0 0 0 0 0 0 0 0
0 0 0 0 0 0 0 0 0 0
0 0 0 0 0 0 0 0 0 0
>mutation_prior_sd:
***
0.35 0.35 0.35 0.35 0.35 0.35 0.35 0.35 0.35 0.35
0.35 0.35 0.35 0.35 0.35 0.35 0.35 0.35 0.35 0.35
0.35 0.35 0.35 0.35 0.35 0.35 0.35 0.35 0.35 0.35
0.35 0.35 0.35 0.35 0.35 0.35 0.35 0.35 0.35 0.35
>std_csp:
0.0512 0.0512 0.0512 0.248832 0.12 0.1 0.20736 0.08 0.08 0.08
0.248832 0.1 0.1 0.12 0.00351843 0.00351843 0.00351843 0.00351843 0.00351843 0.12
0.08 0.08 0.08 0.12 0.00351843 0.00351843 0.00351843 0.00351843 0.00351843 0.04096
0.04096 0.04096 0.064 0.064 0.064 0.064 0.064 0.064 0.20736 0.358318
>currentMutationParameter:
***
-0.192541 0.715507 0.369832 0.525381 0.672965 -0.774683 0.326749 -0.374973 0.0704373 0.669234
0.570541 0.375881 0.620024 -0.797477 0.2456 0.624517 0.240659 0.488144 0.0271939 0.814655
0.0779283 0.692755 0.0130882 -0.370567 -0.715215 0.0668838 -0.911605 0.67062 0.0402146 -0.438991
0.652089 0.0947375 -0.644326 0.801078 0.270186 0.513367 0.526596 -0.0541946 0.544814 0.459553
>currentSelectionParameter:
***
0.7864 -0.163266 1.16546 -0.876621 -0.221006 0.562991 -0.970049 -0.976058 0.311765 0.115427
-0.514179 1.93347 -0.520681 1.15455 1.54819 -0.769125 0.116997 -0.781906 2.08438 -0.890393
-1.7354 -0.111072 -0.2115 -0.312801 0.798497 2.21087 1.79622 -0.0618365 1.50334 0.627363
-0.35196 0.360599 1.01352 -0.441913 0.689096 0.988993 -0.172804 0.775293 -0.807498 -0.760285
>covarianceMatrix:
A
0.0032184	0.000914071	0.00197928	-0.00239314	-0.000539027	-0.00150669	
0.000914071	0.00190761	0.00121194	-0.00061634	-0.000889103	-0.000879781	
0.00197928	0.00121194	0.00370486	-0.0016112	-0.000646052	-0.00265156	
-0.00239314	-0.00061634	-0.0016112	0.00278195	0.000438364	0.00167337	
-0.000539027	-0.000889103	-0.000646052	0.000438364	0.000974865	0.000546426	
-0.00150669	-0.000879781	-0.00265156	0.00167337	0.000546426	0.00354327	
***
>covarianceMatrix:
C
0.0062208	0	
0	0.0062208	
***
>covarianceMatrix:
D
0.003	0	
0	0.003	
***
>covarianceMatrix:
E
0.0025	0	
0	0.0025	
***
>covarianceMatrix:
F
0.005184	0	
0	0.005184	
***
>covarianceMatrix:
G
0.00298246	0.000599475	0.000748435	-0.00183446	-0.000542033	-0.00064707	
0.000599475	0.002187	0.000163365	-0.00048867	-0.000541147	-5.69158e-05	
0.000748435	0.000163365	0.00243058	-0.00064742	-0.000247666	-0.000860583	
-0.00183446	-0.00048867	-0.00064742	0.00414004	0.000680905	0.000861515	
-0.000542033	-0.000541147	-0.000247666	0.000680905	0.00212675	0.000396193	
-0.00064707	-5.69158e-05	-0.000860583	0.000861515	0.000396193	0.00270733	
***
>covarianceMatrix:
H
0.0062208	0	
0	0.0062208	
***
>covarianceMatrix:
I
0.0025	0	0	0	
0	0.0025	0	0	
0	0	0.0025	0	
0	0	0	0.0025	
***
>covarianceMatrix:
K
0.003	0	
0	0.003	
***
>covarianceMatrix:
L
0.00529938	-8.0354e-05	0.000527043	0.00014452	0.00440579	-0.00485542	-0.000553443	-0.000436896	-0.00078928	-0.0040534	
-8.0354e-05	0.0014424	0.000241747	0.000592927	0.000201343	0.000352551	-0.000722231	-0.000108192	-0.000207408	-0.000327144	
0.000527043	0.000241747	0.00215731	0.000269637	0.000720778	-0.000389576	0.000178301	-0.00150625	0.000207519	-0.000576342	
0.00014452	0.000592927	0.000269637	0.00147557	0.00139095	-0.000205533	-0.000326993	4.69539e-05	-0.000797751	-0.00211386	
0.00440579	0.000201343	0.000720778	0.00139095	0.0124862	-0.00431752	-0.00115321	-0.000420373	-0.0022339	-0.013376	
-0.00485542	0.000352551	-0.000389576	-0.000205533	-0.00431752	0.00695913	0.000275884	0.000402344	0.000784189	0.004508	
-0.000553443	-0.000722231	0.000178301	-0.000326993	-0.00115321	0.000275884	0.000928978	-7.44127e-05	0.000620661	0.00148141	
-0.000436896	-0.000108192	-0.00150625	4.69539e-05	-0.000420373	0.000402344	-7.44127e-05	0.0018327	-0.000271769	0.000466296	
-0.00078928	-0.000207408	0.000207519	-0.000797751	-0.0022339	0.000784189	0.000620661	-0.000271769	0.00106809	0.0030027	
-0.0040534	-0.000327144	-0.000576342	-0.00211386	-0.013376	0.004508	0.00148141	0.000466296	0.0030027	0.0170959	
***
>covarianceMatrix:
N
0.003	0	
0	0.003	
***
>covarianceMatrix:
P
0.00309337	0.00056105	0.000923123	-0.00164506	-0.000131683	-0.00111667	
0.00056105	0.00413627	0.000265599	-0.000651377	-0.00272356	-0.0003089	
0.000923123	0.000265599	0.00249638	-0.000637657	0.000143802	-0.0012048	
-0.00164506	-0.000651377	-0.000637657	0.00351563	0.000612752	0.00124629	
-0.000131683	-0.00272356	0.000143802	0.000612752	0.00541627	0.000260309	
-0.00111667	-0.0003089	-0.0012048	0.00124629	0.000260309	0.00294441	
***
>covarianceMatrix:
Q
0.003	0	
0	0.003	
***
>covarianceMatrix:
R
0.00260054	0.00257928	0.00141744	0.000377149	0.0009422	-0.00170387	-0.00180752	-0.000608616	-0.00028117	0.000250329	
0.00257928	0.00951121	0.00287108	0.00122345	0.00243284	-0.00171875	-0.0085489	-0.00198343	-0.000758288	-0.00100901	
0.00141744	0.00287108	0.00456855	0.000859421	0.00224393	-0.000620605	-0.00192444	-0.00291347	-0.000420643	-0.00134653	
0.000377149	0.00122345	0.000859421	0.00215668	0.00101537	-3.76112e-05	-0.0010623	-0.000823382	-0.00090807	-0.000425138	
0.0009422	0.00243284	0.00224393	0.00101537	0.0108721	0.000179066	-0.00124757	-0.000923952	-0.000580221	-0.0106856	
-0.00170387	-0.00171875	-0.000620605	-3.76112e-05	0.000179066	0.00172866	0.0017499	0.000504321	0.000263001	-0.000818299	
-0.00180752	-0.0085489	-0.00192444	-0.0010623	-0.00124757	0.0017499	0.0106025	0.00200723	0.000701448	0.00097459	
-0.000608616	-0.00198343	-0.00291347	-0.000823382	-0.000923952	0.000504321	0.00200723	0.00325231	0.000462563	0.00105129	
-0.00028117	-0.000758288	-0.000420643	-0.00090807	-0.000580221	0.000263001	0.000701448	0.000462563	0.000722783	0.000262515	
0.000250329	-0.00100901	-0.00134653	-0.000425138	-0.0106856	-0.000818299	0.00097459	0.00105129	0.000262515	0.0136005	
***
>covarianceMatrix:
S
0.0022811	0.000355635	0.00107299	-0.00157956	-0.00014623	-0.000717527	
0.000355635	0.00216139	0.000358088	-0.00015575	-0.00116171	-0.000227228	
0.00107299	0.000358088	0.00206601	-0.00078288	-0.000281667	-0.00131178	
-0.00157956	-0.00015575	-0.00078288	0.00189649	0.000125337	0.000732178	
-0.00014623	-0.00116171	-0.000281667	0.000125337	0.00125378	0.000307011	
-0.000717527	-0.000227228	-0.00131178	0.000732178	0.000307011	0.00156786	
***
>covarianceMatrix:
T
0.00197567	0.000157607	0.000482224	-0.00091377	-1.14565e-05	-0.000120057	
0.000157607	0.0014978	0.000111245	4.34419e-05	-0.000512502	-0.000293094	
0.000482224	0.000111245	0.00178506	-0.000272408	-1.00094e-05	-0.000462257	
-0.00091377	4.34419e-05	-0.000272408	0.00219919	-5.00453e-05	0.000129705	
-1.14565e-05	-0.000512502	-1.00094e-05	-5.00453e-05	0.00131814	-6.74563e-05	
-0.000120057	-0.000293094	-0.000462257	0.000129705	-6.74563e-05	0.00298602	
***
>covarianceMatrix:
V
0.00456126	0.000272098	0.0014158	-0.00344842	4.67746e-05	-0.00101453	
0.000272098	0.00131085	0.000500866	-0.000206915	-0.000391055	-0.00045964	
0.0014158	0.000500866	0.00266162	-0.00110268	-0.0002498	-0.00165176	
-0.00344842	-0.000206915	-0.00110268	0.00434518	-0.0001066	0.000980441	
4.67746e-05	-0.000391055	-0.0002498	-0.0001066	0.000998177	0.000247026	
-0.00101453	-0.00045964	-0.00165176	0.000980441	0.000247026	0.00241698	
***
>covarianceMatrix:
Y
0.005184	0	
0	0.005184	
***
>covarianceMatrix:
Z
0.00895795	0	
0	0.00895795	
***
