>groupList:
A C D E F G H I K L
N P Q R S T V Y Z 
>stdDevSynthesisRate:
0.270328 
>numParam:
40
>numMixtures:
1
>std_stdDevSynthesisRate:
0.1728
>std_phi:
***
0.10816 0.482681 0.140608 0.28561 0.28561 0.28561 0.2197 0.28561 0.17576 0.371293
0.2197 0.371293 0.28561 0.297034 0.2197 0.2197 0.28561 0.28561 0.297034 0.17576
0.28561 0.28561 0.13 0.228488 0.2197 0.482681 0.28561 0.18279 0.28561 0.28561
0.297034 0.2197 0.169 0.104 0.28561 0.297034 0.1352 0.228488 0.482681 0.371293
0.28561 0.2197 0.2197 0.228488 0.28561 0.386145 0.17576 0.28561 0.2197 0.371293
0.2197 0.2197 0.297034 0.371293 0.627485 0.501988 0.17576 0.28561 0.371293 0.169
0.627485 0.28561 0.2197 0.28561 0.17576 0.371293 0.17576 0.228488 0.13 0.169
0.2197 0.28561 0.28561 0.169 0.13 0.482681 0.482681 0.84836 0.371293 0.386145
0.627485 0.28561 0.13 0.2197 0.13 0.501988 0.2197 0.28561 0.28561 0.371293
0.28561 0.386144 0.28561 0.17576 0.2197 0.2197 0.28561 0.2197 0.482681 0.297034
0.308915 0.482681 0.169 0.13 0.2197 0.371293 0.13 0.2197 0.169 0.169
0.371293 0.28561 0.2197 0.371293 0.2197 0.17576 0.28561 0.169 0.501988 0.2197
0.627485 0.386145 0.2197 0.371293 0.371293 0.371293 0.386145 0.371293 0.228488 0.482681
0.28561 0.28561 0.28561 0.228488 0.28561 0.627485 0.228488 0.482681 0.2197 0.482681
0.2197 0.482681 0.28561 0.104 0.482681 0.2197 0.28561 0.2197 0.28561 0.386145
0.371293 0.501988 0.2197 0.104 0.371293 0.17576 0.28561 0.2197 0.815731 0.28561
0.2197 0.28561 0.371293 0.482681 0.228488 0.371293 0.17576 0.297034 0.228488 0.13
0.627485 0.2197 0.482681 0.169 0.482681 0.169 0.28561 0.501988 0.28561 0.482681
0.386145 0.13 0.2197 0.371293 0.2197 0.627485 0.28561 0.482681 0.169 0.482681
0.2197 0.482681 0.2197 0.17576 0.371293 0.17576 0.1 0.0832 0.482681 0.228488
0.169 0.17576 0.28561 0.386145 0.386145 0.371293 0.371293 0.482681 0.371293 0.482681
0.228488 0.371293 0.371293 0.28561 0.371293 0.169 0.28561 0.482681 0.297034 0.2197
0.482681 0.2197 0.28561 0.482681 0.386145 0.371293 0.815731 0.169 0.482681 0.28561
0.371293 0.2197 0.2197 0.2197 0.28561 0.28561 0.297034 0.297034 0.28561 0.297034
0.169 0.28561 0.28561 0.297034 0.386145 0.104 0.371293 0.104 0.371293 0.386145
0.371293 0.482681 0.2197 0.482681 0.371293 0.371293 0.2197 0.13 0.2197 0.2197
0.13 0.371293 0.2197 0.386145 0.2197 0.386145 0.169 0.386145 0.2197 0.482681
0.297034 0.169 0.28561 0.17576 0.371293 0.28561 0.297034 0.482681 0.228488 0.482681
0.371293 0.2197 0.371293 0.28561 0.28561 0.297034 0.2197 0.2197 0.2197 0.482681
0.371293 0.28561 0.28561 0.169 0.104 0.169 0.28561 0.297034 0.228488 0.228488
0.297034 0.2197 0.28561 0.228488 0.228488 0.297034 0.2197 0.13 0.297034 0.482681
0.169 0.13 0.13 0.228488 0.2197 0.169 0.482681 0.228488 0.17576 0.28561
0.28561 0.2197 0.482681 0.28561 0.501988 0.228488 0.371293 0.169 0.371293 0.28561
0.482681 0.2197 0.2197 0.2197 0.297034 0.2197 0.228488 0.28561 0.1352 0.482681
0.28561 0.482681 0.2197 0.169 0.17576 0.2197 0.28561 0.28561 0.28561 0.228488
0.28561 0.2197 0.386145 0.28561 0.2197 0.28561 0.2197 0.2197 0.2197 0.371293
0.228488 0.297034 0.169 0.371293 0.1352 0.28561 0.169 0.371293 0.228488 0.297034
0.28561 0.371293 0.386145 0.371293 0.401591 0.2197 0.2197 0.228488 0.28561 0.228488
0.28561 0.2197 0.228488 0.482681 0.28561 0.28561 0.28561 0.371293 0.28561 0.501988
0.169 0.28561 0.371293 0.482681 0.28561 0.13 0.482681 0.297034 0.371293 0.169
0.482681 0.228488 0.28561 0.371293 0.18279 0.482681 0.2197 0.501989 0.386145 0.2197
0.297034 0.169 0.2197 0.371293 0.28561 0.17576 0.627485 0.28561 
>categories:
0 0
>mixtureAssignment:
0 0 0 0 0 0 0 0 0 0 0 0 0 0 0 0 0 0 0 0 0 0 0 0 0 0 0 0 0 0 0 0 0 0 0 0 0 0 0 0 0 0 0 0 0 0 0 0 0 0
0 0 0 0 0 0 0 0 0 0 0 0 0 0 0 0 0 0 0 0 0 0 0 0 0 0 0 0 0 0 0 0 0 0 0 0 0 0 0 0 0 0 0 0 0 0 0 0 0 0
0 0 0 0 0 0 0 0 0 0 0 0 0 0 0 0 0 0 0 0 0 0 0 0 0 0 0 0 0 0 0 0 0 0 0 0 0 0 0 0 0 0 0 0 0 0 0 0 0 0
0 0 0 0 0 0 0 0 0 0 0 0 0 0 0 0 0 0 0 0 0 0 0 0 0 0 0 0 0 0 0 0 0 0 0 0 0 0 0 0 0 0 0 0 0 0 0 0 0 0
0 0 0 0 0 0 0 0 0 0 0 0 0 0 0 0 0 0 0 0 0 0 0 0 0 0 0 0 0 0 0 0 0 0 0 0 0 0 0 0 0 0 0 0 0 0 0 0 0 0
0 0 0 0 0 0 0 0 0 0 0 0 0 0 0 0 0 0 0 0 0 0 0 0 0 0 0 0 0 0 0 0 0 0 0 0 0 0 0 0 0 0 0 0 0 0 0 0 0 0
0 0 0 0 0 0 0 0 0 0 0 0 0 0 0 0 0 0 0 0 0 0 0 0 0 0 0 0 0 0 0 0 0 0 0 0 0 0 0 0 0 0 0 0 0 0 0 0 0 0
0 0 0 0 0 0 0 0 0 0 0 0 0 0 0 0 0 0 0 0 0 0 0 0 0 0 0 0 0 0 0 0 0 0 0 0 0 0 0 0 0 0 0 0 0 0 0 0 0 0
0 0 0 0 0 0 0 0 0 0 0 0 0 0 0 0 0 0 
>numMutationCategories:
1
>numSelectionCategories:
1
>categoryProbabilities:
1 
>selectionIsInMixture:
***
0 
>mutationIsInMixture:
***
0 
>obsPhiSets:
0
>currentSynthesisRateLevel:
***
1.65854 1.13571 1.01887 1.29817 0.9556 1.12491 1.27565 0.779365 1.0742 0.871768
1.9143 0.779657 0.813481 0.841772 1.14702 1.66408 0.685978 0.688887 1.31017 1.58691
0.884282 0.782759 1.00976 0.982776 0.787629 0.96617 0.870171 0.764189 0.697471 0.820747
0.587372 1.20792 1.08997 0.921438 0.858173 1.45433 0.890032 1.12085 1.77542 0.597407
0.645651 1.267 0.967464 0.609753 1.15632 0.723834 1.06053 1.29111 1.56381 0.703913
1.00858 0.762888 1.12929 0.819129 0.811761 0.936537 0.948757 0.893469 1.07495 1.55742
0.589398 0.847786 1.04965 0.754508 0.815699 0.90292 0.697988 0.657477 1.75939 1.70479
0.877374 0.72745 0.932735 1.41715 1.32057 1.52474 0.66679 0.897143 0.93533 0.710113
1.09971 0.938694 1.06221 1.41403 1.20653 0.648818 0.975453 1.42497 0.778675 0.660964
1.03898 0.780095 1.11491 1.59849 1.15737 0.904811 0.682842 1.29482 0.935552 1.09215
0.86603 0.51565 0.927745 1.00372 1.08055 0.662075 1.04102 0.950507 0.839489 1.4745
0.776654 1.13316 1.4996 1.10995 0.945014 0.993866 0.986399 1.0502 0.743087 0.773057
0.834516 1.01308 0.792304 0.888719 0.750651 0.790255 0.947504 1.06484 0.962626 0.632444
1.21433 0.857222 0.869826 1.01413 0.821583 1.14075 0.615876 1.06381 0.714211 1.60654
1.204 1.49052 0.784441 1.01275 1.21795 0.832992 0.886922 0.981701 0.971689 0.898899
1.07635 0.861237 1.27689 0.908686 0.904147 1.5727 1.17732 1.11114 0.738824 1.07019
1.25859 0.990207 0.751219 1.26627 1.42519 1.13123 1.72676 0.848949 1.17053 0.899914
1.18099 1.35026 0.781273 1.14324 0.887711 1.69118 0.870202 0.871421 0.708606 0.68345
0.708812 0.953897 0.599676 0.671007 0.688339 0.678026 0.696349 1.52664 0.787056 0.618674
0.911201 0.643622 1.14941 0.918751 0.855513 1.54804 0.992984 1.08742 0.983897 1.15739
1.00709 0.968972 0.954619 1.16891 1.2837 0.720161 0.621178 0.952874 0.705715 0.525769
0.973138 0.65817 0.652109 0.915635 0.714313 1.35935 1.04597 0.57929 0.757886 0.986702
1.18712 1.71666 1.3341 1.47046 1.01529 0.601598 0.621582 0.791673 0.772479 0.958492
1.18559 0.961986 1.04079 1.08996 0.94584 0.726034 1.12431 0.835083 1.13562 0.892068
1.23365 0.639651 1.16165 0.739794 1.00964 0.91953 0.736608 1.08793 0.819846 0.846511
0.565783 0.755549 0.693236 0.40571 0.835335 0.859425 0.795666 0.82542 0.778576 1.16813
0.907312 0.878203 1.45077 0.853937 0.834583 1.242 0.842617 1.09739 0.944777 1.03194
0.722173 0.903899 0.728951 1.01393 0.912198 0.779364 1.03272 0.751305 1.33083 0.602678
1.00186 0.928728 1.14339 1.35704 1.22755 1.08005 1.11494 0.992566 0.805591 0.703582
0.698058 0.930913 0.990498 1.75124 0.70556 0.829697 0.850161 0.765078 0.960922 1.13964
0.634837 1.05305 0.787602 1.1711 1.00228 0.73618 0.847958 0.913901 0.721202 0.748276
1.12824 0.809226 1.02582 1.03203 0.759838 0.776906 0.960365 0.794596 1.4253 0.755319
0.690999 1.35818 0.866226 0.642164 0.738604 1.19687 1.06493 1.15312 0.828032 0.66073
0.853467 1.32324 1.28655 0.894427 0.789367 1.10133 0.61827 0.617995 1.02225 0.80637
1.07428 0.856089 0.941497 1.2829 0.684379 0.641093 0.944043 1.33648 0.919183 1.42276
0.855262 1.24177 0.839082 1.10999 0.895624 0.929649 0.878479 0.900777 0.774667 0.621083
0.814591 0.922087 0.924092 0.837195 0.978405 1.0566 0.894256 0.743578 1.40759 0.799512
0.783551 0.817301 0.806567 1.04924 0.797615 0.955707 1.05299 0.92317 1.08203 0.862882
1.00709 0.67287 0.794397 0.919043 0.91479 0.92386 0.915861 0.993895 0.809131 0.686855
0.860667 0.600263 1.08434 1.19958 0.89457 0.800439 1.19948 0.958893 0.810962 0.776205
0.593174 1.12289 1.30885 0.919036 0.842252 1.01777 1.17802 1.33473 0.634274 1.53634
0.969183 1.33431 1.01148 0.902297 0.916838 1.1328 0.80542 0.905769 
>noiseOffset:
>observedSynthesisNoise:
>std_NoiseOffset:
>mutation_prior_mean:
***
0 0 0 0 0 0 0 0 0 0
0 0 0 0 0 0 0 0 0 0
0 0 0 0 0 0 0 0 0 0
0 0 0 0 0 0 0 0 0 0
>mutation_prior_sd:
***
0.35 0.35 0.35 0.35 0.35 0.35 0.35 0.35 0.35 0.35
0.35 0.35 0.35 0.35 0.35 0.35 0.35 0.35 0.35 0.35
0.35 0.35 0.35 0.35 0.35 0.35 0.35 0.35 0.35 0.35
0.35 0.35 0.35 0.35 0.35 0.35 0.35 0.35 0.35 0.35
>std_csp:
0.032768 0.032768 0.032768 0.429982 0.248832 0.20736 0.298598 0.04096 0.04096 0.04096
0.619174 0.1 0.1 0.248832 0.0209715 0.0209715 0.0209715 0.0209715 0.0209715 0.248832
0.1 0.1 0.1 0.248832 0.0512 0.0512 0.0512 0.0512 0.0512 0.04096
0.04096 0.04096 0.04096 0.04096 0.04096 0.04096 0.04096 0.04096 0.358318 0.619174
>currentMutationParameter:
***
-1.19084 2.08674 0.633183 1.70701 1.65096 -2.59462 1.27188 0.0731186 1.04472 -0.103166
2.07275 0.16151 1.42227 -2.70577 0.481166 2.30028 1.64018 0.236147 -2.56308 1.86278
-1.36935 2.63231 0.490568 -2.01915 -0.816199 -0.106376 -0.432546 1.74199 -0.473361 -1.11867
1.84022 1.15302 -0.921567 2.02358 0.5302 -0.768495 1.70725 1.11147 1.63647 1.0773
>currentSelectionParameter:
***
1.61819 -1.38227 0.862138 -1.77249 -1.07721 2.39464 -1.57143 -1.55114 -0.604965 0.847591
-1.99924 1.41016 -1.05726 2.72331 0.52119 -2.02498 -1.21145 -0.294775 3.94055 -1.70784
-0.231638 -1.8035 -0.4706 1.28085 0.376097 1.35104 0.76584 -0.904488 1.67254 1.22707
-1.44526 -0.610706 1.14615 -1.56491 0.617233 1.85865 -1.20746 -0.632329 -1.57685 -0.872486
>covarianceMatrix:
A
6.37008e-05	0	0	0	0	0	
0	6.37008e-05	0	0	0	0	
0	0	6.37008e-05	0	0	0	
0	0	0	0.00142139	-0.00093159	0.000480582	
0	0	0	-0.00093159	0.00157658	-6.74192e-05	
0	0	0	0.000480582	-6.74192e-05	0.00136419	
***
>covarianceMatrix:
C
0.0107495	0	
0	0.0107495	
***
>covarianceMatrix:
D
0.0062208	0	
0	0.0062208	
***
>covarianceMatrix:
E
0.005184	0	
0	0.005184	
***
>covarianceMatrix:
F
0.00746496	0	
0	0.00746496	
***
>covarianceMatrix:
G
0.00013271	0	0	0	0	0	
0	0.00013271	0	0	0	0	
0	0	0.00013271	0	0	0	
0	0	0	0.00240735	0.00148384	-0.000470015	
0	0	0	0.00148384	0.00215076	0.000225514	
0	0	0	-0.000470015	0.000225514	0.00160508	
***
>covarianceMatrix:
H
0.0154794	0	
0	0.0154794	
***
>covarianceMatrix:
I
0.0025	0	0	0	
0	0.0025	0	0	
0	0	0.0025	0	
0	0	0	0.0025	
***
>covarianceMatrix:
K
0.0062208	0	
0	0.0062208	
***
>covarianceMatrix:
L
1.46767e-05	0	0	0	0	0	0	0	0	0	
0	1.46767e-05	0	0	0	0	0	0	0	0	
0	0	1.46767e-05	0	0	0	0	0	0	0	
0	0	0	1.46767e-05	0	0	0	0	0	0	
0	0	0	0	1.46767e-05	0	0	0	0	0	
0	0	0	0	0	0.000835529	0.000162118	0.000245628	0.000102953	0.000133273	
0	0	0	0	0	0.000162118	0.00129886	0.00100686	0.000112987	-0.00139987	
0	0	0	0	0	0.000245628	0.00100686	0.00154859	2.0236e-05	-0.00155794	
0	0	0	0	0	0.000102953	0.000112987	2.0236e-05	0.00034461	0.000243406	
0	0	0	0	0	0.000133273	-0.00139987	-0.00155794	0.000243406	0.00410477	
***
>covarianceMatrix:
N
0.0062208	0	
0	0.0062208	
***
>covarianceMatrix:
P
0.0025	0	0	0	0	0	
0	0.0025	0	0	0	0	
0	0	0.0025	0	0	0	
0	0	0	0.0025	0	0	
0	0	0	0	0.0025	0	
0	0	0	0	0	0.0025	
***
>covarianceMatrix:
Q
0.0062208	0	
0	0.0062208	
***
>covarianceMatrix:
R
0.00027648	0	0	0	0	0	0	0	0	0	
0	0.00027648	0	0	0	0	0	0	0	0	
0	0	0.00027648	0	0	0	0	0	0	0	
0	0	0	0.00027648	0	0	0	0	0	0	
0	0	0	0	0.00027648	0	0	0	0	0	
0	0	0	0	0	0.000934934	0.000981415	0.000550018	-0.000168119	0.000922564	
0	0	0	0	0	0.000981415	0.00601914	0.00233256	0.000176183	0.00404371	
0	0	0	0	0	0.000550018	0.00233256	0.00199889	-6.68983e-05	0.00205402	
0	0	0	0	0	-0.000168119	0.000176183	-6.68983e-05	0.00362346	-0.000530624	
0	0	0	0	0	0.000922564	0.00404371	0.00205402	-0.000530624	0.00565096	
***
>covarianceMatrix:
S
0.00013271	0	0	0	0	0	
0	0.00013271	0	0	0	0	
0	0	0.00013271	0	0	0	
0	0	0	0.00176495	-0.00164693	-0.000741015	
0	0	0	-0.00164693	0.00387595	0.00236477	
0	0	0	-0.000741015	0.00236477	0.00238177	
***
>covarianceMatrix:
T
0.00013271	0	0	0	0	0	
0	0.00013271	0	0	0	0	
0	0	0.00013271	0	0	0	
0	0	0	0.00136788	-0.00120385	0.000451552	
0	0	0	-0.00120385	0.0035048	0.000261807	
0	0	0	0.000451552	0.000261807	0.00131354	
***
>covarianceMatrix:
V
0.00013271	0	0	0	0	0	
0	0.00013271	0	0	0	0	
0	0	0.00013271	0	0	0	
0	0	0	0.003988	-0.00184318	-0.00128335	
0	0	0	-0.00184318	0.00189642	0.00117886	
0	0	0	-0.00128335	0.00117886	0.00167528	
***
>covarianceMatrix:
Y
0.00895795	0	
0	0.00895795	
***
>covarianceMatrix:
Z
0.0154794	0	
0	0.0154794	
***
