>groupList:
A C D E F G H I K L
N P Q R S T V Y Z 
>stdDevSynthesisRate:
0.869755 
>numParam:
40
>numMixtures:
1
>std_stdDevSynthesisRate:
0.248832
>std_phi:
***
0.169 0.371293 0.371293 0.169 0.371293 0.371293 0.371293 0.371293 0.371293 0.371293
0.13 0.169 0.371293 0.371293 0.371293 0.371293 1.37858 0.482681 0.627485 0.627485
0.815731 0.371293 0.627485 0.627485 0.627485 0.297034 0.169 0.371293 0.815731 0.371293
0.627485 1.37858 1.37858 0.815731 0.371293 0.815731 0.371293 0.371293 0.482681 0.28561
0.371293 0.482681 0.627485 0.371293 0.371293 0.482681 1.06045 1.37858 0.386145 0.482681
0.482681 0.482681 0.482681 0.482681 0.627485 0.482681 0.815731 0.627485 0.627485 0.627485
0.482681 0.482681 0.482681 1.06045 0.482681 0.815731 0.482681 0.627485 1.37858 0.815731
0.482681 1.06045 0.815731 0.815731 0.371293 0.627485 1.37858 0.371293 0.627485 0.482681
1.06045 1.06045 1.06045 0.371293 0.627485 0.627485 0.371293 0.815731 0.815731 0.627485
0.627485 0.627485 1.06045 0.627485 0.482681 0.371293 0.482681 0.815731 0.627485 0.386145
1.06045 0.815731 1.06045 0.482681 0.652585 1.37858 0.482681 0.482681 1.06045 0.482681
0.815731 0.482681 0.627485 0.482681 0.627485 0.627485 0.815731 0.815731 0.627485 0.28561
0.815731 0.627485 0.627485 0.815731 1.06045 0.482681 0.482681 0.371293 
>categories:
0 0
>mixtureAssignment:
0 0 0 0 0 0 0 0 0 0 0 0 0 0 0 0 0 0 0 0 0 0 0 0 0 0 0 0 0 0 0 0 0 0 0 0 0 0 0 0 0 0 0 0 0 0 0 0 0 0
0 0 0 0 0 0 0 0 0 0 0 0 0 0 0 0 0 0 0 0 0 0 0 0 0 0 0 0 0 0 0 0 0 0 0 0 0 0 0 0 0 0 0 0 0 0 0 0 0 0
0 0 0 0 0 0 0 0 0 0 0 0 0 0 0 0 0 0 0 0 0 0 0 0 0 0 0 0 
>numMutationCategories:
1
>numSelectionCategories:
1
>categoryProbabilities:
1 
>selectionIsInMixture:
***
0 
>mutationIsInMixture:
***
0 
>obsPhiSets:
0
>currentSynthesisRateLevel:
***
1.74604 1.31175 1.69302 1.77789 1.49563 1.30795 1.59389 1.56952 0.703991 1.47628
1.74111 2.10583 1.18987 1.00213 1.26813 1.09443 0.585833 1.13447 1.03761 0.839628
0.672173 0.917892 0.522485 0.535468 0.746097 1.21295 1.62747 1.21666 0.544975 1.11438
0.255771 0.591906 0.257916 0.271776 1.55191 0.649356 1.24267 0.639101 0.359222 0.875963
1.04061 0.693448 0.515753 0.862893 0.397113 0.598917 0.461632 0.193132 0.44239 0.597496
0.462902 0.262181 0.658415 0.511721 0.337823 0.397291 0.386014 0.449446 0.445534 0.485618
0.365119 0.520154 1.05164 0.362142 0.910033 0.567346 0.561066 0.377679 0.189707 0.454594
0.571648 0.435515 0.324134 0.549754 1.86538 0.246675 0.251165 0.369451 0.469526 0.449189
0.116204 0.31827 0.223814 0.670037 0.616754 0.654059 0.951669 0.440881 0.448204 0.34228
0.456598 0.751997 0.114511 0.590153 1.52166 1.64616 0.401536 0.401636 0.672636 0.344364
0.227468 0.155327 0.164329 1.22816 0.360904 0.122835 0.320425 0.449031 0.393063 0.418013
0.210156 0.341151 0.294309 0.48458 0.564237 0.145235 0.218763 0.24707 0.278842 0.52374
0.16142 0.442316 0.585777 0.161105 0.176699 1.21025 0.738258 0.838716 
>noiseOffset:
>observedSynthesisNoise:
>std_NoiseOffset:
>mutation_prior_mean:
***
0 0 0 0 0 0 0 0 0 0
0 0 0 0 0 0 0 0 0 0
0 0 0 0 0 0 0 0 0 0
0 0 0 0 0 0 0 0 0 0
>mutation_prior_sd:
***
0.35 0.35 0.35 0.35 0.35 0.35 0.35 0.35 0.35 0.35
0.35 0.35 0.35 0.35 0.35 0.35 0.35 0.35 0.35 0.35
0.35 0.35 0.35 0.35 0.35 0.35 0.35 0.35 0.35 0.35
0.35 0.35 0.35 0.35 0.35 0.35 0.35 0.35 0.35 0.35
>std_csp:
0.08 0.08 0.08 0.627485 0.815731 0.482681 0.627485 0.1 0.1 0.1
0.815731 0.104 0.104 0.371293 0.08 0.08 0.08 0.08 0.08 0.482681
0.0512 0.0512 0.0512 0.627485 0.08 0.08 0.08 0.08 0.08 0.064
0.064 0.064 0.08 0.08 0.08 0.1 0.1 0.1 0.482681 0.627485
>currentMutationParameter:
***
0.141644 0.502307 0.0865124 0.33636 0.618075 -0.286398 -0.188863 -0.336964 0.109311 1.00626
0.641011 0.948407 0.215916 -0.239511 0.539641 0.158911 0.0345086 0.261429 0.708502 0.680354
-0.164578 0.73807 -0.476755 -0.081834 -0.266014 0.825569 -0.479901 0.767162 0.292963 -0.399685
0.520129 -0.494466 -0.181335 0.840635 0.0881475 0.607723 0.177794 -0.114281 0.134106 0.548993
>currentSelectionParameter:
***
1.14949 -0.192576 2.30066 -1.23848 -0.536758 0.50178 -1.05702 -1.80725 0.39511 -0.242017
-1.04112 2.22585 -0.47019 1.20169 2.86928 -0.753845 0.645509 -0.981668 2.47805 -1.23579
-2.65373 0.368816 0.473272 -0.762879 0.86109 2.44683 2.50035 -0.297957 2.77164 0.963263
-0.368035 1.30193 0.935979 -0.825171 1.42644 1.47848 0.0144789 1.38973 -0.947556 -1.24946
>covarianceMatrix:
A
0.0024737	0.00018472	0.00101861	-0.00190506	-4.13416e-05	-0.000277462	
0.00018472	0.00172248	0.000104654	-0.000110001	-0.000825975	-0.000333427	
0.00101861	0.000104654	0.00294888	-0.000833455	5.4292e-05	-0.00240126	
-0.00190506	-0.000110001	-0.000833455	0.00314209	8.83084e-05	0.000686383	
-4.13416e-05	-0.000825975	5.4292e-05	8.83084e-05	0.00126284	0.000225051	
-0.000277462	-0.000333427	-0.00240126	0.000686383	0.000225051	0.00543379	
***
>covarianceMatrix:
C
0.0156301	-0.0173879	
-0.0173879	0.0296343	
***
>covarianceMatrix:
D
0.00583779	-0.00579708	
-0.00579708	0.00941334	
***
>covarianceMatrix:
E
0.00421878	-0.00347049	
-0.00347049	0.00497228	
***
>covarianceMatrix:
F
0.00817502	-0.00990227	
-0.00990227	0.0204697	
***
>covarianceMatrix:
G
0.00381986	0.00111853	0.00127997	-0.00208533	-0.00219116	-0.00161839	
0.00111853	0.0058533	0.00248091	-0.00132041	-0.00658634	-0.00302163	
0.00127997	0.00248091	0.00674619	-0.00153351	-0.00430616	-0.00724058	
-0.00208533	-0.00132041	-0.00153351	0.00475417	0.00329542	0.00278504	
-0.00219116	-0.00658634	-0.00430616	0.00329542	0.0153263	0.00665544	
-0.00161839	-0.00302163	-0.00724058	0.00278504	0.00665544	0.0149216	
***
>covarianceMatrix:
H
0.0136794	-0.0133566	
-0.0133566	0.0244738	
***
>covarianceMatrix:
I
0.01432	-0.00157111	-0.0196769	0.00137883	
-0.00157111	0.00351487	0.00310611	-0.00184721	
-0.0196769	0.00310611	0.0426183	-0.00243109	
0.00137883	-0.00184721	-0.00243109	0.00293509	
***
>covarianceMatrix:
K
0.0066465	-0.00595877	
-0.00595877	0.010794	
***
>covarianceMatrix:
L
0.00244594	-0.00072391	0.000277277	-0.000929049	0.00147061	-0.000952917	0.000782938	9.68215e-05	0.000957877	-0.00244248	
-0.00072391	0.00141012	0.000166687	0.000782756	-0.000563084	0.000818011	-0.000853613	-0.000194968	-0.000744071	0.0015514	
0.000277277	0.000166687	0.00128416	0.000128453	0.000224751	0.000834163	-0.000182691	-0.000470366	-9.15297e-05	0.000498106	
-0.000929049	0.000782756	0.000128453	0.00170872	-0.000890977	0.000746457	-0.000853698	-0.000205702	-0.00110867	0.00221593	
0.00147061	-0.000563084	0.000224751	-0.000890977	0.00227399	-0.000520549	0.000691095	0.00011883	0.000905641	-0.00270755	
-0.000952917	0.000818011	0.000834163	0.000746457	-0.000520549	0.00372951	-0.00116677	-0.000889085	-0.00101968	0.00252641	
0.000782938	-0.000853613	-0.000182691	-0.000853698	0.000691095	-0.00116677	0.00160097	0.000390088	0.00105223	-0.0019434	
9.68215e-05	-0.000194968	-0.000470366	-0.000205702	0.00011883	-0.000889085	0.000390088	0.00113679	0.000328825	-0.000670076	
0.000957877	-0.000744071	-9.15297e-05	-0.00110867	0.000905641	-0.00101968	0.00105223	0.000328825	0.00181795	-0.00234306	
-0.00244248	0.0015514	0.000498106	0.00221593	-0.00270755	0.00252641	-0.0019434	-0.000670076	-0.00234306	0.00785362	
***
>covarianceMatrix:
N
0.0067914	-0.00670926	
-0.00670926	0.0136651	
***
>covarianceMatrix:
P
0.00376529	0.00109311	0.000530876	-0.00319499	-0.00110483	0.000136346	
0.00109311	0.00628557	0.00100199	0.000455114	-0.0083343	-0.000364175	
0.000530876	0.00100199	0.00240497	-0.000260143	-0.00106411	-0.00264041	
-0.00319499	0.000455114	-0.000260143	0.00750422	-0.00109698	0.000595284	
-0.00110483	-0.0083343	-0.00106411	-0.00109698	0.0170927	0.00168481	
0.000136346	-0.000364175	-0.00264041	0.000595284	0.00168481	0.00652909	
***
>covarianceMatrix:
Q
0.00630691	-0.00541919	
-0.00541919	0.00890875	
***
>covarianceMatrix:
R
0.00139219	0.000834785	0.00115485	-0.000118798	0.00156502	-0.000828625	-0.000158443	-0.00112677	0.00011441	-0.00187273	
0.000834785	0.00254122	0.00122124	-8.42873e-05	0.00140989	-0.000763515	-0.00120184	-0.00111533	9.19236e-05	-0.0020991	
0.00115485	0.00122124	0.00311927	-0.000558879	0.00320923	-0.00119497	0.000108334	-0.00258712	0.000445116	-0.00417826	
-0.000118798	-8.42873e-05	-0.000558879	0.00131567	-0.000743582	0.000235778	-1.57075e-06	0.000551257	-0.000515824	0.000783874	
0.00156502	0.00140989	0.00320923	-0.000743582	0.00559029	-0.00167603	0.000328444	-0.00347318	0.000635029	-0.00655222	
-0.000828625	-0.000763515	-0.00119497	0.000235778	-0.00167603	0.00139266	0.000133798	0.00115772	-0.000185906	0.0020242	
-0.000158443	-0.00120184	0.000108334	-1.57075e-06	0.000328444	0.000133798	0.00327647	-0.00018668	-2.18096e-06	-0.000283513	
-0.00112677	-0.00111533	-0.00258712	0.000551257	-0.00347318	0.00115772	-0.00018668	0.00372332	-0.000448316	0.00516275	
0.00011441	9.19236e-05	0.000445116	-0.000515824	0.000635029	-0.000185906	-2.18096e-06	-0.000448316	0.000938687	-0.000660956	
-0.00187273	-0.0020991	-0.00417826	0.000783874	-0.00655222	0.0020242	-0.000283513	0.00516275	-0.000660956	0.0109845	
***
>covarianceMatrix:
S
0.00394723	0.00109085	0.00277477	-0.00422754	-0.0013957	-0.00308813	
0.00109085	0.00334031	0.00152505	-0.00103883	-0.00277325	-0.00203964	
0.00277477	0.00152505	0.00575037	-0.00241048	-0.00166684	-0.00625559	
-0.00422754	-0.00103883	-0.00241048	0.00760751	0.00195686	0.00413214	
-0.0013957	-0.00277325	-0.00166684	0.00195686	0.00388769	0.00292781	
-0.00308813	-0.00203964	-0.00625559	0.00413214	0.00292781	0.0107916	
***
>covarianceMatrix:
T
0.00244321	-4.20451e-05	0.00127696	-0.00202777	0.000121944	-0.00129144	
-4.20451e-05	0.00183602	-0.000475326	9.9296e-06	-0.000917635	0.000296315	
0.00127696	-0.000475326	0.00402129	-0.00133571	0.000377961	-0.00381963	
-0.00202777	9.9296e-06	-0.00133571	0.00332522	6.78054e-06	0.00163472	
0.000121944	-0.000917635	0.000377961	6.78054e-06	0.00157327	-0.000131079	
-0.00129144	0.000296315	-0.00381963	0.00163472	-0.000131079	0.00613124	
***
>covarianceMatrix:
V
0.00306066	-8.41401e-05	3.4579e-05	-0.000702685	0.000150136	0.00054687	
-8.41401e-05	0.00263426	0.00027844	0.000449862	-0.000769275	-0.000252867	
3.4579e-05	0.00027844	0.003147	0.000595841	-0.000169606	-0.00109486	
-0.000702685	0.000449862	0.000595841	0.00344703	-0.000310342	-0.000514042	
0.000150136	-0.000769275	-0.000169606	-0.000310342	0.00230721	0.000351803	
0.00054687	-0.000252867	-0.00109486	-0.000514042	0.000351803	0.00343282	
***
>covarianceMatrix:
Y
0.00931347	-0.00946777	
-0.00946777	0.0164268	
***
>covarianceMatrix:
Z
0.015338	-0.0217913	
-0.0217913	0.0476217	
***
