>groupList:
A C D E F G H I K L
N P Q R S T V Y Z 
>stdDevSynthesisRate:
0.662353 
>numParam:
40
>numMixtures:
1
>std_stdDevSynthesisRate:
0.08
>std_phi:
***
0.169 0.169 0.169 0.169 0.169 0.169 0.169 0.169 0.169 0.169
0.169 0.169 0.169 0.169 0.169 0.169 0.169 0.169 0.169 0.169
0.169 0.169 0.169 0.169 0.169 0.169 0.169 0.169 0.169 0.169
0.169 0.169 0.169 0.169 0.169 0.169 0.169 0.169 0.169 0.169
0.169 0.169 0.169 0.169 0.169 0.169 0.169 0.169 0.169 0.169
0.169 0.169 0.169 0.169 0.169 0.169 0.169 0.169 0.169 0.169
0.169 0.169 0.169 0.169 0.169 0.169 0.169 0.169 0.169 0.169
0.169 0.169 0.169 0.169 0.169 0.169 0.169 0.169 0.169 0.169
0.169 0.169 0.169 0.169 0.169 0.169 0.169 0.169 0.169 0.169
0.169 0.169 0.169 0.169 0.169 0.169 0.169 0.169 0.169 0.169
0.169 0.169 0.169 0.169 0.169 0.169 0.169 0.169 0.169 0.169
0.169 0.169 0.169 0.169 0.169 0.169 0.169 0.169 0.169 0.169
0.169 0.169 0.169 0.169 0.169 0.169 0.169 0.169 0.169 0.169
0.169 0.169 0.169 0.169 0.169 0.169 0.169 0.169 0.169 0.169
0.169 0.169 0.169 0.169 0.169 0.169 0.169 0.169 0.169 0.169
0.169 0.169 0.169 0.169 0.169 0.169 0.169 0.169 0.169 0.169
0.169 0.169 0.169 0.169 0.169 0.169 0.169 0.169 0.169 0.169
0.169 0.169 0.169 0.169 0.169 0.169 0.169 0.169 0.169 0.169
0.169 0.169 0.169 0.169 0.169 0.169 0.169 0.169 0.169 0.169
0.169 0.169 0.169 0.169 0.169 0.169 0.169 0.169 0.169 0.169
0.169 0.169 0.169 0.169 0.169 0.169 0.169 0.169 0.169 0.169
0.169 0.169 0.169 0.169 0.169 0.169 0.169 0.169 0.169 0.169
0.169 0.169 0.169 0.169 0.169 0.169 0.169 0.169 0.169 0.169
0.169 0.169 0.169 0.169 0.169 0.169 0.169 0.169 0.169 0.169
0.169 0.169 0.169 0.169 0.169 0.169 0.169 0.169 0.169 0.169
0.169 0.169 0.169 0.169 0.169 0.169 0.169 0.169 0.169 0.169
0.169 0.169 0.169 0.169 0.169 0.169 0.169 0.169 0.169 0.169
0.169 0.169 0.169 0.169 0.169 0.169 0.169 0.169 0.169 0.169
0.169 0.169 0.169 0.169 0.169 0.169 0.169 0.169 0.169 0.169
0.169 0.169 0.169 0.169 0.169 0.169 0.169 0.169 0.169 0.169
0.169 0.169 0.169 0.169 0.169 0.169 0.169 0.169 0.169 0.169
0.169 0.169 0.169 0.169 0.169 0.169 0.169 0.169 0.169 0.169
0.169 0.169 0.169 0.169 0.169 0.169 0.169 0.169 0.169 0.169
0.169 0.169 0.169 0.169 0.169 0.169 0.169 0.169 0.169 0.169
0.169 0.169 0.169 0.169 0.169 0.169 0.169 0.169 0.169 0.169
0.169 0.169 0.169 0.169 0.169 0.169 0.169 0.169 0.169 0.169
0.169 0.169 0.169 0.169 0.169 0.169 0.169 0.169 0.169 0.169
0.169 0.169 0.169 0.169 0.169 0.169 0.169 0.169 0.169 0.169
0.169 0.169 0.169 0.169 0.169 0.169 0.169 0.169 0.169 0.169
0.169 0.169 0.169 0.169 0.169 0.169 0.169 0.169 0.169 0.169
0.169 0.169 0.169 0.169 0.169 0.169 0.169 0.169 0.169 0.169
0.169 0.169 0.169 0.169 0.169 0.169 0.169 0.169 0.169 0.169
0.169 0.169 0.169 0.169 0.169 0.169 0.169 0.169 0.169 0.169
0.169 0.169 0.169 0.169 0.169 0.169 0.169 0.169 0.169 0.169
0.169 0.169 0.169 0.169 0.169 0.169 0.169 0.169 0.169 0.169
0.169 0.169 0.169 0.13 0.169 0.169 0.169 0.169 0.169 0.169
0.169 0.169 0.169 0.169 0.169 0.169 0.169 0.169 0.169 0.169
0.169 0.169 0.169 0.169 0.169 0.169 0.169 0.169 0.169 0.169
0.169 0.169 0.169 0.169 0.169 0.169 0.169 0.169 0.169 0.169
0.169 0.169 0.169 0.169 0.169 0.169 0.169 0.13 0.169 0.169
0.169 0.169 0.169 0.169 0.169 0.169 0.169 0.169 0.169 0.169
0.169 0.169 0.169 0.169 0.169 0.169 0.169 0.169 0.169 0.169
0.169 0.169 0.169 0.169 0.169 0.169 0.169 0.169 0.169 0.169
0.169 0.169 0.169 0.169 0.169 0.169 0.169 0.169 0.169 0.169
0.169 0.169 0.169 0.169 0.169 0.169 0.169 0.169 0.169 0.169
0.169 0.169 0.169 0.169 0.169 0.169 0.169 0.169 0.169 0.169
0.169 0.169 0.169 0.169 0.169 0.169 0.169 0.169 0.169 0.169
0.169 0.169 0.169 0.169 0.169 0.169 0.169 0.169 0.169 0.169
0.169 0.169 0.169 0.169 0.169 0.169 0.169 0.169 0.169 0.169
0.169 0.169 0.169 0.169 0.169 0.169 0.169 0.169 0.169 0.169
0.169 0.169 0.169 0.169 0.169 0.169 0.169 0.169 0.169 0.169
0.169 0.169 0.169 0.169 0.169 0.169 0.169 0.169 0.169 0.169
0.169 0.169 0.169 0.169 0.169 0.169 0.169 0.169 0.169 0.169
0.169 0.169 0.169 0.169 0.169 0.169 0.169 0.169 0.169 0.169
0.169 0.169 0.169 0.169 0.169 0.169 0.169 0.169 0.169 0.169
0.169 0.169 0.169 0.169 0.169 0.169 0.169 0.169 0.169 0.169
0.169 0.169 0.169 0.169 0.169 0.169 0.169 0.169 0.169 0.169
0.169 0.169 0.169 0.169 0.169 0.169 0.169 0.169 0.169 0.169
0.169 0.169 0.169 0.169 0.169 0.169 0.169 0.169 0.169 0.169
0.169 0.169 0.169 0.169 0.169 0.169 0.169 0.169 0.169 0.169
0.169 0.169 0.169 0.169 0.169 0.169 0.169 0.169 0.169 0.169
0.169 0.169 0.169 0.169 0.169 0.169 0.169 0.169 0.169 0.169
0.169 0.169 0.169 0.169 0.169 0.169 0.169 0.169 0.169 0.169
0.169 0.169 0.169 0.169 0.169 0.169 0.169 0.169 0.169 0.169
0.169 0.169 0.169 0.169 0.169 0.169 0.169 0.169 0.169 0.169
0.169 0.169 0.169 0.169 0.169 0.169 0.169 0.169 0.169 0.169
0.169 0.169 0.169 0.169 0.169 0.169 0.169 0.169 0.169 0.169
0.169 0.169 0.169 0.169 0.169 0.169 0.169 0.169 0.169 0.169
0.169 0.169 0.169 0.169 0.169 0.169 0.169 0.169 0.169 0.169
0.169 0.169 0.169 0.169 0.169 0.169 0.169 0.169 0.169 0.169
0.169 0.169 0.169 0.169 0.169 0.169 0.169 0.169 0.169 0.169
0.169 0.13 0.169 0.169 0.169 0.169 0.169 0.169 0.169 0.169
0.169 0.169 0.169 0.169 0.169 0.169 0.169 0.169 0.169 0.169
0.169 0.169 0.169 0.169 0.169 0.169 0.169 0.169 0.169 0.169
0.169 0.169 0.169 0.169 0.169 0.169 0.169 0.169 0.169 0.169
0.169 0.169 0.169 0.169 0.169 0.169 0.169 0.169 0.169 0.169
0.169 0.169 0.169 0.169 0.169 0.169 0.169 0.169 0.169 0.169
0.169 0.169 0.169 0.169 0.169 0.169 0.169 0.169 0.169 0.169
0.169 0.169 0.169 0.169 0.169 0.169 0.169 0.169 0.169 0.169
0.169 0.169 0.169 0.169 0.169 0.169 0.169 0.169 0.169 0.169
0.169 0.169 0.169 0.169 0.169 0.169 0.169 0.169 0.169 0.169
0.169 0.169 0.169 0.169 0.169 0.169 0.169 0.169 0.169 0.169
0.169 0.169 0.169 0.169 0.169 0.169 0.169 0.169 0.169 0.169
0.169 0.169 0.169 0.169 0.169 0.169 0.169 0.169 0.169 0.169
0.169 0.169 0.169 0.169 0.169 0.169 0.169 0.169 0.169 0.169
0.169 0.169 0.169 0.169 0.169 0.169 0.169 0.169 0.169 0.169
0.169 0.169 0.169 0.169 0.169 0.169 0.169 0.169 0.169 0.169
0.169 0.169 0.169 0.169 0.169 0.169 0.169 0.169 0.169 0.169
0.169 0.169 0.169 0.169 0.169 0.169 0.169 0.169 0.169 0.169
0.169 0.169 0.169 0.169 0.169 0.169 0.169 0.169 0.169 0.169
0.169 0.169 0.169 0.169 0.169 0.169 0.169 0.169 0.169 0.169
0.169 0.169 0.169 0.169 0.169 0.169 0.169 0.169 0.169 0.169
0.169 0.169 0.169 0.169 0.169 0.169 0.169 0.169 0.169 0.169
0.169 0.169 0.169 0.169 0.169 0.169 0.169 0.169 0.169 0.169
0.169 0.169 0.169 0.169 0.169 0.169 0.169 0.169 0.169 0.169
0.169 0.169 0.169 0.169 0.169 0.169 0.169 0.169 0.169 0.169
0.169 0.169 0.169 0.169 0.169 0.169 0.169 0.169 0.169 0.169
0.169 0.169 0.169 0.169 0.169 0.169 0.169 0.169 0.169 0.169
0.169 0.169 0.169 0.169 0.169 0.169 0.169 0.169 0.169 0.169
0.169 0.169 0.169 0.169 0.169 0.169 0.169 0.169 0.169 0.169
0.169 0.169 0.169 0.169 0.169 0.169 0.169 0.169 0.169 0.169
0.169 0.169 0.169 0.169 0.169 0.169 0.169 0.169 0.169 0.169
0.169 0.169 0.169 0.169 0.13 0.169 0.169 0.169 0.169 0.169
0.169 0.169 0.169 0.169 0.169 0.169 0.169 0.169 0.169 0.169
0.169 0.169 0.169 0.169 0.169 0.169 0.169 0.169 0.169 0.169
0.169 0.169 0.169 0.169 0.169 0.169 0.169 0.169 0.169 0.169
0.169 0.169 0.169 0.169 0.169 0.169 0.169 0.169 0.169 0.169
0.169 0.169 0.169 0.169 0.169 0.169 0.169 0.169 0.169 0.169
0.169 0.169 0.169 0.169 0.169 0.169 0.169 0.169 0.169 0.169
0.169 0.169 0.169 0.169 0.169 0.169 0.169 0.169 0.169 0.169
0.169 0.169 0.169 0.169 0.13 0.169 0.169 0.169 0.169 0.169
0.169 0.169 0.169 0.169 0.169 0.169 0.169 0.169 0.169 0.169
0.169 0.169 0.169 0.169 0.169 0.169 0.169 0.169 0.169 0.169
0.169 0.169 0.169 0.169 0.169 0.169 0.169 0.169 0.169 0.169
0.169 0.169 0.169 0.169 0.169 0.169 0.169 0.169 0.169 0.169
0.169 0.169 0.169 0.169 0.169 0.169 0.169 0.169 0.169 0.169
0.169 0.169 0.169 0.169 0.169 0.13 0.169 0.169 0.169 0.169
0.169 0.169 0.169 0.169 0.169 0.169 0.169 0.169 0.169 0.169
0.169 0.169 0.169 0.169 0.169 0.169 0.169 0.169 0.169 0.169
0.169 0.169 0.169 0.169 0.169 0.169 0.169 0.169 0.169 0.169
0.169 0.169 0.169 0.169 0.169 0.169 0.169 0.169 0.169 0.169
0.169 0.169 0.169 0.169 0.169 0.169 0.169 0.169 0.169 0.169
0.169 0.169 0.169 0.169 0.169 0.169 0.169 0.169 0.169 0.169
0.169 0.169 0.169 0.169 0.169 0.169 0.169 0.169 0.169 0.169
0.169 0.169 0.169 0.169 0.169 0.169 0.169 0.169 0.169 0.169
0.169 0.169 0.169 0.169 0.169 0.169 0.169 0.169 0.169 0.169
0.169 0.169 0.169 0.169 0.169 0.169 0.169 0.169 0.169 0.169
0.169 0.169 0.169 0.169 0.169 0.169 0.169 0.169 0.169 0.169
0.169 0.169 0.169 0.169 0.169 0.169 0.169 0.169 0.169 0.169
0.169 0.169 0.169 0.169 0.169 0.169 0.169 0.169 0.169 0.169
0.169 0.169 0.169 0.169 0.169 0.169 0.169 0.169 0.169 0.169
0.169 0.169 0.169 0.169 0.169 0.169 0.169 0.169 0.169 0.169
0.169 0.169 0.169 0.169 0.169 0.169 0.169 0.169 0.169 0.169
0.169 0.169 0.169 0.169 0.169 0.169 0.169 0.169 0.169 0.169
0.169 0.169 0.169 0.169 0.169 0.169 0.169 0.169 0.169 0.169
0.169 0.169 0.169 0.169 0.169 0.169 0.169 0.169 0.169 0.169
0.169 0.169 0.169 0.169 0.169 0.169 0.169 0.169 0.169 0.169
0.169 0.169 0.169 0.169 0.169 0.169 0.169 0.169 0.169 0.169
0.169 0.169 0.169 0.169 0.169 0.169 0.169 0.169 0.169 0.169
0.169 0.169 0.169 0.169 0.169 0.169 0.169 0.169 0.169 0.169
0.169 0.169 0.169 0.169 0.169 0.169 0.169 0.169 0.169 0.169
0.169 0.169 0.169 0.169 0.169 0.169 0.169 0.169 0.169 0.169
0.169 0.169 0.169 0.169 0.169 0.169 0.169 0.169 0.169 0.169
0.169 0.169 0.169 0.169 0.169 0.169 0.169 0.169 0.169 0.169
0.169 0.169 0.169 0.169 0.169 0.169 0.169 0.169 0.169 0.169
0.169 0.169 0.169 0.169 0.169 0.169 0.169 0.169 0.169 0.169
0.169 0.169 0.169 0.169 0.169 0.169 0.169 0.169 0.169 0.169
0.169 0.169 0.169 0.169 0.169 0.169 0.169 0.169 0.169 0.169
0.169 0.169 0.169 0.169 0.169 0.169 0.169 0.169 0.169 0.169
0.169 0.169 0.169 0.169 0.169 0.169 0.169 0.169 0.169 0.169
0.169 0.169 0.169 0.169 0.169 0.169 0.169 0.169 0.169 0.169
0.169 0.169 0.169 0.169 0.169 0.169 0.169 0.169 0.169 0.169
0.169 0.169 0.169 0.169 0.169 0.169 0.169 0.169 0.169 0.169
0.169 0.169 0.169 0.169 0.169 0.169 0.169 0.169 0.169 0.169
0.169 0.169 0.169 0.169 0.169 0.169 0.169 0.169 0.169 0.169
0.169 0.169 0.169 0.169 0.169 0.169 0.169 0.169 0.169 0.169
0.169 0.169 0.169 0.169 0.169 0.169 0.169 0.169 0.169 0.169
0.169 0.169 0.169 0.169 0.169 0.169 0.169 0.169 0.169 0.169
0.169 0.169 0.169 0.169 0.169 0.169 0.169 0.169 0.169 0.169
0.169 0.169 0.169 0.169 0.169 0.169 0.169 0.169 0.169 0.169
0.169 0.169 0.169 0.169 0.169 0.169 0.169 0.169 0.169 0.169
0.169 0.169 0.169 0.169 0.169 0.169 0.169 0.169 0.169 0.169
0.169 0.169 0.169 0.169 0.169 0.169 0.169 0.169 0.169 0.169
0.169 0.169 0.169 0.169 0.169 0.169 0.169 0.169 0.169 0.169
0.169 0.169 0.169 0.169 0.169 0.169 0.169 0.169 0.169 0.169
0.169 0.169 0.169 0.169 0.169 0.169 0.169 0.169 0.169 0.169
0.169 0.169 0.169 0.169 0.169 0.169 0.169 0.169 0.169 0.169
0.169 0.169 0.169 0.169 0.169 0.169 0.169 0.169 0.169 0.169
0.169 0.169 0.169 0.169 0.169 0.169 0.169 0.169 0.169 0.169
0.169 0.169 0.169 0.169 0.169 0.169 0.169 0.169 0.169 0.169
0.169 0.169 0.169 0.169 0.169 0.169 0.169 0.169 0.169 0.169
0.169 0.169 0.169 0.169 0.169 0.169 0.169 0.169 0.169 0.169
0.169 0.169 0.169 0.169 0.169 0.169 0.169 0.169 0.169 0.169
0.169 0.169 0.169 0.169 0.169 0.169 0.169 0.169 0.169 0.169
0.169 0.169 0.169 0.169 0.169 0.169 0.169 0.169 0.169 0.169
0.169 0.169 0.169 0.169 0.169 0.169 0.169 0.169 0.169 0.169
0.169 0.169 0.169 0.169 0.169 0.169 0.169 0.169 0.169 0.169
0.169 0.169 0.169 0.169 0.169 0.169 0.169 0.169 0.169 0.169
0.169 0.169 0.169 0.169 0.169 0.169 0.169 0.169 0.169 0.169
0.169 0.169 0.169 0.169 0.169 0.169 0.169 0.169 0.169 0.169
0.169 0.169 0.169 0.169 0.169 0.169 0.169 0.169 0.169 0.169
0.169 0.169 0.169 0.169 0.169 0.169 0.169 0.169 0.169 0.169
0.169 0.169 0.169 0.169 0.169 0.169 0.169 0.169 0.169 0.169
0.169 0.169 0.169 0.169 0.169 0.169 0.169 0.169 0.169 0.169
0.169 0.169 0.169 0.169 0.169 0.169 0.169 0.169 0.169 0.169
0.169 0.169 0.169 0.169 0.169 0.169 0.169 0.169 0.169 0.169
>categories:
0 0
>mixtureAssignment:
0 0 0 0 0 0 0 0 0 0 0 0 0 0 0 0 0 0 0 0 0 0 0 0 0 0 0 0 0 0 0 0 0 0 0 0 0 0 0 0 0 0 0 0 0 0 0 0 0 0
0 0 0 0 0 0 0 0 0 0 0 0 0 0 0 0 0 0 0 0 0 0 0 0 0 0 0 0 0 0 0 0 0 0 0 0 0 0 0 0 0 0 0 0 0 0 0 0 0 0
0 0 0 0 0 0 0 0 0 0 0 0 0 0 0 0 0 0 0 0 0 0 0 0 0 0 0 0 0 0 0 0 0 0 0 0 0 0 0 0 0 0 0 0 0 0 0 0 0 0
0 0 0 0 0 0 0 0 0 0 0 0 0 0 0 0 0 0 0 0 0 0 0 0 0 0 0 0 0 0 0 0 0 0 0 0 0 0 0 0 0 0 0 0 0 0 0 0 0 0
0 0 0 0 0 0 0 0 0 0 0 0 0 0 0 0 0 0 0 0 0 0 0 0 0 0 0 0 0 0 0 0 0 0 0 0 0 0 0 0 0 0 0 0 0 0 0 0 0 0
0 0 0 0 0 0 0 0 0 0 0 0 0 0 0 0 0 0 0 0 0 0 0 0 0 0 0 0 0 0 0 0 0 0 0 0 0 0 0 0 0 0 0 0 0 0 0 0 0 0
0 0 0 0 0 0 0 0 0 0 0 0 0 0 0 0 0 0 0 0 0 0 0 0 0 0 0 0 0 0 0 0 0 0 0 0 0 0 0 0 0 0 0 0 0 0 0 0 0 0
0 0 0 0 0 0 0 0 0 0 0 0 0 0 0 0 0 0 0 0 0 0 0 0 0 0 0 0 0 0 0 0 0 0 0 0 0 0 0 0 0 0 0 0 0 0 0 0 0 0
0 0 0 0 0 0 0 0 0 0 0 0 0 0 0 0 0 0 0 0 0 0 0 0 0 0 0 0 0 0 0 0 0 0 0 0 0 0 0 0 0 0 0 0 0 0 0 0 0 0
0 0 0 0 0 0 0 0 0 0 0 0 0 0 0 0 0 0 0 0 0 0 0 0 0 0 0 0 0 0 0 0 0 0 0 0 0 0 0 0 0 0 0 0 0 0 0 0 0 0
0 0 0 0 0 0 0 0 0 0 0 0 0 0 0 0 0 0 0 0 0 0 0 0 0 0 0 0 0 0 0 0 0 0 0 0 0 0 0 0 0 0 0 0 0 0 0 0 0 0
0 0 0 0 0 0 0 0 0 0 0 0 0 0 0 0 0 0 0 0 0 0 0 0 0 0 0 0 0 0 0 0 0 0 0 0 0 0 0 0 0 0 0 0 0 0 0 0 0 0
0 0 0 0 0 0 0 0 0 0 0 0 0 0 0 0 0 0 0 0 0 0 0 0 0 0 0 0 0 0 0 0 0 0 0 0 0 0 0 0 0 0 0 0 0 0 0 0 0 0
0 0 0 0 0 0 0 0 0 0 0 0 0 0 0 0 0 0 0 0 0 0 0 0 0 0 0 0 0 0 0 0 0 0 0 0 0 0 0 0 0 0 0 0 0 0 0 0 0 0
0 0 0 0 0 0 0 0 0 0 0 0 0 0 0 0 0 0 0 0 0 0 0 0 0 0 0 0 0 0 0 0 0 0 0 0 0 0 0 0 0 0 0 0 0 0 0 0 0 0
0 0 0 0 0 0 0 0 0 0 0 0 0 0 0 0 0 0 0 0 0 0 0 0 0 0 0 0 0 0 0 0 0 0 0 0 0 0 0 0 0 0 0 0 0 0 0 0 0 0
0 0 0 0 0 0 0 0 0 0 0 0 0 0 0 0 0 0 0 0 0 0 0 0 0 0 0 0 0 0 0 0 0 0 0 0 0 0 0 0 0 0 0 0 0 0 0 0 0 0
0 0 0 0 0 0 0 0 0 0 0 0 0 0 0 0 0 0 0 0 0 0 0 0 0 0 0 0 0 0 0 0 0 0 0 0 0 0 0 0 0 0 0 0 0 0 0 0 0 0
0 0 0 0 0 0 0 0 0 0 0 0 0 0 0 0 0 0 0 0 0 0 0 0 0 0 0 0 0 0 0 0 0 0 0 0 0 0 0 0 0 0 0 0 0 0 0 0 0 0
0 0 0 0 0 0 0 0 0 0 0 0 0 0 0 0 0 0 0 0 0 0 0 0 0 0 0 0 0 0 0 0 0 0 0 0 0 0 0 0 0 0 0 0 0 0 0 0 0 0
0 0 0 0 0 0 0 0 0 0 0 0 0 0 0 0 0 0 0 0 0 0 0 0 0 0 0 0 0 0 0 0 0 0 0 0 0 0 0 0 0 0 0 0 0 0 0 0 0 0
0 0 0 0 0 0 0 0 0 0 0 0 0 0 0 0 0 0 0 0 0 0 0 0 0 0 0 0 0 0 0 0 0 0 0 0 0 0 0 0 0 0 0 0 0 0 0 0 0 0
0 0 0 0 0 0 0 0 0 0 0 0 0 0 0 0 0 0 0 0 0 0 0 0 0 0 0 0 0 0 0 0 0 0 0 0 0 0 0 0 0 0 0 0 0 0 0 0 0 0
0 0 0 0 0 0 0 0 0 0 0 0 0 0 0 0 0 0 0 0 0 0 0 0 0 0 0 0 0 0 0 0 0 0 0 0 0 0 0 0 0 0 0 0 0 0 0 0 0 0
0 0 0 0 0 0 0 0 0 0 0 0 0 0 0 0 0 0 0 0 0 0 0 0 0 0 0 0 0 0 0 0 0 0 0 0 0 0 0 0 0 0 0 0 0 0 0 0 0 0
0 0 0 0 0 0 0 0 0 0 0 0 0 0 0 0 0 0 0 0 0 0 0 0 0 0 0 0 0 0 0 0 0 0 0 0 0 0 0 0 0 0 0 0 0 0 0 0 0 0
0 0 0 0 0 0 0 0 0 0 0 0 0 0 0 0 0 0 0 0 0 0 0 0 0 0 0 0 0 0 0 0 0 0 0 0 0 0 0 0 0 0 0 0 0 0 0 0 0 0
0 0 0 0 0 0 0 0 0 0 0 0 0 0 0 0 0 0 0 0 0 0 0 0 0 0 0 0 0 0 0 0 0 0 0 0 0 0 0 0 0 0 0 0 0 0 0 0 0 0
0 0 0 0 0 0 0 0 0 0 0 0 0 0 0 0 0 0 0 0 0 0 0 0 0 0 0 0 0 0 0 0 0 0 0 0 0 0 0 0 0 0 0 0 0 0 0 0 0 0
0 0 0 0 0 0 0 0 0 0 0 0 0 0 0 0 0 0 0 0 0 0 0 0 0 0 0 0 0 0 0 0 0 0 0 0 0 0 0 0 0 0 0 0 0 0 0 0 0 0
0 0 0 0 0 0 0 0 0 0 0 0 0 0 0 0 0 0 0 0 0 0 0 0 0 0 0 0 0 0 0 0 0 0 0 0 0 0 0 0 0 0 0 0 0 0 0 0 0 0
0 0 0 0 0 0 0 0 0 0 0 0 0 0 0 0 0 0 0 0 0 0 0 0 0 0 0 0 0 0 0 0 0 0 0 0 0 0 0 0 0 0 0 0 0 0 0 0 0 0
0 0 0 0 0 0 0 0 0 0 0 0 0 0 0 0 0 0 0 0 0 0 0 0 0 0 0 0 0 0 0 0 0 0 0 0 0 0 0 0 0 0 0 0 0 0 0 0 0 0
0 0 0 0 0 0 0 0 0 0 0 0 0 0 0 0 0 0 0 0 0 0 0 0 0 0 0 0 0 0 0 0 0 0 0 0 0 0 0 0 0 0 0 0 0 0 0 0 0 0
0 0 0 0 0 0 0 0 0 0 0 0 0 0 0 0 0 0 0 0 0 0 0 0 0 0 0 0 0 0 0 0 0 0 0 0 0 0 0 0 0 0 0 0 0 0 0 0 0 0
0 0 0 0 0 0 0 0 0 0 0 0 0 0 0 0 0 0 0 0 0 0 0 0 0 0 0 0 0 0 0 0 0 0 0 0 0 0 0 0 0 0 0 0 0 0 0 0 0 0
0 0 0 0 0 0 0 0 0 0 0 0 0 0 0 0 0 0 0 0 0 0 0 0 0 0 0 0 0 0 0 0 0 0 0 0 0 0 0 0 0 0 0 0 0 0 0 0 0 0
0 0 0 0 0 0 0 0 0 0 0 0 0 0 0 0 0 0 0 0 0 0 0 0 0 0 0 0 0 0 0 0 0 0 0 0 0 0 0 0 0 0 0 0 0 0 0 0 0 0
0 0 0 0 0 0 0 0 0 0 0 0 0 0 0 0 0 0 0 0 0 0 0 0 0 0 0 0 0 0 0 0 0 0 0 0 0 0 0 0 0 0 0 0 0 0 0 0 0 0
0 0 0 0 0 0 0 0 0 0 
>numMutationCategories:
1
>numSelectionCategories:
1
>categoryProbabilities:
1 
>selectionIsInMixture:
***
0 
>mutationIsInMixture:
***
0 
>obsPhiSets:
0
>currentSynthesisRateLevel:
***
1.70365 1.47666 0.259605 0.635159 2.63847 0.925199 0.89728 0.827945 0.822615 1.16276
1.82106 0.787921 0.780705 0.468126 1.90517 0.596246 0.949409 0.216903 0.371873 0.897421
0.60393 0.765916 1.45555 0.959112 1.06561 1.57363 0.958763 1.29914 0.195387 0.580065
0.617794 0.304433 0.174939 0.83533 1.44225 1.34756 1.17231 1.68701 0.61328 0.998734
0.330955 0.567572 0.955917 2.29182 0.96873 0.224456 0.928001 0.842796 0.734237 1.29921
0.671847 0.300643 0.977468 1.74333 1.65063 0.575003 1.26583 0.833123 1.40281 0.700992
1.22479 0.970321 1.055 0.569355 1.02748 0.707917 1.78389 0.952222 1.50281 0.651125
1.44534 1.07627 0.156851 1.73817 1.03313 0.764893 1.96079 2.04793 0.665542 2.11757
0.742236 1.21743 0.583573 0.400081 0.842282 0.661935 0.342659 0.448346 0.688203 0.331927
1.52293 0.739043 1.33209 2.11735 4.14581 0.471892 1.603 0.636166 1.02451 0.576066
0.270613 0.945988 1.68867 1.14793 0.780878 1.5875 1.18095 0.936634 0.83858 2.0819
2.34622 2.48997 0.482318 0.612029 0.706836 0.318892 0.202124 1.79326 1.66841 0.38411
0.713612 1.05142 0.454908 0.61503 1.14956 1.88799 1.72877 0.178017 0.993672 1.096
1.19527 0.327146 0.852658 2.26089 0.970048 0.786432 1.66213 0.976548 0.388505 0.270657
0.759418 1.28943 0.937422 0.902803 0.670113 0.965891 1.08903 1.64806 2.36574 1.07727
0.685588 0.749214 0.527261 1.53539 0.97884 0.577227 3.10414 1.15491 0.871968 1.3716
0.542379 0.945735 0.386298 0.819379 2.25106 1.05486 0.91882 0.434264 1.71092 0.942618
0.99071 2.15182 2.18689 1.29275 1.1185 0.559174 1.22887 0.925996 0.968185 1.1223
1.24131 0.416207 0.881088 1.31319 0.821884 0.640811 1.31012 0.671631 1.5625 2.22873
0.90959 0.34751 0.42338 1.21688 0.670245 0.66821 1.10867 0.279494 0.413636 1.35217
1.60445 2.33717 0.394511 0.473165 0.802503 0.369045 0.182661 0.881966 1.05085 1.08105
0.561929 0.627791 1.27924 0.558746 0.447477 0.716075 0.886351 0.281695 0.346137 1.90998
0.558782 1.80901 0.600081 0.391421 1.39691 0.945734 0.633608 0.57472 0.765169 2.24028
1.01925 0.750073 1.1113 0.636787 1.36455 1.36917 1.56707 0.846211 1.36705 0.703482
1.02842 0.367813 0.634158 1.3072 1.20571 1.0855 2.14062 0.528747 0.88974 1.02893
1.10676 0.378477 0.479507 0.423412 1.5536 1.1063 0.805439 0.373587 0.161879 0.724059
0.246776 0.20577 1.04939 0.716669 1.23366 1.16562 1.06702 1.06024 0.612939 1.63186
0.81437 0.325967 0.975276 1.19696 0.560828 1.40133 2.03501 0.672228 1.17617 0.920789
1.36101 1.29901 0.686039 0.487925 1.61248 1.07558 0.225619 0.159796 0.303644 0.775352
1.2862 1.60567 1.70671 0.715087 0.964476 0.615363 1.75311 0.734534 1.75804 0.944666
1.00804 0.99131 0.975641 1.12317 1.58446 0.517823 0.55891 0.30089 1.00015 1.0185
0.30915 0.301149 1.37685 0.695479 1.49928 1.28392 1.52582 0.374843 0.750702 0.986061
1.06522 0.766287 1.48798 1.09898 1.0279 0.406152 1.99527 1.04732 1.58989 1.50365
0.893184 0.966394 0.67947 0.88716 0.864091 1.13037 0.848648 1.01227 0.510314 0.385275
0.285089 0.606461 0.670044 2.20097 1.12422 1.19278 0.700067 0.636629 1.21149 0.603658
1.44627 1.83268 0.30295 1.97243 0.460451 0.64974 0.929009 0.929741 0.809923 2.3106
0.431461 0.374124 0.891164 1.19846 0.286376 3.66859 1.09797 0.792764 0.360023 1.12519
0.385721 1.20678 1.96086 0.561651 0.391993 1.62408 0.567034 0.759197 0.56594 1.17961
0.346083 1.35807 0.288459 1.77894 0.127768 0.940549 0.310073 1.68127 0.491054 0.261041
0.268834 0.306116 1.18117 0.390859 0.633596 0.992008 1.54998 1.29383 1.01506 0.937241
1.32027 0.165114 1.28886 1.85973 1.14036 1.79056 0.320035 0.488531 1.14536 0.697842
3.09405 1.21733 0.77114 0.960296 0.384493 0.895437 0.870586 1.17273 0.591548 0.233577
0.332986 0.800515 1.04366 0.639019 1.56708 1.90507 0.673073 1.27687 1.82514 0.496026
0.911913 0.851387 1.18949 1.07657 0.833664 2.87352 1.54335 0.253276 0.782769 0.401541
1.77295 1.48043 0.681066 1.32833 0.543892 0.356701 0.80541 1.04041 0.5525 0.837051
0.924972 0.718792 4.53554 2.42841 0.207445 1.15933 0.928591 1.18152 0.475532 0.831725
0.723446 0.145144 3.42001 0.56959 1.01231 0.773869 0.953691 1.01297 0.136192 0.517341
0.537567 0.892371 1.38144 0.771841 0.537082 0.96443 0.515894 3.07233 1.68208 1.30931
2.01208 1.26534 0.689622 3.2628 1.34605 0.291673 1.62609 0.388127 4.03467 0.340995
0.929092 2.15943 1.41342 2.5238 0.3622 0.77852 1.18372 1.2929 0.315587 0.688112
0.897426 0.927789 0.700273 2.37439 0.562878 1.1231 0.703715 0.730213 1.17213 1.06678
1.08434 0.41336 0.653159 2.42257 0.755732 0.705791 1.57202 1.53012 1.23499 0.332634
1.74036 0.891965 0.589859 1.05636 0.998995 0.448851 0.511208 0.968437 0.679505 1.48945
0.662899 0.386787 0.837589 0.260851 1.11913 0.313982 0.306773 0.328474 1.11756 1.52956
0.60248 0.765948 0.423675 0.621229 0.828298 0.189079 0.645696 1.58254 1.2315 1.07242
0.469552 0.901616 0.643697 1.2397 0.681751 0.235006 0.699865 0.51673 1.21112 2.02377
1.79937 0.59338 0.244257 0.61994 1.54318 0.168469 0.452845 1.00896 0.76833 1.27545
0.692171 1.15686 0.221874 2.34914 2.28608 0.293014 1.1285 0.961834 0.671744 1.8521
2.68221 0.491428 0.748515 0.149494 1.14218 1.45147 0.596218 0.189333 0.940716 0.626719
3.23492 0.578631 0.146591 1.53914 0.220099 1.20398 1.14603 1.02346 0.584067 2.98185
0.435559 0.575415 1.63343 1.07032 0.720098 0.759709 0.76113 1.20495 0.738439 0.696768
0.691983 1.76095 1.08986 1.1561 0.494272 0.315087 1.41005 0.565738 0.998998 1.61596
0.192965 0.355175 0.496825 1.53614 0.707515 1.07965 0.561394 1.46042 1.08322 0.944942
0.547743 0.742687 1.03665 0.683941 0.375619 2.90078 1.2243 0.22821 0.662459 0.94259
0.792545 0.438788 0.516116 2.82488 0.400718 0.479553 0.311175 0.444729 0.521186 0.516397
2.39135 0.677191 0.35515 0.969577 0.597011 0.120576 0.220697 0.869997 0.826318 0.438065
0.344408 2.21698 0.757392 0.864024 0.41024 0.526757 0.338021 0.842434 0.28018 1.37122
0.63449 0.565833 0.523653 1.4388 0.313879 0.63054 0.697648 2.08356 0.766619 0.402892
0.910525 0.575908 1.70449 1.17139 4.91755 0.536516 0.751562 1.31748 2.36524 0.554537
0.464773 0.76531 0.295469 1.42701 0.824303 0.259164 0.554533 0.761118 0.341273 0.741038
1.2862 0.558433 0.685024 1.61352 0.90868 1.94328 1.41537 1.37238 0.637605 0.442197
1.02293 0.440444 0.497215 0.488277 0.643696 1.2169 0.502442 0.371152 0.258562 0.856021
0.306372 0.705167 0.30593 0.488443 0.231674 0.892373 0.80024 0.385314 0.579152 1.02234
1.66486 1.81072 2.24928 0.445626 0.717181 2.23357 1.20976 0.218688 0.622377 1.60725
0.257919 1.45674 0.76243 1.12686 1.05846 0.994812 0.490163 0.634318 3.21814 0.965504
0.963717 0.474267 1.98039 1.87744 1.15065 0.693147 3.37563 0.516821 2.8259 0.705831
1.31597 1.05812 0.679079 0.495208 0.925433 0.521577 0.452164 0.551545 0.265958 1.24233
0.631073 0.637653 0.636038 0.64293 0.656326 0.838981 1.13209 0.429473 1.17986 0.941442
1.07911 0.193946 0.882982 0.279644 0.869212 1.75947 0.68609 1.26516 0.432471 0.672502
0.713115 1.0726 0.570843 1.92318 1.62725 0.986671 0.297591 0.959848 0.108695 1.01177
0.534 1.96975 0.666658 0.386175 0.384758 1.26925 0.559083 0.779296 1.68639 1.17046
1.09816 0.832039 1.82545 1.4441 3.01564 0.604711 1.28992 0.685982 0.606265 0.501252
1.96074 0.587405 0.350103 1.02619 0.799075 0.982383 1.41829 1.19137 2.54633 0.727374
2.1884 0.900663 1.7918 0.889674 1.81565 0.857534 0.421683 1.5508 0.240505 0.658188
0.688428 1.39065 1.05807 0.790516 0.946759 0.6945 0.45942 0.864584 0.447498 0.331655
0.365266 0.385206 0.977976 1.46065 0.982069 0.884649 0.239303 1.12109 1.00134 0.566148
0.50743 1.16235 0.247668 1.44641 0.10127 1.06593 1.05807 0.218788 0.710205 1.01012
2.0483 0.891268 0.695964 0.555691 0.58066 0.893816 0.309478 1.38393 0.875809 0.178136
0.45462 0.32546 0.630613 1.49076 1.3569 2.24089 0.359279 0.221041 0.518059 1.10571
0.378962 0.926605 0.183823 0.241332 0.800121 1.87622 1.41776 0.277747 0.362343 1.95787
0.468908 1.1842 1.43354 0.438844 0.598081 2.44818 1.31794 0.763825 1.48672 1.10239
0.166924 0.916859 0.687328 1.12219 0.830148 1.34093 1.6829 0.848024 2.21236 1.65332
0.510191 0.323049 1.97268 0.343911 0.527316 0.447075 0.678592 0.580579 0.582933 0.303596
0.728195 0.404138 0.955587 0.229362 1.9331 1.70278 2.80238 0.315947 1.12105 0.405088
1.02751 0.600296 1.32634 2.08361 1.26124 1.98138 1.37352 0.949669 1.44604 0.183077
0.334087 0.705249 1.32874 0.638394 1.26729 1.75164 0.624462 0.205029 1.82035 0.622392
0.672992 0.597992 2.58968 0.426164 1.08484 0.821391 1.61283 0.845195 1.32544 1.03857
3.3886 0.463307 0.538383 2.39753 1.08847 1.25633 0.107682 1.6899 0.653358 1.6258
0.458805 0.975446 0.510361 3.5017 3.36105 1.78606 2.52628 2.20962 3.09502 2.52077
0.675703 1.08226 3.15809 0.337013 2.29082 0.856704 2.15781 0.526044 0.60438 2.06287
0.920929 1.42355 0.538323 0.931204 1.30092 0.635918 2.0073 0.659695 0.651464 0.814031
0.637597 1.78776 0.405812 0.783145 0.469449 0.756795 1.38825 0.560077 0.998163 0.843041
4.15324 0.830949 0.620593 1.11295 1.58407 1.63446 1.70558 0.271557 0.576681 1.51996
0.360223 1.01091 0.911832 0.696327 0.813814 1.03737 1.68271 1.0221 0.925879 0.478327
0.355516 1.48813 0.566112 1.13387 0.568321 0.587506 0.22238 1.44061 0.953249 0.371936
0.855163 0.27145 0.647128 0.877193 0.212077 1.00849 0.770692 0.627824 0.502987 0.283799
1.78149 0.433125 3.28798 1.51909 0.531737 0.536492 1.10473 0.670354 0.867607 1.39387
1.78123 0.198234 0.41798 1.81895 0.658719 0.890539 1.34524 0.720689 0.919981 0.454253
0.57758 0.713366 0.483728 0.813201 1.37943 0.925642 2.29355 1.42636 0.164737 0.615964
1.73269 1.37897 0.253785 0.142898 1.12049 0.830338 0.721837 0.586362 0.843396 0.917051
0.802714 0.798784 0.248972 1.07429 1.20569 0.436299 0.322136 0.206814 0.408063 0.908234
0.310773 1.45499 0.585507 0.877972 0.989789 0.743654 1.61155 0.612785 1.01247 1.08299
0.592725 1.05378 1.34942 0.673854 1.4488 0.871055 0.423728 1.43349 0.632854 1.16545
1.42935 0.881404 2.0267 0.28534 0.176253 2.32607 3.70199 0.654943 0.557012 0.701612
0.847803 0.664285 0.786362 0.618849 2.33964 0.879252 1.26059 2.07836 1.89616 0.872221
0.686103 2.15911 0.866581 1.0493 1.73064 1.15178 0.468775 1.54959 1.25328 0.636827
1.49508 0.832177 0.868781 0.451298 0.718038 0.495836 1.09143 1.44043 1.52094 1.13793
0.883715 0.59888 0.733697 1.63103 0.516766 0.266317 0.332476 0.216623 0.320185 0.397993
0.346532 1.32656 0.96459 0.21585 0.856195 0.872018 0.132527 0.477501 0.462335 0.178964
3.26847 1.28559 1.2297 0.677272 0.970258 0.308435 1.56397 0.279872 1.39106 0.3647
0.526535 2.25013 1.39819 1.05508 1.46908 0.678769 0.906249 2.98854 0.468791 1.26664
1.11018 1.33254 0.479618 1.50962 1.49764 0.313904 0.579477 0.670737 1.51181 0.432967
2.2369 0.687791 4.46869 4.30286 0.992388 1.00366 0.799457 1.4648 0.297945 0.427159
0.486638 1.15373 2.22011 0.486676 0.852742 0.648691 1.67714 0.84337 1.26636 0.990502
0.998668 1.47884 0.358162 1.28348 0.968138 0.454745 0.885224 0.865535 3.18193 0.0984004
1.02309 0.712061 0.675211 0.507047 0.942528 1.1762 0.459947 0.272553 0.660959 0.365611
0.330082 0.731154 0.8908 0.753914 0.402114 2.39629 1.73205 2.01829 1.14838 1.11955
0.388938 3.48955 0.64265 1.30546 0.818077 0.164507 1.11584 0.936768 0.256248 0.571941
2.37765 1.08961 0.343313 2.94763 1.03109 0.546154 1.27685 0.573746 1.46536 1.07252
1.05214 0.787519 0.295572 0.996361 0.522108 0.329071 1.05778 0.408166 1.15785 0.558951
0.896472 1.5843 0.91656 0.209582 0.766663 2.13048 1.63005 0.503656 1.35578 0.892303
1.11331 1.157 0.450452 1.30143 0.2535 0.911418 1.1911 0.713332 0.638205 1.17711
3.21752 1.7079 0.0745263 0.557037 0.367542 0.681752 1.27736 0.951137 0.670922 0.33888
0.66623 1.48921 0.937438 0.384315 0.957317 1.5491 0.764104 1.36354 1.57077 1.05348
0.535586 0.591395 1.04759 1.30016 1.54901 0.502158 0.995375 0.636292 0.920095 1.26214
1.20749 0.135314 1.51827 2.46922 0.318115 1.08629 0.920213 0.866975 0.327949 1.66128
0.432859 1.23384 2.13851 1.6246 0.791496 0.329548 0.392199 0.950866 1.24292 0.950224
0.208064 1.553 0.59446 1.10868 0.459821 0.424634 1.02662 0.575075 0.109525 0.559817
0.218414 1.61664 0.618215 1.32628 2.09364 0.510167 0.893826 1.19501 1.27833 0.62789
1.50305 0.427983 0.46125 0.686879 0.75201 0.665752 1.11818 1.28651 1.76389 0.735642
1.71198 3.65929 0.781264 1.19538 0.280008 1.80495 1.03717 0.770582 0.706247 1.0439
0.602872 0.699125 2.15543 0.659538 0.853431 0.12941 0.417961 0.86988 1.00209 0.984593
1.35265 1.28881 1.56077 1.17968 0.405007 0.669241 0.371536 0.662996 2.16699 1.48334
0.689931 0.680887 1.12848 0.265316 0.347967 0.140317 0.899508 0.822135 1.16144 0.957696
1.45595 1.01859 1.49811 0.788918 4.71901 1.67692 2.5152 0.165093 0.552432 0.59907
1.05699 0.386743 0.575277 1.11508 0.777228 0.52354 2.62042 1.05066 1.41052 1.08161
0.154858 3.57878 0.955476 1.42648 1.66095 0.184558 0.82285 1.17364 0.849767 0.783563
2.10389 0.437794 1.75907 0.770255 0.521708 0.388183 0.692588 0.568447 1.02954 0.293704
0.779297 2.69829 0.857762 0.193343 0.707961 1.59199 0.887676 3.28222 1.31234 1.7241
0.560637 0.918641 0.429223 2.02289 0.766348 0.638733 0.283387 3.21645 0.250568 1.09645
0.829773 1.83139 0.398433 0.591972 0.583685 0.589588 0.465085 0.561879 1.44131 1.19512
0.671864 0.843522 1.68907 0.961899 0.637635 0.440394 1.33089 0.488719 1.47862 1.23295
0.525767 1.23349 1.47929 0.766049 1.0355 0.380512 2.57861 1.88641 1.29435 0.729135
0.292302 1.46678 0.247191 1.61547 1.29275 1.16327 0.498566 0.428707 0.586681 0.260148
1.26876 0.627907 0.582752 1.43282 0.980583 0.237989 0.802913 0.481373 3.82336 0.689915
0.480915 0.363529 1.56648 0.429105 1.92764 0.904337 0.550386 0.711325 0.99936 0.9724
1.70436 2.02296 0.987611 3.93328 1.76713 3.25669 1.76411 0.679178 0.649281 1.13036
0.951589 0.911456 0.883248 0.181064 0.751136 0.608194 0.271367 0.870014 0.847921 2.37346
1.34122 0.252158 1.4549 0.944318 0.91989 0.3274 0.438819 2.19651 1.98907 0.772088
3.85771 0.441694 2.09463 0.772568 0.563248 0.914999 1.52926 0.586426 0.187739 1.16176
1.52249 0.365174 0.751879 0.470677 1.25193 1.29562 0.550679 3.62545 0.608494 0.598206
2.91759 0.765052 0.740369 0.987623 1.80289 1.22382 1.13958 1.93305 0.827281 0.69798
0.38505 1.32292 0.873394 0.970672 0.960597 0.257802 0.583374 1.53226 3.52419 0.0884662
0.649386 0.988025 0.348169 0.901928 0.600506 1.06526 1.56269 0.397605 1.40406 0.404021
0.291437 0.500259 1.1968 1.01579 1.40198 0.481123 0.513078 1.01888 1.55429 0.462834
0.908869 0.299189 0.657473 1.88133 1.15033 0.218781 1.09472 0.580999 1.08861 3.37764
3.82363 0.821561 1.10447 1.632 1.24706 1.05652 1.97356 0.614156 1.2743 0.667338
0.27092 1.17058 0.245298 0.714931 3.44516 0.881555 0.386979 0.43655 0.637314 0.741473
0.946384 3.59606 2.42139 0.358768 1.53393 0.542007 0.633643 3.44205 0.228529 0.713881
0.332585 0.928509 0.1689 0.527522 0.424679 1.18052 0.395333 1.29485 0.953875 1.02038
1.62365 0.389385 1.08191 1.51924 0.76849 0.864732 1.30893 1.53919 1.24441 3.46841
0.594904 0.476272 1.26742 1.21252 0.542489 1.22562 0.63375 1.78094 1.00981 0.89016
0.426686 2.80342 0.404413 0.929541 1.78512 1.56456 2.57726 0.478961 0.212874 1.20867
0.950063 2.69887 0.64959 0.431668 0.56301 0.625344 0.542656 0.446218 1.30243 0.921241
1.05144 1.99088 0.862086 0.531309 0.70983 1.03919 1.74486 1.0729 0.570113 1.84772
0.0749469 0.963007 1.90851 0.418899 0.423842 0.320665 1.3124 1.04437 0.382683 0.417681
1.23402 1.40015 0.549067 2.90031 0.403767 0.430457 0.325499 0.145242 1.60954 0.758715
0.294724 0.591449 1.4791 1.19291 1.37209 1.26042 0.859757 1.29474 0.328806 1.67148
0.517803 0.470169 0.320963 0.995929 0.782727 0.690392 1.1132 0.312529 0.447286 0.158946
0.187084 1.29826 0.994599 1.94678 0.482111 0.850599 3.87276 4.00026 0.832832 1.15639
1.93163 0.366457 0.453833 0.861676 1.6957 0.574803 1.06433 0.45113 0.771935 0.3145
1.58878 0.778837 0.508278 1.07888 2.12375 1.00854 1.45142 0.808427 0.27633 1.6895
0.810945 1.35166 1.8988 0.853049 2.42734 0.744648 1.29825 1.10854 1.35046 0.506882
1.52659 0.52301 0.644408 1.18008 0.551379 0.743088 1.03361 2.17246 1.96596 1.00031
0.672605 1.32121 0.280032 0.953206 0.499277 4.38575 2.60574 0.945846 1.6655 0.660057
0.743351 0.862889 0.367632 0.81107 0.410315 0.998851 1.05031 0.837511 0.308181 1.51897
0.379338 1.03549 0.433773 0.118602 1.45151 1.07751 0.678732 0.708528 0.50198 0.712459
0.569799 0.746225 0.485102 1.77249 0.714948 1.56701 1.26737 1.13895 0.496921 0.480519
1.03965 2.33348 0.602412 0.911282 1.92885 0.976916 0.897247 0.584942 1.06769 2.12191
0.402662 0.341744 1.48327 1.19388 0.171339 0.957241 0.652216 1.01774 1.12307 0.662153
1.84425 0.574566 0.453578 0.426517 0.769098 0.77852 0.23779 0.718251 3.25577 0.693541
0.561126 0.403911 0.953881 0.533628 1.9547 0.406694 1.47051 1.01351 1.376 0.614205
0.287112 1.47775 0.57452 0.539525 0.789863 1.34579 0.143377 1.20322 0.339124 0.776506
0.943789 0.717577 1.95278 1.14619 0.328169 1.20429 1.02915 0.921651 0.761704 0.855144
0.422957 0.328515 0.998696 1.20778 0.512324 0.954131 0.669711 0.605884 0.297902 1.20536
1.48078 1.04139 0.616393 0.873779 0.82508 0.839986 0.659932 1.66176 0.736697 0.145704
>noiseOffset:
>observedSynthesisNoise:
>std_NoiseOffset:
>mutation_prior_mean:
***
0 0 0 0 0 0 0 0 0 0
0 0 0 0 0 0 0 0 0 0
0 0 0 0 0 0 0 0 0 0
0 0 0 0 0 0 0 0 0 0
>mutation_prior_sd:
***
0.35 0.35 0.35 0.35 0.35 0.35 0.35 0.35 0.35 0.35
0.35 0.35 0.35 0.35 0.35 0.35 0.35 0.35 0.35 0.35
0.35 0.35 0.35 0.35 0.35 0.35 0.35 0.35 0.35 0.35
0.35 0.35 0.35 0.35 0.35 0.35 0.35 0.35 0.35 0.35
>std_csp:
0.064 0.064 0.064 0.064 0.064 0.064 0.064 0.064 0.064 0.064
0.064 0.064 0.064 0.064 0.064 0.064 0.064 0.064 0.064 0.064
0.064 0.064 0.064 0.064 0.064 0.064 0.064 0.064 0.064 0.064
0.064 0.064 0.064 0.064 0.064 0.064 0.064 0.064 0.064 0.064
>currentMutationParameter:
***
-0.482722 0.88574 0.653593 0.726149 1.00113 -1.04338 0.476031 -0.606002 0.718546 1.04439
0.918192 0.660239 1.01883 -1.13459 0.442836 0.680013 0.467611 -0.056252 -0.0979178 1.03964
-0.506822 0.908152 0.228063 -0.750786 -0.688857 0.259511 -0.927517 1.00858 0.120375 -0.590192
0.789639 0.383663 -0.556119 1.15172 0.478957 0.381022 0.920497 0.49088 0.764557 0.869621
>currentSelectionParameter:
***
0.67626 -0.371561 0.350419 -0.698052 -0.416651 0.663939 -0.835635 -0.49707 -0.283424 -0.069362
-0.562128 0.945176 -0.652071 0.96098 0.586871 -0.512933 -0.0182587 -0.0936527 1.26731 -0.759314
-0.775714 -0.327579 -0.512619 0.207728 0.524679 0.937054 0.995558 -0.207052 0.788007 0.392907
-0.436697 -0.164551 0.538765 -0.628317 0.200834 0.613366 -0.493628 -0.0557643 -0.723808 -0.706873
>covarianceMatrix:
A
0.00060142	-0.000334644	-0.000333586	-0.000331812	0.000332812	0.000632873	
-0.000334644	0.000799808	0.0005261	0.000358796	-0.000519919	-0.000841836	
-0.000333586	0.0005261	0.00084554	0.000354747	-0.000500333	-0.000975855	
-0.000331812	0.000358796	0.000354747	0.000583725	-0.000337151	-0.000669871	
0.000332812	-0.000519919	-0.000500333	-0.000337151	0.000749387	0.000796359	
0.000632873	-0.000841836	-0.000975855	-0.000669871	0.000796359	0.00199148	
***
>covarianceMatrix:
C
0.0021992	-0.00162891	
-0.00162891	0.0023709	
***
>covarianceMatrix:
D
0.00171698	-0.00109888	
-0.00109888	0.0016852	
***
>covarianceMatrix:
E
0.00298071	-0.00254245	
-0.00254245	0.00333441	
***
>covarianceMatrix:
F
0.00196598	-0.00128016	
-0.00128016	0.00183602	
***
>covarianceMatrix:
G
0.000375845	0.000241927	0.000138814	-0.000110327	-0.000260737	-0.000175429	
0.000241927	0.00108482	0.00054487	-0.00025193	-0.00102828	-0.000904705	
0.000138814	0.00054487	0.00077182	-0.000136875	-0.000710174	-0.000776894	
-0.000110327	-0.00025193	-0.000136875	0.000358741	0.000297742	0.000225611	
-0.000260737	-0.00102828	-0.000710174	0.000297742	0.00159312	0.00126852	
-0.000175429	-0.000904705	-0.000776894	0.000225611	0.00126852	0.00164866	
***
>covarianceMatrix:
H
0.00203017	-0.00150906	
-0.00150906	0.00224012	
***
>covarianceMatrix:
I
0.00103435	-0.000736463	-0.000679239	0.000684412	
-0.000736463	0.00163138	0.000620901	-0.00115949	
-0.000679239	0.000620901	0.0016528	-0.000611755	
0.000684412	-0.00115949	-0.000611755	0.00147964	
***
>covarianceMatrix:
K
0.00310415	-0.00240997	
-0.00240997	0.00295433	
***
>covarianceMatrix:
L
0.000241151	-9.35716e-05	-8.49693e-05	3.56785e-05	0.000202245	-7.36951e-05	6.93129e-05	0.000119956	-4.93278e-05	-0.000194963	
-9.35716e-05	0.000434684	0.000168724	-2.04065e-05	-0.000472586	5.81839e-05	-0.000223884	-0.000217318	8.1638e-05	0.00054131	
-8.49693e-05	0.000168724	0.000334839	-3.53276e-05	-0.000424407	4.95942e-06	-0.000163256	-0.000331138	4.27029e-05	0.000495438	
3.56785e-05	-2.04065e-05	-3.53276e-05	0.000178975	0.000141324	-3.36876e-05	2.56596e-05	8.84032e-05	-6.74162e-05	-0.000139741	
0.000202245	-0.000472586	-0.000424407	0.000141324	0.00115913	-5.01138e-05	0.000406393	0.000681008	-0.000188632	-0.0012024	
-7.36951e-05	5.81839e-05	4.95942e-06	-3.36876e-05	-5.01138e-05	0.000222092	-1.27212e-05	1.19257e-05	4.5148e-05	3.89782e-05	
6.93129e-05	-0.000223884	-0.000163256	2.56596e-05	0.000406393	-1.27212e-05	0.000287909	0.000250186	-6.06161e-05	-0.000471592	
0.000119956	-0.000217318	-0.000331138	8.84032e-05	0.000681008	1.19257e-05	0.000250186	0.000674416	-8.08484e-05	-0.000833308	
-4.93278e-05	8.1638e-05	4.27029e-05	-6.74162e-05	-0.000188632	4.5148e-05	-6.06161e-05	-8.08484e-05	0.000189819	0.000183471	
-0.000194963	0.00054131	0.000495438	-0.000139741	-0.0012024	3.89782e-05	-0.000471592	-0.000833308	0.000183471	0.00160462	
***
>covarianceMatrix:
N
0.00232802	-0.00174946	
-0.00174946	0.00240865	
***
>covarianceMatrix:
P
0.000537475	0.000467145	0.000493835	-0.00025978	-0.000629941	-0.000570932	
0.000467145	0.00136711	0.000996433	-0.000430806	-0.00155245	-0.00130986	
0.000493835	0.000996433	0.00150149	-0.000528866	-0.00162997	-0.00173756	
-0.00025978	-0.000430806	-0.000528866	0.00053769	0.000682203	0.000713571	
-0.000629941	-0.00155245	-0.00162997	0.000682203	0.00275266	0.00235538	
-0.000570932	-0.00130986	-0.00173756	0.000713571	0.00235538	0.00289616	
***
>covarianceMatrix:
Q
0.00144844	-0.000924106	
-0.000924106	0.0016483	
***
>covarianceMatrix:
R
0.000327768	6.81772e-05	0.000276666	-0.000236559	2.83587e-06	-0.000203602	0.000169118	-0.000280855	0.000182922	0.000302699	
6.81772e-05	0.000226128	7.30623e-05	-3.78929e-05	3.70256e-05	-4.91543e-05	-3.58792e-05	-6.23753e-05	3.55228e-05	5.95574e-05	
0.000276666	7.30623e-05	0.000485048	-0.00027214	-2.21019e-05	-0.000258234	0.000237745	-0.000374739	0.000219291	0.000401648	
-0.000236559	-3.78929e-05	-0.00027214	0.000575836	9.74756e-05	0.000231249	-0.000210915	0.000258044	-0.000322079	-0.000352298	
2.83587e-06	3.70256e-05	-2.21019e-05	9.74756e-05	0.000343743	2.21686e-05	-8.99856e-05	-4.22042e-05	-8.35575e-05	-0.000222308	
-0.000203602	-4.91543e-05	-0.000258234	0.000231249	2.21686e-05	0.000315861	-0.000168773	0.000276306	-0.000173333	-0.000274308	
0.000169118	-3.58792e-05	0.000237745	-0.000210915	-8.99856e-05	-0.000168773	0.000377361	-0.000247667	0.000160895	0.000329972	
-0.000280855	-6.23753e-05	-0.000374739	0.000258044	-4.22042e-05	0.000276306	-0.000247667	0.000528873	-0.000200754	-0.000357263	
0.000182922	3.55228e-05	0.000219291	-0.000322079	-8.35575e-05	-0.000173333	0.000160895	-0.000200754	0.000329377	0.00028854	
0.000302699	5.95574e-05	0.000401648	-0.000352298	-0.000222308	-0.000274308	0.000329972	-0.000357263	0.00028854	0.000818301	
***
>covarianceMatrix:
S
0.0003806	-0.000196583	-0.000171818	-0.00016313	0.000196777	0.000243134	
-0.000196583	0.00100577	0.000624243	0.000297546	-0.000692326	-0.000755945	
-0.000171818	0.000624243	0.000861646	0.00027164	-0.000587301	-0.000732607	
-0.00016313	0.000297546	0.00027164	0.000488345	-0.000302033	-0.000379884	
0.000196777	-0.000692326	-0.000587301	-0.000302033	0.000904562	0.000738306	
0.000243134	-0.000755945	-0.000732607	-0.000379884	0.000738306	0.0011786	
***
>covarianceMatrix:
T
0.00051447	-0.000221715	-0.000105913	-0.000291424	0.000253504	0.000287244	
-0.000221715	0.00130833	0.000487194	0.000198991	-0.00102388	-0.000930291	
-0.000105913	0.000487194	0.000558156	0.000100098	-0.00049167	-0.000540654	
-0.000291424	0.000198991	0.000100098	0.000589784	-0.000206785	-0.000265529	
0.000253504	-0.00102388	-0.00049167	-0.000206785	0.00129312	0.000968145	
0.000287244	-0.000930291	-0.000540654	-0.000265529	0.000968145	0.00129635	
***
>covarianceMatrix:
V
0.000518713	-0.000241559	-0.00020762	-0.000292074	0.00025503	0.000305385	
