>groupList:
A C D E F G H I K L
N P Q R S T V Y Z 
>stdDevSynthesisRate:
0.781371 
>numParam:
40
>numMixtures:
1
>std_stdDevSynthesisRate:
0.1152
>std_phi:
***
0.54295 0.627485 1.14698 0.482681 0.627485 2.32981 1.86385 0.815731 1.06045 0.815731
0.627485 1.37858 0.386145 0.297034 2.01594 0.371293 1.49108 2.423 1.86385 1.43373
1.9384 0.386145 1.79216 1.43373 1.79216 0.371293 1.9384 2.51992 0.371293 2.423
0.652585 1.9384 1.37858 0.627485 0.28561 0.815731 2.32981 2.423 0.815731 1.79216
1.9384 2.51992 1.55072 0.371293 1.10287 0.678688 0.371293 2.423 0.652585 1.06045
0.28561 0.297034 0.627485 0.815731 2.51992 2.423 2.423 1.43373 1.43373 1.79216
2.32981 1.24058 1.37858 0.84836 0.95429 0.371293 1.79216 1.79216 1.79216 0.652585
1.86385 0.84836 0.522068 0.401591 0.501988 2.32981 1.86385 0.84836 1.86385 1.43373
1.86385 1.9384 1.79216 1.79216 1.10287 1.49108 1.79216 1.06045 1.43373 1.86385
1.86385 1.79216 1.14698 2.32981 0.678688 1.49108 0.297034 0.297034 1.37858 2.01594
0.917586 1.49108 1.06045 1.43373 0.501988 1.9384 0.371293 2.01594 2.423 1.86385
1.49108 1.37858 1.79216 2.51992 1.79216 1.43373 0.564668 1.37858 2.32981 2.62072
1.86385 1.37858 1.79216 0.815731 2.62072 1.37858 1.06045 0.522068 2.01594 1.9384
0.627485 1.06045 2.01594 1.10287 0.84836 1.43373 2.51992 1.86385 1.79216 0.501988
1.10287 1.79216 1.55072 0.917586 1.79216 1.79216 2.32981 1.79216 1.10287 2.32981
0.84836 0.627485 1.79216 1.37858 1.06045 1.06045 1.43373 1.14698 1.86385 1.86385
0.815731 0.522068 1.37858 1.49108 1.86385 1.43373 1.79216 1.79216 0.815731 1.79216
1.79216 1.37858 1.86385 1.14698 0.84836 1.43373 1.10287 1.49108 1.86385 0.815731
1.49108 1.79216 1.43373 2.32981 0.815731 1.37858 1.79216 0.627485 0.882294 1.49108
1.79216 1.86385 0.386145 1.86385 0.815731 0.84836 2.01594 0.54295 1.37858 1.37858
0.734069 1.9384 0.84836 1.9384 1.9384 1.79216 2.51992 0.815731 1.10287 1.10287
1.14698 2.423 1.37858 1.14698 1.10287 1.43373 0.815731 1.37858 1.79216 1.9384
1.37858 0.386145 0.371293 1.14698 0.501988 1.49108 1.10287 0.371293 0.815731 1.19286
1.55072 1.79216 0.815731 1.43373 0.482681 1.9384 1.86385 1.37858 1.86385 1.55072
1.86385 1.43373 1.79216 1.49108 1.06045 1.49108 1.79216 0.401591 1.10287 1.86385
1.06045 2.423 0.815731 1.10287 1.24058 1.79216 1.49108 1.79216 1.06045 1.79216
1.49108 0.705835 1.79216 1.86385 2.51992 1.9384 0.815731 1.86385 0.917586 0.734069
1.19286 1.86385 1.86385 2.423 1.86385 1.19286 1.86385 0.482681 0.705835 2.32981
1.10287 0.815731 0.84836 1.86385 1.86385 1.14698 1.37858 1.19286 0.882294 1.86385
2.423 1.14698 0.678688 1.14698 1.49108 1.14698 1.24058 0.627485 1.9384 1.49108
0.815731 0.84836 1.79216 1.55072 1.79216 1.06045 1.43373 1.43373 1.49108 1.49108
1.43373 1.49108 1.10287 1.86385 1.10287 0.482681 1.37858 1.06045 1.55072 1.49108
1.10287 0.882294 1.06045 1.14698 0.882294 1.86385 0.627485 1.9384 1.43373 0.815731
0.386145 1.43373 0.678688 1.79216 0.482681 1.86385 1.37858 1.43373 2.72555 1.49108
1.55072 1.55072 2.32981 2.423 2.423 1.79216 1.79216 1.43373 1.79216 1.10287
1.79216 1.49108 1.06045 1.43373 1.79216 0.95429 1.86385 1.79216 1.37858 1.79216
2.01594 0.882294 1.06045 1.43373 1.06045 1.55072 0.917586 1.55072 0.815731 1.67726
0.84836 1.43373 1.43373 1.14698 0.482681 2.32981 0.678688 0.84836 1.86385 1.10287
1.79216 0.815731 1.06045 1.79216 1.86385 0.482681 1.61275 1.43373 1.06045 0.84836
1.37858 0.627485 1.86385 1.86385 0.297034 0.705835 0.501988 0.308916 1.10287 2.32981
1.10287 1.9384 1.14698 1.24058 1.49108 1.86385 0.627485 2.01594 0.815731 1.19286
1.79216 1.43373 1.10287 0.815731 1.24058 1.86385 0.501988 0.652585 1.86385 1.37858
1.06045 1.9384 0.627485 1.86385 1.79216 1.14698 0.815731 1.14698 0.652585 1.9384
1.49108 1.86385 1.14698 1.61275 0.815731 0.815731 1.19286 2.32981 0.627485 2.01594
0.627485 2.423 2.51992 1.10287 2.32981 1.86385 0.84836 1.06045 1.86385 1.79216
2.32981 1.37858 1.61275 1.79216 0.917586 1.61275 3.02875 1.10287 1.86385 1.9384
1.43373 1.10287 1.86385 1.49108 0.882294 1.10287 0.627485 1.79216 1.43373 1.86385
0.815731 1.86385 1.86385 1.9384 2.32981 1.43373 0.815731 2.423 1.79216 0.815731
2.32981 0.815731 1.61275 1.79216 2.32981 2.32981 0.84836 0.705835 1.14698 1.06045
1.43373 1.9384 1.24058 1.06045 1.10287 0.522068 1.49108 1.79216 0.652585 1.55072
1.37858 0.627485 2.32981 1.79216 1.9384 0.815731 1.06045 1.86385 1.43373 1.43373
0.627485 0.917586 1.43373 0.882294 1.14698 1.9384 1.86385 1.43373 1.49108 1.43373
1.49108 1.14698 0.917586 0.627485 1.79216 1.43373 0.678688 1.19286 1.06045 1.43373
1.79216 1.43373 1.86385 0.95429 1.55072 1.06045 1.10287 1.49108 0.815731 1.37858
0.501988 2.423 0.627485 2.51992 1.49108 2.01594 0.652585 1.43373 2.32981 1.79216
2.423 1.86385 2.51992 1.79216 1.86385 0.678688 2.09657 1.43373 1.86385 1.06045
0.815731 0.84836 1.37858 0.917586 0.482681 0.84836 1.06045 1.49108 1.06045 1.55072
1.79216 0.815731 2.423 1.86385 1.06045 2.423 1.61275 1.14698 1.9384 1.43373
1.86385 0.882294 1.49108 1.06045 1.19286 2.32981 1.79216 0.501988 1.86385 2.423
1.55072 2.423 1.79216 0.678688 1.37858 1.06045 1.86385 1.37858 0.627485 0.882294
1.37858 1.10287 1.19286 1.14698 2.01594 1.14698 2.423 1.86385 1.24058 1.43373
1.86385 0.627485 1.49108 1.86385 1.19286 1.86385 0.882294 1.86385 1.79216 2.01594
1.43373 1.79216 1.79216 0.84836 1.79216 1.37858 1.43373 0.84836 0.371293 1.55072
2.01594 1.10287 1.49108 1.06045 2.32981 0.882294 1.86385 2.32981 2.32981 1.43373
1.79216 1.14698 1.43373 2.32981 0.815731 2.51992 1.43373 1.19286 1.49108 2.01594
2.32981 0.84836 1.49108 1.43373 1.49108 1.86385 1.06045 1.79216 0.815731 1.10287
1.43373 1.43373 0.627485 1.14698 1.9384 1.9384 1.79216 1.43373 2.51992 0.627485
1.14698 0.815731 1.49108 1.79216 1.49108 1.37858 1.43373 0.652585 0.652585 1.10287
1.10287 0.678688 0.501988 1.79216 0.482681 1.79216 1.10287 1.9384 1.79216 2.32981
1.86385 1.37858 1.43373 0.815731 1.06045 0.678688 0.678688 0.652585 1.86385 1.9384
0.882294 2.01594 1.79216 1.49108 1.79216 1.06045 2.32981 1.79216 2.01594 0.627485
1.9384 1.06045 0.815731 3.2759 1.49108 1.49108 1.06045 1.86385 1.9384 1.49108
0.627485 1.37858 1.10287 1.43373 1.37858 1.86385 0.705835 0.882294 0.815731 1.37858
2.51992 1.43373 1.49108 0.815731 1.06045 0.815731 2.01594 1.10287 0.84836 1.43373
2.09657 0.882294 
>categories:
0 0
>mixtureAssignment:
0 0 0 0 0 0 0 0 0 0 0 0 0 0 0 0 0 0 0 0 0 0 0 0 0 0 0 0 0 0 0 0 0 0 0 0 0 0 0 0 0 0 0 0 0 0 0 0 0 0
0 0 0 0 0 0 0 0 0 0 0 0 0 0 0 0 0 0 0 0 0 0 0 0 0 0 0 0 0 0 0 0 0 0 0 0 0 0 0 0 0 0 0 0 0 0 0 0 0 0
0 0 0 0 0 0 0 0 0 0 0 0 0 0 0 0 0 0 0 0 0 0 0 0 0 0 0 0 0 0 0 0 0 0 0 0 0 0 0 0 0 0 0 0 0 0 0 0 0 0
0 0 0 0 0 0 0 0 0 0 0 0 0 0 0 0 0 0 0 0 0 0 0 0 0 0 0 0 0 0 0 0 0 0 0 0 0 0 0 0 0 0 0 0 0 0 0 0 0 0
0 0 0 0 0 0 0 0 0 0 0 0 0 0 0 0 0 0 0 0 0 0 0 0 0 0 0 0 0 0 0 0 0 0 0 0 0 0 0 0 0 0 0 0 0 0 0 0 0 0
0 0 0 0 0 0 0 0 0 0 0 0 0 0 0 0 0 0 0 0 0 0 0 0 0 0 0 0 0 0 0 0 0 0 0 0 0 0 0 0 0 0 0 0 0 0 0 0 0 0
0 0 0 0 0 0 0 0 0 0 0 0 0 0 0 0 0 0 0 0 0 0 0 0 0 0 0 0 0 0 0 0 0 0 0 0 0 0 0 0 0 0 0 0 0 0 0 0 0 0
0 0 0 0 0 0 0 0 0 0 0 0 0 0 0 0 0 0 0 0 0 0 0 0 0 0 0 0 0 0 0 0 0 0 0 0 0 0 0 0 0 0 0 0 0 0 0 0 0 0
0 0 0 0 0 0 0 0 0 0 0 0 0 0 0 0 0 0 0 0 0 0 0 0 0 0 0 0 0 0 0 0 0 0 0 0 0 0 0 0 0 0 0 0 0 0 0 0 0 0
0 0 0 0 0 0 0 0 0 0 0 0 0 0 0 0 0 0 0 0 0 0 0 0 0 0 0 0 0 0 0 0 0 0 0 0 0 0 0 0 0 0 0 0 0 0 0 0 0 0
0 0 0 0 0 0 0 0 0 0 0 0 0 0 0 0 0 0 0 0 0 0 0 0 0 0 0 0 0 0 0 0 0 0 0 0 0 0 0 0 0 0 0 0 0 0 0 0 0 0
0 0 0 0 0 0 0 0 0 0 0 0 0 0 0 0 0 0 0 0 0 0 0 0 0 0 0 0 0 0 0 0 0 0 0 0 0 0 0 0 0 0 0 0 0 0 0 0 0 0
0 0 0 0 0 0 0 0 0 0 0 0 0 0 0 0 0 0 0 0 0 0 0 0 0 0 0 0 0 0 0 0 0 0 0 0 0 0 0 0 0 0 0 0 0 0 0 0 0 0
0 0 0 0 0 0 0 0 0 0 0 0 0 0 0 0 0 0 0 0 0 0 0 0 0 0 0 0 0 0 0 0 0 0 0 0 0 0 0 0 0 0 0 0 0 0 0 0 0 0
0 0 0 0 0 0 0 0 0 0 0 0 0 0 0 0 0 0 0 0 0 0 0 0 0 0 0 0 0 0 0 0 0 0 0 0 0 0 0 0 0 0 
>numMutationCategories:
1
>numSelectionCategories:
1
>categoryProbabilities:
1 
>selectionIsInMixture:
***
0 
>mutationIsInMixture:
***
0 
>obsPhiSets:
0
>currentSynthesisRateLevel:
***
1.75044 2.41328 1.42077 1.43659 2.82015 0.619848 0.548422 1.82308 1.85775 1.02757
1.53117 2.06732 2.74395 5.9717 0.0612849 4.11579 1.52957 0.739424 1.33024 0.311344
0.891557 3.00298 0.283306 0.596335 0.917911 2.76452 0.954888 0.712743 3.77062 1.51515
1.77362 1.43677 0.939681 1.31833 3.37749 1.93809 0.564836 0.63514 0.991674 0.935809
0.122287 0.300629 0.70545 3.20801 0.803457 1.8414 3.77678 0.463379 1.75534 1.35602
3.15203 4.83458 3.14554 1.65908 0.649375 0.337543 0.254063 0.337664 0.420341 0.346825
0.244542 0.635447 3.24872 1.38744 0.975687 2.34471 1.4216 0.529218 0.402362 1.86131
0.838753 0.927218 2.14568 3.90377 1.83395 0.418035 1.19444 1.38573 0.115026 0.778438
1.24618 0.431222 1.5101 0.409635 0.649551 0.85275 1.39511 1.03426 2.24108 1.46723
0.157873 0.112437 0.794598 0.183495 1.07919 0.207362 5.70502 4.50525 2.11283 0.505599
2.33322 0.620834 1.76267 0.607571 1.08566 0.383191 3.4367 0.339877 0.218564 0.254671
0.832316 1.43201 1.19861 0.282935 0.358119 1.3954 1.51519 0.608485 0.405316 1.55636
0.296965 0.84815 0.576204 1.20027 0.260426 1.1401 0.929014 1.72624 0.747941 0.587244
2.00039 0.78635 0.337739 1.11719 1.1047 0.699465 0.563367 0.348749 1.27681 2.45663
0.77425 0.845319 1.05043 0.792213 0.128748 0.534303 0.60779 0.346541 1.01453 0.982127
1.47282 1.96993 0.354499 0.547317 1.0137 0.820679 0.439364 0.635623 0.436998 0.223255
1.44023 0.981792 0.540111 0.453524 0.200393 0.763049 0.221384 0.356552 1.29692 0.386512
0.784036 0.536617 0.416653 0.675136 1.009 0.245243 0.67624 0.795849 0.333871 0.921417
0.870681 0.443889 0.607937 0.904841 2.52058 1.29466 0.180225 1.22823 0.681432 0.668237
0.316357 0.430155 1.81059 0.472504 3.25605 1.21757 1.19238 2.00551 1.29355 0.771931
0.768226 0.524964 0.785252 0.20083 0.469423 0.336425 0.181461 2.12598 0.512886 0.42305
1.37618 3.01452 2.12201 0.773929 0.648484 1.38155 2.13535 1.09316 0.683348 0.692908
0.5475 3.13983 2.92669 0.748491 2.64715 0.438232 0.866612 3.21754 0.903611 0.821224
0.494801 0.32154 1.29167 0.589469 4.18612 0.64964 0.680811 0.388662 1.24283 0.527475
0.140838 0.457357 0.346978 0.528019 0.986202 0.32189 0.450887 2.59504 1.24452 0.718772
2.12467 0.259362 1.6046 1.02674 0.954 0.453887 0.0981843 0.197375 2.62679 0.432626
0.519819 1.53003 0.688762 0.295741 0.436937 0.388302 0.771457 0.918137 0.816528 1.52104
0.805639 0.836418 0.630891 0.216209 0.383362 0.536694 0.202161 3.07212 2.26423 0.65717
1.75864 0.845195 1.4417 0.951349 0.0505794 0.316773 0.684059 1.2818 1.24981 0.284072
0.150809 0.710995 1.13943 1.28284 0.597353 0.93978 0.540784 1.0495 1.09895 0.425548
0.805695 1.70441 0.690804 0.468347 0.524159 1.28598 0.418224 0.628901 0.475821 0.481486
0.456076 1.02766 0.899117 0.551925 0.833127 3.66701 0.698675 0.583439 0.464086 0.862637
0.897656 0.855032 0.61664 1.28821 0.506673 0.709388 1.16609 0.316495 0.894808 3.90794
4.20831 0.485296 1.57312 0.382021 2.05394 0.398823 1.99248 0.470103 0.951935 0.213512
0.532861 0.187885 0.764639 0.120488 0.408553 0.563227 0.224039 0.701444 0.834205 1.27014
0.776716 0.626844 2.13916 0.531784 0.288752 1.20227 0.430158 0.666567 0.651862 0.941824
0.670681 0.757708 0.767004 0.791586 0.75052 0.428207 1.11525 0.64852 2.16502 0.334366
1.15814 1.5743 0.934627 0.684266 2.97099 0.408589 1.97722 1.23507 0.324735 0.554177
1.37518 1.14988 0.612158 0.331592 0.701249 2.20632 0.283781 0.25833 0.899893 0.87698
0.386779 1.58368 0.439873 0.50256 2.81749 0.969543 3.38497 2.08772 2.28837 0.358455
0.896502 0.141734 0.883074 0.778571 0.421523 0.277043 1.0793 0.623061 0.96473 0.70523
0.325493 0.460088 0.803956 2.064 0.404848 0.348167 1.79373 1.2789 0.555432 0.92646
0.822324 0.222791 1.73462 0.522417 0.242308 0.827879 1.24524 0.749952 1.0943 0.683051
0.514452 0.295137 0.766404 0.175435 1.22388 1.00192 0.800994 0.323737 1.49053 0.312067
2.1588 0.258627 0.3401 1.26706 0.570582 0.251774 0.749869 0.915192 0.33093 1.73589
0.838451 0.690001 1.49635 0.48841 1.13708 0.317884 1.74474 0.946634 0.150827 0.249201
0.673406 1.8162 0.2733 0.516661 1.08681 0.775374 1.96177 0.331529 1.00705 0.458709
1.07822 0.0451175 0.42346 0.157658 0.145368 0.417784 3.58287 1.00155 1.40907 1.38073
0.321162 1.19586 0.148618 0.293618 0.244284 1.01302 1.11131 1.42702 0.926768 0.903045
0.23721 0.318458 0.758588 0.912948 1.1256 1.33909 0.243342 0.31757 1.24314 1.08457
1.44049 1.50055 1.21978 1.13871 0.424182 2.40094 1.34207 0.620145 0.629646 0.565909
1.22087 0.933961 0.603121 1.8335 0.467922 0.211714 0.200214 0.655524 0.228023 0.390772
0.747282 0.726335 1.21783 2.20952 0.370973 0.253077 1.55322 0.392477 0.794939 0.357192
0.329216 1.78523 0.193124 3.1428 0.740967 0.721063 1.12401 0.380202 1.2885 0.928186
2.69049 0.375407 1.56622 0.363791 0.407376 0.544306 1.22546 0.779159 0.560993 0.254139
0.498803 0.920266 0.37484 0.148156 0.228147 1.78968 0.669046 1.10506 1.73566 1.63903
1.14767 0.870065 0.542524 1.01045 1.10181 1.50043 0.409551 0.526153 1.38439 1.18598
0.538834 0.625639 0.637751 0.337689 1.30008 0.143023 0.493985 0.724007 1.08879 0.783324
0.220937 0.988749 0.423956 0.995955 0.883161 0.124605 0.534942 2.06526 0.344849 0.264671
0.541202 0.805279 0.322244 0.795217 0.675895 1.38258 0.161871 1.42743 1.74338 1.5468
0.495857 0.782092 0.525856 0.323127 0.399936 0.836871 0.697338 0.387348 0.764583 0.567879
0.0905621 1.5205 0.40343 0.569645 0.829616 0.282932 0.776367 0.388197 0.35658 0.338548
0.538032 0.379843 0.358804 1.04894 0.464327 0.575468 0.498082 1.93443 2.73735 0.479377
0.161931 0.541336 0.622557 1.02057 0.377618 1.05289 0.586142 1.39646 0.627127 0.507427
0.286828 0.989914 0.650771 0.868906 1.03901 1.64973 0.360165 0.770404 0.978727 0.155007
0.203526 1.52881 0.471835 0.361878 0.55589 0.311012 0.640367 0.22407 1.89155 0.890625
0.979361 0.438361 2.17045 0.843594 1.28397 0.261137 0.162572 0.337182 0.48233 2.03335
0.985816 1.08648 0.308931 0.51811 0.462025 1.88999 1.17463 1.74164 1.17022 0.848825
0.611351 2.09139 2.1135 0.359608 2.63576 0.537873 1.43395 0.180569 0.194088 1.52273
0.368064 1.67086 0.364088 1.52376 1.72189 0.722994 1.70538 1.19062 1.22622 1.09232
1.9935 0.385185 0.543477 0.783813 0.309941 1.02517 0.878138 0.296605 0.325335 1.59556
0.306358 2.03537 1.07716 0.872696 0.473141 0.904358 2.06436 0.46841 0.473087 1.19414
1.68398 0.452741 1.06573 0.662605 0.478859 0.227525 1.67059 3.04339 0.785423 1.73062
0.345963 1.03675 1.05482 2.76589 0.594104 0.825956 0.52315 0.713606 1.04302 0.358518
0.705437 1.58405 
>noiseOffset:
>observedSynthesisNoise:
>std_NoiseOffset:
>mutation_prior_mean:
***
0 0 0 0 0 0 0 0 0 0
0 0 0 0 0 0 0 0 0 0
0 0 0 0 0 0 0 0 0 0
0 0 0 0 0 0 0 0 0 0
>mutation_prior_sd:
***
0.35 0.35 0.35 0.35 0.35 0.35 0.35 0.35 0.35 0.35
0.35 0.35 0.35 0.35 0.35 0.35 0.35 0.35 0.35 0.35
0.35 0.35 0.35 0.35 0.35 0.35 0.35 0.35 0.35 0.35
0.35 0.35 0.35 0.35 0.35 0.35 0.35 0.35 0.35 0.35
>std_csp:
0.04096 0.04096 0.04096 340.599 0.1 3.93738 0.1 0.064 0.064 0.064
340.599 0.04096 0.04096 0.1 0.0512 0.0512 0.0512 0.0512 0.0512 24.7065
0.0512 0.0512 0.0512 201.538 0.064 0.064 0.064 0.064 0.064 0.064
0.064 0.064 0.064 0.064 0.064 0.04096 0.04096 0.04096 8.65042 442.779
>currentMutationParameter:
***
-0.381469 0.859395 0.756651 0.62886 0.959194 -1.05144 0.799976 -0.621239 0.60175 0.556932
0.819529 0.301845 1.21611 -1.23857 0.516838 0.923455 0.692907 0.164785 -0.325726 0.754881
-0.37923 0.881538 0.391899 -0.891472 -1.18471 0.0693203 -0.784766 0.729609 -0.084126 -0.350834
0.817861 0.711757 -0.301297 1.09833 0.924581 0.538331 1.06055 0.71571 0.704975 0.7491
>currentSelectionParameter:
***
0.359674 -0.150128 0.37723 -0.414015 -0.20963 0.355219 -0.653004 -0.404666 -0.0980451 0.203805
-0.317434 0.762045 -0.550587 0.545552 0.176398 -0.472989 -0.179855 -0.235868 0.93212 -0.299417
-0.591762 -0.141201 -0.194208 0.0571405 0.37927 0.61336 0.497984 -0.00207831 0.760101 0.181902
-0.24413 -0.111247 0.307935 -0.282588 0.227772 0.332889 -0.326804 -0.109185 -0.378297 -0.39033
>covarianceMatrix:
A
0.000851504	0.000213061	0.000535071	-0.000471251	-0.000107747	-0.000247368	
0.000213061	0.00139454	0.000232951	-8.41592e-05	-0.000656154	-0.000171722	
0.000535071	0.000232951	0.00153805	-0.000233966	-0.000127952	-0.000853518	
-0.000471251	-8.41592e-05	-0.000233966	0.000507047	7.80677e-05	0.000197853	
-0.000107747	-0.000656154	-0.000127952	7.80677e-05	0.000509297	0.000122277	
-0.000247368	-0.000171722	-0.000853518	0.000197853	0.000122277	0.000829565	
***
>covarianceMatrix:
C
0.00371443	-0.00266856	
-0.00266856	0.00339868	
***
>covarianceMatrix:
D
0.0025	0	
0	0.0025	
***
>covarianceMatrix:
E
0.00207413	-0.0013736	
-0.0013736	0.00162168	
***
>covarianceMatrix:
F
0.00260472	-0.00221536	
-0.00221536	0.0034906	
***
>covarianceMatrix:
G
0.000632904	0.000220809	0.000219774	-0.000252645	-0.000148261	-0.000113979	
0.000220809	0.00111967	0.00045275	-0.000151542	-0.000549647	-0.00046051	
0.000219774	0.00045275	0.00114823	-4.12728e-05	-0.000220623	-0.00065141	
-0.000252645	-0.000151542	-4.12728e-05	0.000608275	0.000212725	6.94161e-05	
-0.000148261	-0.000549647	-0.000220623	0.000212725	0.00075779	0.000351606	
-0.000113979	-0.00046051	-0.00065141	6.94161e-05	0.000351606	0.00110123	
***
>covarianceMatrix:
H
0.00507945	-0.00376328	
-0.00376328	0.00452271	
***
>covarianceMatrix:
I
0.0010233	-0.000179095	-0.00105552	0.000153077	
-0.000179095	0.000954205	5.57122e-05	-0.000764111	
-0.00105552	5.57122e-05	0.00180137	-9.11162e-05	
0.000153077	-0.000764111	-9.11162e-05	0.000908097	
***
>covarianceMatrix:
K
0.00311947	-0.00185661	
-0.00185661	0.00268998	
***
>covarianceMatrix:
L
0.000589346	0.000109189	9.0179e-05	9.93141e-05	0.000444316	-0.000606566	-0.000186316	-0.000156347	-0.000169642	-0.000367679	
0.000109189	0.000293319	0.000187576	8.91481e-05	1.34053e-05	-9.01131e-05	-0.000231562	-0.000182315	-0.000102737	5.55498e-05	
9.0179e-05	0.000187576	0.000302322	0.000115359	1.7957e-05	-7.11464e-05	-0.000166103	-0.000232454	-0.000114114	-3.07629e-06	
9.93141e-05	8.91481e-05	0.000115359	0.000188463	7.3164e-05	-7.28144e-05	-8.69225e-05	-0.000122814	-0.000157693	-4.90333e-05	
0.000444316	1.34053e-05	1.7957e-05	7.3164e-05	0.000682192	-0.000543527	-9.42278e-05	-8.35346e-05	-0.000148087	-0.000684557	
-0.000606566	-9.01131e-05	-7.11464e-05	-7.28144e-05	-0.000543527	0.000802334	0.00021738	0.000200914	0.00019605	0.000500462	
-0.000186316	-0.000231562	-0.000166103	-8.69225e-05	-9.42278e-05	0.00021738	0.000329142	0.000234425	0.000160651	2.97831e-05	
-0.000156347	-0.000182315	-0.000232454	-0.000122814	-8.35346e-05	0.000200914	0.000234425	0.000343486	0.000187952	5.85424e-05	
-0.000169642	-0.000102737	-0.000114114	-0.000157693	-0.000148087	0.00019605	0.000160651	0.000187952	0.000260402	0.000145403	
-0.000367679	5.55498e-05	-3.07629e-06	-4.90333e-05	-0.000684557	0.000500462	2.97831e-05	5.85424e-05	0.000145403	0.000936741	
***
>covarianceMatrix:
N
0.00220611	-0.00162132	
-0.00162132	0.00203349	
***
>covarianceMatrix:
P
0.00134768	0.0005525	0.000808999	-0.000944281	-0.000390832	-0.000628109	
0.0005525	0.0018804	0.000357329	-0.000408506	-0.00125554	-0.000274002	
0.000808999	0.000357329	0.00135124	-0.000634817	-0.000243144	-0.000976555	
-0.000944281	-0.000408506	-0.000634817	0.00107245	0.000515362	0.000733054	
-0.000390832	-0.00125554	-0.000243144	0.000515362	0.00149926	0.000383956	
-0.000628109	-0.000274002	-0.000976555	0.000733054	0.000383956	0.00112737	
***
>covarianceMatrix:
Q
0.00268597	-0.0016801	
-0.0016801	0.00174772	
***
>covarianceMatrix:
R
0.000812041	0.000257422	0.000528385	0.000487722	0.000455267	-0.000597506	-0.0001996	-0.000491908	-0.000240553	-0.000426179	
0.000257422	0.00109591	0.000231145	0.000211295	9.29072e-05	-0.000197797	-0.00086141	-0.000161501	-9.72345e-05	-9.24499e-05	
0.000528385	0.000231145	0.00095333	0.000471543	0.00052328	-0.000390348	-4.8049e-05	-0.000674419	-0.000153546	-0.000428116	
0.000487722	0.000211295	0.000471543	0.00109759	0.000370048	-0.000334929	-0.000201415	-0.000401491	-0.000453722	-0.000423353	
0.000455267	9.29072e-05	0.00052328	0.000370048	0.000924238	-0.000398098	-7.96237e-05	-0.000512369	-0.000190735	-0.000776542	
-0.000597506	-0.000197797	-0.000390348	-0.000334929	-0.000398098	0.000736643	0.000258502	0.000503973	0.000270397	0.000490279	
-0.0001996	-0.00086141	-4.8049e-05	-0.000201415	-7.96237e-05	0.000258502	0.00126219	0.000176459	0.000214652	0.000242382	
-0.000491908	-0.000161501	-0.000674419	-0.000401491	-0.000512369	0.000503973	0.000176459	0.000860948	0.000244286	0.000603743	
-0.000240553	-9.72345e-05	-0.000153546	-0.000453722	-0.000190735	0.000270397	0.000214652	0.000244286	0.00048394	0.000278597	
-0.000426179	-9.24499e-05	-0.000428116	-0.000423353	-0.000776542	0.000490279	0.000242382	0.000603743	0.000278597	0.0012752	
***
>covarianceMatrix:
S
0.000528474	-9.14998e-05	-3.20678e-05	-0.000244311	0.000184329	0.000141413	
-9.14998e-05	0.000607197	0.000229224	0.000148903	-0.000323922	-0.000213938	
-3.20678e-05	0.000229224	0.000855531	5.31672e-05	-0.000246781	-0.000540403	
-0.000244311	0.000148903	5.31672e-05	0.000550735	-0.000214142	-0.000110891	
0.000184329	-0.000323922	-0.000246781	-0.000214142	0.00069631	0.000298957	
0.000141413	-0.000213938	-0.000540403	-0.000110891	0.000298957	0.000878606	
***
>covarianceMatrix:
T
0.000796309	-1.04792e-05	0.000179486	-0.000558961	0.000160019	-7.96503e-05	
-1.04792e-05	0.000845158	0.000323296	0.000119422	-0.000366953	-0.000375533	
0.000179486	0.000323296	0.000978273	-0.000176117	-0.000152488	-0.000692475	
-0.000558961	0.000119422	-0.000176117	0.000969365	-0.000250991	0.000161798	
0.000160019	-0.000366953	-0.000152488	-0.000250991	0.000637295	0.000197313	
-7.96503e-05	-0.000375533	-0.000692475	0.000161798	0.000197313	0.00124927	
***
>covarianceMatrix:
V
0.000815287	0.000231952	0.000293714	-0.000731121	-0.000211573	-0.000223279	
0.000231952	0.000944055	0.000397634	-0.000290302	-0.000687079	-0.000386891	
0.000293714	0.000397634	0.000759162	-0.000370722	-0.000333614	-0.000649567	
-0.000731121	-0.000290302	-0.000370722	0.00112255	0.00031893	0.00040656	
-0.000211573	-0.000687079	-0.000333614	0.00031893	0.000736302	0.000419839	
-0.000223279	-0.000386891	-0.000649567	0.00040656	0.000419839	0.000812485	
***
>covarianceMatrix:
Y
0.00203059	-0.00156553	
-0.00156553	0.00223632	
***
>covarianceMatrix:
Z
0.00557688	-0.00428039	
-0.00428039	0.00533494	
***
