>groupList:
A C D E F G H I K L
N P Q R S T V Y Z 
>stdDevSynthesisRate:
0.276896 
>numParam:
40
>numMixtures:
1
>std_stdDevSynthesisRate:
0.1728
>std_phi:
***
0.10816 0.501989 0.0935885 0.297034 0.228488 0.28561 0.17576 0.28561 0.297034 0.371293
0.228488 0.297034 0.28561 0.308915 0.228488 0.140608 0.28561 0.28561 0.237627 0.228488
0.28561 0.228488 0.104 0.297034 0.17576 0.482681 0.247133 0.247133 0.28561 0.28561
0.297034 0.2197 0.169 0.104 0.228488 0.297034 0.1352 0.297034 0.482681 0.386144
0.28561 0.2197 0.2197 0.228488 0.28561 0.501989 0.17576 0.297034 0.17576 0.371293
0.2197 0.228488 0.297034 0.308916 0.501988 0.652584 0.17576 0.28561 0.371293 0.169
0.627485 0.28561 0.2197 0.228488 0.17576 0.371293 0.17576 0.237628 0.13 0.169
0.2197 0.28561 0.28561 0.169 0.13 0.482681 0.501989 0.84836 0.482681 0.386145
0.627485 0.28561 0.13 0.2197 0.13 0.501988 0.2197 0.28561 0.28561 0.371293
0.228488 0.321272 0.28561 0.17576 0.2197 0.2197 0.28561 0.2197 0.482681 0.297034
0.401589 0.482681 0.169 0.13 0.2197 0.482681 0.13 0.2197 0.17576 0.17576
0.386145 0.28561 0.17576 0.386145 0.2197 0.18279 0.28561 0.169 0.501988 0.228488
0.501988 0.401591 0.228488 0.371293 0.371293 0.386145 0.501989 0.371293 0.297034 0.401591
0.297034 0.371293 0.28561 0.297034 0.28561 0.678687 0.237627 0.501989 0.28561 0.482681
0.228488 0.386145 0.28561 0.10816 0.501989 0.228488 0.371293 0.2197 0.228488 0.386145
0.386144 0.652584 0.28561 0.0832 0.371293 0.18279 0.297034 0.228488 0.678688 0.297034
0.228488 0.28561 0.297034 0.501989 0.297034 0.371293 0.228488 0.308915 0.237627 0.1352
0.652584 0.2197 0.386145 0.17576 0.501988 0.169 0.28561 0.501988 0.28561 0.482681
0.386145 0.169 0.228488 0.371293 0.2197 0.627485 0.297034 0.482681 0.17576 0.501988
0.18279 0.482681 0.28561 0.18279 0.297034 0.17576 0.104 0.06656 0.501989 0.247132
0.17576 0.18279 0.297034 0.501989 0.321273 0.371293 0.308916 0.501988 0.371293 0.501989
0.237627 0.371293 0.297034 0.228488 0.371293 0.169 0.28561 0.482681 0.237627 0.2197
0.482681 0.2197 0.28561 0.386145 0.501989 0.371293 0.815731 0.1352 0.482681 0.28561
0.482681 0.2197 0.2197 0.228488 0.28561 0.297034 0.308915 0.386144 0.297034 0.386144
0.169 0.28561 0.228488 0.386144 0.386145 0.1352 0.386145 0.104 0.371293 0.386145
0.371293 0.386145 0.2197 0.386145 0.371293 0.371293 0.2197 0.13 0.2197 0.17576
0.13 0.297034 0.2197 0.386145 0.18279 0.501989 0.169 0.386145 0.2197 0.482681
0.386144 0.169 0.228488 0.18279 0.308915 0.28561 0.297034 0.501989 0.237627 0.482681
0.297034 0.2197 0.386145 0.28561 0.228488 0.297034 0.2197 0.2197 0.2197 0.501989
0.371293 0.237628 0.28561 0.18279 0.112486 0.169 0.297034 0.308915 0.190102 0.297034
0.308915 0.2197 0.308916 0.237627 0.228488 0.308915 0.2197 0.10816 0.297034 0.501988
0.17576 0.13 0.1352 0.237627 0.2197 0.169 0.482681 0.308916 0.17576 0.297034
0.28561 0.228488 0.482681 0.28561 0.652584 0.228488 0.371293 0.17576 0.482681 0.28561
0.386145 0.228488 0.2197 0.28561 0.237627 0.17576 0.297034 0.28561 0.10816 0.501988
0.228488 0.482681 0.228488 0.2197 0.140608 0.28561 0.228488 0.28561 0.228488 0.297034
0.190102 0.2197 0.522069 0.237627 0.2197 0.28561 0.2197 0.228488 0.2197 0.297034
0.297034 0.308915 0.1352 0.371293 0.17576 0.18279 0.17576 0.386144 0.297034 0.308915
0.28561 0.371293 0.501989 0.297034 0.417654 0.2197 0.2197 0.228488 0.297034 0.237628
0.297034 0.17576 0.228488 0.482681 0.371293 0.28561 0.28561 0.371293 0.28561 0.501988
0.169 0.28561 0.297034 0.482681 0.28561 0.1352 0.401591 0.297034 0.482681 0.140608
0.386145 0.228488 0.28561 0.297034 0.18279 0.627485 0.228488 0.401591 0.401591 0.17576
0.386144 0.17576 0.17576 0.247133 0.371293 0.18279 0.627485 0.228488 
>categories:
0 0
>mixtureAssignment:
0 0 0 0 0 0 0 0 0 0 0 0 0 0 0 0 0 0 0 0 0 0 0 0 0 0 0 0 0 0 0 0 0 0 0 0 0 0 0 0 0 0 0 0 0 0 0 0 0 0
0 0 0 0 0 0 0 0 0 0 0 0 0 0 0 0 0 0 0 0 0 0 0 0 0 0 0 0 0 0 0 0 0 0 0 0 0 0 0 0 0 0 0 0 0 0 0 0 0 0
0 0 0 0 0 0 0 0 0 0 0 0 0 0 0 0 0 0 0 0 0 0 0 0 0 0 0 0 0 0 0 0 0 0 0 0 0 0 0 0 0 0 0 0 0 0 0 0 0 0
0 0 0 0 0 0 0 0 0 0 0 0 0 0 0 0 0 0 0 0 0 0 0 0 0 0 0 0 0 0 0 0 0 0 0 0 0 0 0 0 0 0 0 0 0 0 0 0 0 0
0 0 0 0 0 0 0 0 0 0 0 0 0 0 0 0 0 0 0 0 0 0 0 0 0 0 0 0 0 0 0 0 0 0 0 0 0 0 0 0 0 0 0 0 0 0 0 0 0 0
0 0 0 0 0 0 0 0 0 0 0 0 0 0 0 0 0 0 0 0 0 0 0 0 0 0 0 0 0 0 0 0 0 0 0 0 0 0 0 0 0 0 0 0 0 0 0 0 0 0
0 0 0 0 0 0 0 0 0 0 0 0 0 0 0 0 0 0 0 0 0 0 0 0 0 0 0 0 0 0 0 0 0 0 0 0 0 0 0 0 0 0 0 0 0 0 0 0 0 0
0 0 0 0 0 0 0 0 0 0 0 0 0 0 0 0 0 0 0 0 0 0 0 0 0 0 0 0 0 0 0 0 0 0 0 0 0 0 0 0 0 0 0 0 0 0 0 0 0 0
0 0 0 0 0 0 0 0 0 0 0 0 0 0 0 0 0 0 
>numMutationCategories:
1
>numSelectionCategories:
1
>categoryProbabilities:
1 
>selectionIsInMixture:
***
0 
>mutationIsInMixture:
***
0 
>obsPhiSets:
0
>currentSynthesisRateLevel:
***
1.56446 1.22783 1.04689 1.30275 0.96838 1.20874 1.17533 0.840991 1.20479 0.855183
1.77154 0.729667 0.695425 0.882095 1.22474 1.58108 0.631535 0.681689 1.14695 1.62758
0.918723 0.816746 0.964677 0.859722 0.804484 0.871507 0.869564 0.749322 0.667409 0.839239
0.674546 1.18628 1.15538 0.933505 0.882196 1.42897 0.829903 1.08196 1.42983 0.635101
0.588467 1.36114 0.943413 0.59924 1.12238 0.604522 1.00889 1.16391 1.49556 0.678679
1.0186 0.78156 1.13467 0.841511 0.896574 0.815684 0.975653 0.80953 1.1662 1.6789
0.545451 0.767343 1.05786 0.731356 0.716771 0.763415 0.658554 0.620156 1.80404 1.6589
0.846743 0.787153 0.90285 1.39029 1.36597 1.74955 0.570186 0.772237 0.830669 0.694976
1.41123 0.836039 1.05083 1.27015 1.23594 0.63976 1.01896 1.30799 0.76011 0.710613
0.924049 0.739674 1.3431 1.61994 1.27708 0.86118 0.648255 1.268 1.00315 1.1084
0.811037 0.607067 0.922592 0.920066 1.22085 0.760418 1.03353 0.886371 0.813442 1.62652
0.74942 0.997009 1.49227 1.22012 1.02947 0.948635 0.932784 1.0944 0.709867 0.832364
0.905622 1.13164 0.72526 0.847524 0.749665 0.811573 0.957088 0.984063 0.953224 0.729805
1.14249 0.718355 0.77377 0.962158 0.78364 1.40769 0.575505 1.14719 0.681119 1.09388
1.06298 1.22209 0.791216 1.00591 1.16584 0.820882 0.860589 1.02175 0.894663 0.874606
0.966333 0.67687 1.18727 0.879125 0.852497 1.39035 0.98371 1.12812 0.735477 0.993994
1.30891 0.898313 0.836543 1.19651 1.31119 1.00502 1.75861 0.651598 1.16571 0.894428
1.31202 1.38367 0.925943 1.25557 0.971323 1.59168 0.846832 0.825417 0.651359 0.645866
0.667619 0.933165 0.60696 0.610938 0.595167 0.782542 0.628617 1.32628 0.764568 0.640431
0.882867 0.68512 1.01 0.914764 0.757358 1.5974 0.918851 1.05342 0.969049 1.03761
0.992118 0.973812 0.900522 1.35443 1.16803 0.59382 0.600937 0.988311 0.706431 0.63309
0.995277 0.623861 0.670033 0.815714 0.701278 1.54014 1.13931 0.742855 0.755785 0.999193
0.93219 1.75467 1.44075 1.48769 0.994031 0.725023 0.758518 0.83372 0.788968 0.964698
1.14957 0.866806 0.961248 1.10072 0.9212 0.788367 0.975442 0.910422 1.10438 0.837384
1.18628 0.613005 1.0336 0.675059 0.897921 0.938213 0.716309 1.06168 0.807172 0.921069
0.662862 0.748711 0.700722 0.548702 0.873117 0.748494 0.817498 0.893433 0.761741 1.14091
0.885282 0.837151 1.58708 0.877374 0.827954 1.10407 0.723394 0.899934 0.87935 0.827788
0.729047 1.00444 0.713546 0.983421 0.893254 0.694696 1.09054 0.763515 1.19063 0.583316
0.941003 0.9031 1.26154 1.50398 1.08503 1.07806 1.05963 0.833263 0.777379 0.952677
0.708464 0.893499 0.934388 1.6634 0.763847 0.87055 0.768554 0.783888 0.987988 1.25225
0.628777 1.03052 0.695827 1.0945 1.08601 0.647961 0.929502 0.960946 0.736313 0.990062
1.11301 0.843951 0.932651 1.02507 0.770385 0.837561 0.684665 0.791988 1.3944 0.716169
0.696895 1.32595 0.739506 0.597915 0.87419 1.15901 1.12024 1.03369 0.777766 0.664222
0.873972 1.28892 1.42733 0.856797 0.82666 1.13223 0.660091 0.528846 0.981846 0.696794
1.12245 0.763061 1.08072 1.25762 0.680731 0.595807 0.88877 1.40557 0.856007 1.26166
0.79513 1.03231 0.855696 0.990564 1.00523 0.916611 0.748182 0.944489 0.757422 0.655651
0.916942 0.814584 0.867607 0.927153 0.912366 1.04364 0.799921 0.730203 1.46945 0.677972
0.620243 0.799614 0.691043 1.01487 0.712546 0.938375 1.03329 0.925343 1.0861 0.871509
1.01426 0.687615 0.770375 1.09755 0.863547 0.94662 0.847156 1.0415 0.697778 0.898029
0.819795 0.5859 1.09962 1.32081 0.976055 0.796026 1.33271 1.00067 0.959201 0.788713
0.622548 0.993887 1.24544 0.809975 0.788504 0.996368 1.02803 1.04137 0.742804 1.49168
0.989251 1.40412 0.974355 0.903582 1.08351 1.00085 1.07778 0.953655 
>noiseOffset:
>observedSynthesisNoise:
>std_NoiseOffset:
>mutation_prior_mean:
***
0 0 0 0 0 0 0 0 0 0
0 0 0 0 0 0 0 0 0 0
0 0 0 0 0 0 0 0 0 0
0 0 0 0 0 0 0 0 0 0
>mutation_prior_sd:
***
0.35 0.35 0.35 0.35 0.35 0.35 0.35 0.35 0.35 0.35
0.35 0.35 0.35 0.35 0.35 0.35 0.35 0.35 0.35 0.35
0.35 0.35 0.35 0.35 0.35 0.35 0.35 0.35 0.35 0.35
0.35 0.35 0.35 0.35 0.35 0.35 0.35 0.35 0.35 0.35
>std_csp:
0.032768 0.032768 0.032768 0.429982 0.248832 0.248832 0.298598 0.04096 0.04096 0.04096
0.619174 0.12 0.12 0.248832 0.0209715 0.0209715 0.0209715 0.0209715 0.0209715 0.248832
0.1 0.1 0.1 0.248832 0.04096 0.04096 0.04096 0.04096 0.04096 0.04096
0.04096 0.04096 0.04096 0.04096 0.04096 0.04096 0.04096 0.04096 0.358318 0.619174
>currentMutationParameter:
***
-1.19084 2.08674 0.633183 1.70701 1.65096 -2.59462 1.27188 0.0731186 1.04472 -0.103166
2.07275 0.16151 1.42227 -2.70577 0.481166 2.30028 1.64018 0.236147 -2.56308 1.86278
-1.36935 2.63231 0.490568 -2.01915 -0.816199 -0.106376 -0.432546 1.74199 -0.473361 -1.11867
1.84022 1.15302 -0.921567 2.02358 0.5302 -0.768495 1.70725 1.11147 1.63647 1.0773
>currentSelectionParameter:
***
1.63004 -1.42417 0.910537 -1.8059 -1.10997 2.47217 -1.60965 -1.60039 -0.639925 0.796354
-1.9473 1.40343 -1.06374 2.72315 0.5064 -2.06455 -1.22022 -0.307009 4.05249 -1.67067
-0.279469 -1.69872 -0.408593 1.32346 0.434248 1.33221 0.854028 -0.923264 1.7795 1.19853
-1.54256 -0.632668 1.14091 -1.57302 0.585647 1.9106 -1.24874 -0.628597 -1.64299 -0.902783
>covarianceMatrix:
A
6.37008e-05	0	0	0	0	0	
0	6.37008e-05	0	0	0	0	
0	0	6.37008e-05	0	0	0	
0	0	0	0.00142139	-0.00093159	0.000480582	
0	0	0	-0.00093159	0.00157658	-6.74192e-05	
0	0	0	0.000480582	-6.74192e-05	0.00136419	
***
>covarianceMatrix:
C
0.0107495	0	
0	0.0107495	
***
>covarianceMatrix:
D
0.0062208	0	
0	0.0062208	
***
>covarianceMatrix:
E
0.0062208	0	
0	0.0062208	
***
>covarianceMatrix:
F
0.00746496	0	
0	0.00746496	
***
>covarianceMatrix:
G
0.00013271	0	0	0	0	0	
0	0.00013271	0	0	0	0	
0	0	0.00013271	0	0	0	
0	0	0	0.00240735	0.00148384	-0.000470015	
0	0	0	0.00148384	0.00215076	0.000225514	
0	0	0	-0.000470015	0.000225514	0.00160508	
***
>covarianceMatrix:
H
0.0154794	0	
0	0.0154794	
***
>covarianceMatrix:
I
0.003	0	0	0	
0	0.003	0	0	
0	0	0.003	0	
0	0	0	0.003	
***
>covarianceMatrix:
K
0.0062208	0	
0	0.0062208	
***
>covarianceMatrix:
L
1.46767e-05	0	0	0	0	0	0	0	0	0	
0	1.46767e-05	0	0	0	0	0	0	0	0	
0	0	1.46767e-05	0	0	0	0	0	0	0	
0	0	0	1.46767e-05	0	0	0	0	0	0	
0	0	0	0	1.46767e-05	0	0	0	0	0	
0	0	0	0	0	0.000835529	0.000162118	0.000245628	0.000102953	0.000133273	
0	0	0	0	0	0.000162118	0.00129886	0.00100686	0.000112987	-0.00139987	
0	0	0	0	0	0.000245628	0.00100686	0.00154859	2.0236e-05	-0.00155794	
0	0	0	0	0	0.000102953	0.000112987	2.0236e-05	0.00034461	0.000243406	
0	0	0	0	0	0.000133273	-0.00139987	-0.00155794	0.000243406	0.00410477	
***
>covarianceMatrix:
N
0.0062208	0	
0	0.0062208	
***
>covarianceMatrix:
P
0.0025	0	0	0	0	0	
0	0.0025	0	0	0	0	
0	0	0.0025	0	0	0	
0	0	0	0.0025	0	0	
0	0	0	0	0.0025	0	
0	0	0	0	0	0.0025	
***
>covarianceMatrix:
Q
0.0062208	0	
0	0.0062208	
***
>covarianceMatrix:
R
0.00013271	0	0	0	0	0	0	0	0	0	
0	0.00013271	0	0	0	0	0	0	0	0	
0	0	0.00013271	0	0	0	0	0	0	0	
0	0	0	0.00013271	0	0	0	0	0	0	
0	0	0	0	0.00013271	0	0	0	0	0	
0	0	0	0	0	0.000654619	0.000547174	0.000384297	9.29289e-05	0.000585947	
0	0	0	0	0	0.000547174	0.00385927	0.00132661	0.000330745	0.00221234	
0	0	0	0	0	0.000384297	0.00132661	0.00140734	0.000178004	0.00113824	
0	0	0	0	0	9.29289e-05	0.000330745	0.000178004	0.00243144	-0.000104958	
0	0	0	0	0	0.000585947	0.00221234	0.00113824	-0.000104958	0.00359776	
***
>covarianceMatrix:
S
0.00013271	0	0	0	0	0	
0	0.00013271	0	0	0	0	
0	0	0.00013271	0	0	0	
0	0	0	0.00176495	-0.00164693	-0.000741015	
0	0	0	-0.00164693	0.00387595	0.00236477	
0	0	0	-0.000741015	0.00236477	0.00238177	
***
>covarianceMatrix:
T
0.00013271	0	0	0	0	0	
0	0.00013271	0	0	0	0	
0	0	0.00013271	0	0	0	
0	0	0	0.00136788	-0.00120385	0.000451552	
0	0	0	-0.00120385	0.0035048	0.000261807	
0	0	0	0.000451552	0.000261807	0.00131354	
***
>covarianceMatrix:
V
0.00013271	0	0	0	0	0	
0	0.00013271	0	0	0	0	
0	0	0.00013271	0	0	0	
0	0	0	0.003988	-0.00184318	-0.00128335	
0	0	0	-0.00184318	0.00189642	0.00117886	
0	0	0	-0.00128335	0.00117886	0.00167528	
***
>covarianceMatrix:
Y
0.00895795	0	
0	0.00895795	
***
>covarianceMatrix:
Z
0.0154794	0	
0	0.0154794	
***
