>groupList:
A C D E F G H I K L
N P Q R S T V Y Z 
>stdDevSynthesisRate:
0.281184 
>numParam:
40
>numMixtures:
1
>std_stdDevSynthesisRate:
0.1728
>std_phi:
***
0.10816 0.501989 0.0935885 0.297034 0.228488 0.28561 0.17576 0.28561 0.297034 0.371293
0.228488 0.297034 0.28561 0.308915 0.228488 0.140608 0.28561 0.28561 0.237627 0.228488
0.28561 0.228488 0.104 0.297034 0.17576 0.482681 0.247133 0.247133 0.28561 0.28561
0.297034 0.2197 0.169 0.104 0.228488 0.297034 0.1352 0.297034 0.482681 0.386144
0.28561 0.2197 0.2197 0.228488 0.28561 0.501989 0.17576 0.297034 0.17576 0.371293
0.2197 0.228488 0.297034 0.308916 0.501988 0.652584 0.17576 0.28561 0.371293 0.169
0.627485 0.28561 0.2197 0.228488 0.17576 0.371293 0.17576 0.237628 0.13 0.169
0.2197 0.28561 0.28561 0.169 0.13 0.482681 0.501989 0.84836 0.482681 0.386145
0.627485 0.28561 0.13 0.2197 0.13 0.501988 0.2197 0.28561 0.28561 0.371293
0.228488 0.321272 0.28561 0.17576 0.2197 0.2197 0.28561 0.2197 0.482681 0.297034
0.401589 0.482681 0.169 0.13 0.2197 0.482681 0.13 0.2197 0.17576 0.17576
0.386145 0.28561 0.17576 0.386145 0.2197 0.18279 0.28561 0.169 0.501988 0.228488
0.501988 0.401591 0.228488 0.371293 0.371293 0.386145 0.501989 0.371293 0.297034 0.401591
0.297034 0.371293 0.28561 0.297034 0.28561 0.678687 0.237627 0.501989 0.28561 0.482681
0.228488 0.386145 0.28561 0.10816 0.501989 0.228488 0.371293 0.2197 0.228488 0.386145
0.386144 0.652584 0.28561 0.0832 0.371293 0.18279 0.297034 0.228488 0.678688 0.297034
0.228488 0.28561 0.297034 0.501989 0.297034 0.371293 0.228488 0.308915 0.237627 0.1352
0.652584 0.2197 0.386145 0.17576 0.501988 0.169 0.28561 0.501988 0.28561 0.482681
0.386145 0.169 0.228488 0.371293 0.2197 0.627485 0.297034 0.482681 0.17576 0.501988
0.18279 0.482681 0.28561 0.18279 0.297034 0.17576 0.104 0.06656 0.501989 0.247132
0.17576 0.18279 0.297034 0.501989 0.321273 0.371293 0.308916 0.501988 0.371293 0.501989
0.237627 0.371293 0.297034 0.228488 0.371293 0.169 0.28561 0.482681 0.237627 0.2197
0.482681 0.2197 0.28561 0.386145 0.501989 0.371293 0.815731 0.1352 0.482681 0.28561
0.482681 0.2197 0.2197 0.228488 0.28561 0.297034 0.308915 0.386144 0.297034 0.386144
0.169 0.28561 0.228488 0.386144 0.386145 0.1352 0.386145 0.104 0.371293 0.386145
0.371293 0.386145 0.2197 0.386145 0.371293 0.371293 0.2197 0.13 0.2197 0.17576
0.13 0.297034 0.2197 0.386145 0.18279 0.501989 0.169 0.386145 0.2197 0.482681
0.386144 0.169 0.228488 0.18279 0.308915 0.28561 0.297034 0.501989 0.237627 0.482681
0.297034 0.2197 0.386145 0.28561 0.228488 0.297034 0.2197 0.2197 0.2197 0.501989
0.371293 0.237628 0.28561 0.18279 0.112486 0.169 0.297034 0.308915 0.190102 0.297034
0.308915 0.2197 0.308916 0.237627 0.228488 0.308915 0.2197 0.10816 0.297034 0.501988
0.17576 0.13 0.1352 0.237627 0.2197 0.169 0.482681 0.308916 0.17576 0.297034
0.28561 0.228488 0.482681 0.28561 0.652584 0.228488 0.371293 0.17576 0.482681 0.28561
0.386145 0.228488 0.2197 0.28561 0.237627 0.17576 0.297034 0.28561 0.10816 0.501988
0.228488 0.482681 0.228488 0.2197 0.140608 0.28561 0.228488 0.28561 0.228488 0.297034
0.190102 0.2197 0.522069 0.237627 0.2197 0.28561 0.2197 0.228488 0.2197 0.297034
0.297034 0.308915 0.1352 0.371293 0.17576 0.18279 0.17576 0.386144 0.297034 0.308915
0.28561 0.371293 0.501989 0.297034 0.417654 0.2197 0.2197 0.228488 0.297034 0.237628
0.297034 0.17576 0.228488 0.482681 0.371293 0.28561 0.28561 0.371293 0.28561 0.501988
0.169 0.28561 0.297034 0.482681 0.28561 0.1352 0.401591 0.297034 0.482681 0.140608
0.386145 0.228488 0.28561 0.297034 0.18279 0.627485 0.228488 0.401591 0.401591 0.17576
0.386144 0.17576 0.17576 0.247133 0.371293 0.18279 0.627485 0.228488 
>categories:
0 0
>mixtureAssignment:
0 0 0 0 0 0 0 0 0 0 0 0 0 0 0 0 0 0 0 0 0 0 0 0 0 0 0 0 0 0 0 0 0 0 0 0 0 0 0 0 0 0 0 0 0 0 0 0 0 0
0 0 0 0 0 0 0 0 0 0 0 0 0 0 0 0 0 0 0 0 0 0 0 0 0 0 0 0 0 0 0 0 0 0 0 0 0 0 0 0 0 0 0 0 0 0 0 0 0 0
0 0 0 0 0 0 0 0 0 0 0 0 0 0 0 0 0 0 0 0 0 0 0 0 0 0 0 0 0 0 0 0 0 0 0 0 0 0 0 0 0 0 0 0 0 0 0 0 0 0
0 0 0 0 0 0 0 0 0 0 0 0 0 0 0 0 0 0 0 0 0 0 0 0 0 0 0 0 0 0 0 0 0 0 0 0 0 0 0 0 0 0 0 0 0 0 0 0 0 0
0 0 0 0 0 0 0 0 0 0 0 0 0 0 0 0 0 0 0 0 0 0 0 0 0 0 0 0 0 0 0 0 0 0 0 0 0 0 0 0 0 0 0 0 0 0 0 0 0 0
0 0 0 0 0 0 0 0 0 0 0 0 0 0 0 0 0 0 0 0 0 0 0 0 0 0 0 0 0 0 0 0 0 0 0 0 0 0 0 0 0 0 0 0 0 0 0 0 0 0
0 0 0 0 0 0 0 0 0 0 0 0 0 0 0 0 0 0 0 0 0 0 0 0 0 0 0 0 0 0 0 0 0 0 0 0 0 0 0 0 0 0 0 0 0 0 0 0 0 0
0 0 0 0 0 0 0 0 0 0 0 0 0 0 0 0 0 0 0 0 0 0 0 0 0 0 0 0 0 0 0 0 0 0 0 0 0 0 0 0 0 0 0 0 0 0 0 0 0 0
0 0 0 0 0 0 0 0 0 0 0 0 0 0 0 0 0 0 
>numMutationCategories:
1
>numSelectionCategories:
1
>categoryProbabilities:
1 
>selectionIsInMixture:
***
0 
>mutationIsInMixture:
***
0 
>obsPhiSets:
0
>currentSynthesisRateLevel:
***
1.56446 0.9109 1.04689 1.45733 0.96838 1.33917 1.17533 0.840991 1.20479 0.855183
1.77154 0.729667 0.980651 0.882095 1.1155 1.58108 0.631535 0.681689 1.14695 1.62758
0.918723 0.816746 0.964677 0.920332 0.804484 0.871507 0.869564 0.749322 0.667409 0.664269
0.588338 1.18628 1.15538 0.933505 0.882196 1.42897 0.86652 1.08196 1.42983 0.635101
0.588467 1.29925 0.943413 0.59924 1.12238 0.604522 1.00889 1.16391 1.49556 0.678679
1.0186 0.785323 1.13467 0.841511 0.896574 0.593206 0.975653 0.90363 1.1662 1.55592
0.892708 0.767343 1.05786 0.731356 0.818353 0.763415 0.658554 0.600215 1.82645 1.6589
0.92943 0.846464 0.90285 1.39029 1.36597 1.74955 0.570186 0.800989 0.830669 0.694976
1.41123 0.842414 1.05083 1.27015 1.18348 0.63976 1.01896 1.30799 0.76011 0.710613
0.924049 0.739674 1.28124 1.85312 1.27708 0.86118 0.648255 1.39078 1.05605 1.2932
0.803348 0.607067 0.882 0.920066 1.05473 0.760418 1.03353 0.886371 0.813442 1.62652
0.832632 1.18149 1.49227 1.22012 1.02947 0.937431 0.932784 0.984172 0.709867 0.778683
0.905622 1.10287 0.72526 0.759592 0.749665 0.811573 0.957088 0.984063 0.953224 0.729805
1.14249 0.718384 0.77377 0.953693 0.778012 1.33069 0.575505 1.14719 0.714095 1.08306
0.993213 1.22209 0.791216 1.00591 1.05839 0.820882 0.860589 1.07285 0.909109 0.874606
0.966333 0.67687 1.26778 0.879125 0.863611 1.39035 1.0084 1.12812 0.735477 1.01162
1.35193 0.898313 0.830791 1.19651 1.24014 1.00502 1.75861 0.716775 1.16571 0.894428
1.31202 1.38367 0.925943 1.26678 0.971323 1.59168 0.846832 0.897731 0.651359 0.645866
0.667619 0.933165 0.586916 0.610938 0.595167 0.782542 0.628617 1.32628 0.799123 0.640431
0.938277 0.68512 1.01 0.914764 0.809896 1.5974 0.918851 1.0402 1.06111 1.03761
0.990549 0.973812 0.900522 1.35443 1.16803 0.59382 0.600937 0.893347 0.799953 0.63309
0.961114 0.623861 0.670033 0.779025 0.701278 1.54014 1.13931 0.742855 0.781319 0.999193
0.93219 1.75467 1.44075 1.46814 0.994031 0.731755 0.758518 0.83372 0.788968 0.982924
1.14957 0.866806 0.961248 1.11341 0.974279 0.788367 0.975442 0.910422 1.21911 0.837384
1.18628 0.613005 1.0336 0.675059 1.01153 0.938213 0.716309 1.0133 0.807172 0.921069
0.662862 0.702273 0.700722 0.539035 0.812036 0.748494 0.817498 0.897464 0.841329 1.14091
0.885282 0.837151 1.58708 0.877374 0.792611 1.10407 0.812772 0.899934 0.87935 0.827788
0.729047 1.00444 0.713546 0.897393 0.893254 0.694696 1.09054 0.763515 1.19063 0.584256
0.941003 0.965563 1.26154 1.50398 1.25028 1.07806 1.05963 0.833263 0.780793 0.813963
0.708464 0.893499 0.934388 1.6557 0.793962 0.936251 0.768554 0.783888 0.987988 1.30087
0.757691 1.08536 0.695827 1.07939 0.98833 0.633318 0.929502 0.960946 0.736313 0.6334
1.11301 0.843951 0.932651 1.02507 0.770385 0.837561 0.696693 0.791988 1.34244 0.716169
0.696895 1.2535 0.739506 0.597915 0.87419 1.15901 1.12024 1.03369 0.791503 0.664222
0.873972 1.28892 1.42733 0.914118 0.82666 1.13223 0.581424 0.528846 0.999286 0.698515
1.12245 0.649251 1.08072 1.28596 0.680731 0.595807 0.88877 1.40557 0.934491 1.26166
0.79513 1.03231 0.855696 0.990564 1.00523 0.989519 0.748182 0.944489 0.757422 0.649072
0.916942 0.814584 0.867607 0.927153 0.912366 1.04364 0.799921 0.730203 1.48048 0.677972
0.623535 0.799614 0.691043 1.01487 0.728408 0.938375 1.08485 0.925343 1.0861 0.871509
0.927279 0.687615 0.813484 1.09755 0.863547 0.94662 0.847156 0.905843 0.872734 0.898029
0.819795 0.5859 1.09962 1.30277 0.976055 0.796026 1.33271 1.00291 0.959201 0.788713
0.622548 1.04595 1.13469 0.809975 0.788504 0.996368 1.02803 1.04137 0.742804 1.49168
1.05791 1.40412 0.993927 0.903582 1.08351 0.994234 1.07778 0.953655 
>noiseOffset:
>observedSynthesisNoise:
>std_NoiseOffset:
>mutation_prior_mean:
***
0 0 0 0 0 0 0 0 0 0
0 0 0 0 0 0 0 0 0 0
0 0 0 0 0 0 0 0 0 0
0 0 0 0 0 0 0 0 0 0
>mutation_prior_sd:
***
0.35 0.35 0.35 0.35 0.35 0.35 0.35 0.35 0.35 0.35
0.35 0.35 0.35 0.35 0.35 0.35 0.35 0.35 0.35 0.35
0.35 0.35 0.35 0.35 0.35 0.35 0.35 0.35 0.35 0.35
0.35 0.35 0.35 0.35 0.35 0.35 0.35 0.35 0.35 0.35
>std_csp:
0.032768 0.032768 0.032768 0.429982 0.248832 0.248832 0.298598 0.04096 0.04096 0.04096
0.619174 0.12 0.12 0.248832 0.0209715 0.0209715 0.0209715 0.0209715 0.0209715 0.248832
0.1 0.1 0.1 0.248832 0.04096 0.04096 0.04096 0.04096 0.04096 0.04096
0.04096 0.04096 0.04096 0.04096 0.04096 0.04096 0.04096 0.04096 0.358318 0.619174
>currentMutationParameter:
***
-1.19084 2.08674 0.633183 1.70701 1.65096 -2.59462 1.27188 0.0731186 1.04472 -0.103166
2.07275 0.16151 1.42227 -2.70577 0.481166 2.30028 1.64018 0.236147 -2.56308 1.86278
-1.36935 2.63231 0.490568 -2.01915 -0.816199 -0.106376 -0.432546 1.74199 -0.473361 -1.11867
1.84022 1.15302 -0.921567 2.02358 0.5302 -0.768495 1.70725 1.11147 1.63647 1.0773
>currentSelectionParameter:
***
1.63004 -1.42417 0.910537 -1.82621 -1.13251 2.44502 -1.59119 -1.56001 -0.572162 0.788273
-1.9473 1.34396 -1.03108 2.72315 0.5064 -2.06455 -1.22022 -0.307009 4.05249 -1.67067
-0.279469 -1.69872 -0.408593 1.36599 0.434248 1.33221 0.854028 -0.923264 1.7795 1.19853
-1.54256 -0.632668 1.14091 -1.57302 0.585647 1.92097 -1.22365 -0.604927 -1.64299 -0.902783
>covarianceMatrix:
A
6.37008e-05	0	0	0	0	0	
0	6.37008e-05	0	0	0	0	
0	0	6.37008e-05	0	0	0	
0	0	0	0.00142139	-0.00093159	0.000480582	
0	0	0	-0.00093159	0.00157658	-6.74192e-05	
0	0	0	0.000480582	-6.74192e-05	0.00136419	
***
>covarianceMatrix:
C
0.0107495	0	
0	0.0107495	
***
>covarianceMatrix:
D
0.0062208	0	
0	0.0062208	
***
>covarianceMatrix:
E
0.0062208	0	
0	0.0062208	
***
>covarianceMatrix:
F
0.00746496	0	
0	0.00746496	
***
>covarianceMatrix:
G
0.00013271	0	0	0	0	0	
0	0.00013271	0	0	0	0	
0	0	0.00013271	0	0	0	
0	0	0	0.00240735	0.00148384	-0.000470015	
0	0	0	0.00148384	0.00215076	0.000225514	
0	0	0	-0.000470015	0.000225514	0.00160508	
***
>covarianceMatrix:
H
0.0154794	0	
0	0.0154794	
***
>covarianceMatrix:
I
0.003	0	0	0	
0	0.003	0	0	
0	0	0.003	0	
0	0	0	0.003	
***
>covarianceMatrix:
K
0.0062208	0	
0	0.0062208	
***
>covarianceMatrix:
L
1.46767e-05	0	0	0	0	0	0	0	0	0	
0	1.46767e-05	0	0	0	0	0	0	0	0	
0	0	1.46767e-05	0	0	0	0	0	0	0	
0	0	0	1.46767e-05	0	0	0	0	0	0	
0	0	0	0	1.46767e-05	0	0	0	0	0	
0	0	0	0	0	0.000835529	0.000162118	0.000245628	0.000102953	0.000133273	
0	0	0	0	0	0.000162118	0.00129886	0.00100686	0.000112987	-0.00139987	
0	0	0	0	0	0.000245628	0.00100686	0.00154859	2.0236e-05	-0.00155794	
0	0	0	0	0	0.000102953	0.000112987	2.0236e-05	0.00034461	0.000243406	
0	0	0	0	0	0.000133273	-0.00139987	-0.00155794	0.000243406	0.00410477	
***
>covarianceMatrix:
N
0.0062208	0	
0	0.0062208	
***
>covarianceMatrix:
P
0.0025	0	0	0	0	0	
0	0.0025	0	0	0	0	
0	0	0.0025	0	0	0	
0	0	0	0.0025	0	0	
0	0	0	0	0.0025	0	
0	0	0	0	0	0.0025	
***
>covarianceMatrix:
Q
0.0062208	0	
0	0.0062208	
***
>covarianceMatrix:
R
0.00013271	0	0	0	0	0	0	0	0	0	
0	0.00013271	0	0	0	0	0	0	0	0	
0	0	0.00013271	0	0	0	0	0	0	0	
0	0	0	0.00013271	0	0	0	0	0	0	
0	0	0	0	0.00013271	0	0	0	0	0	
0	0	0	0	0	0.000654619	0.000547174	0.000384297	9.29289e-05	0.000585947	
0	0	0	0	0	0.000547174	0.00385927	0.00132661	0.000330745	0.00221234	
0	0	0	0	0	0.000384297	0.00132661	0.00140734	0.000178004	0.00113824	
0	0	0	0	0	9.29289e-05	0.000330745	0.000178004	0.00243144	-0.000104958	
0	0	0	0	0	0.000585947	0.00221234	0.00113824	-0.000104958	0.00359776	
***
>covarianceMatrix:
S
0.00013271	0	0	0	0	0	
0	0.00013271	0	0	0	0	
0	0	0.00013271	0	0	0	
0	0	0	0.00176495	-0.00164693	-0.000741015	
0	0	0	-0.00164693	0.00387595	0.00236477	
0	0	0	-0.000741015	0.00236477	0.00238177	
***
>covarianceMatrix:
T
0.00013271	0	0	0	0	0	
0	0.00013271	0	0	0	0	
0	0	0.00013271	0	0	0	
0	0	0	0.00136788	-0.00120385	0.000451552	
0	0	0	-0.00120385	0.0035048	0.000261807	
0	0	0	0.000451552	0.000261807	0.00131354	
***
>covarianceMatrix:
V
0.00013271	0	0	0	0	0	
0	0.00013271	0	0	0	0	
0	0	0.00013271	0	0	0	
0	0	0	0.003988	-0.00184318	-0.00128335	
0	0	0	-0.00184318	0.00189642	0.00117886	
0	0	0	-0.00128335	0.00117886	0.00167528	
***
>covarianceMatrix:
Y
0.00895795	0	
0	0.00895795	
***
>covarianceMatrix:
Z
0.0154794	0	
0	0.0154794	
***
