>groupList:
A C D E F G H I K L
N P Q R S T V Y Z 
>stdDevSynthesisRate:
1.03396 
>numParam:
40
>numMixtures:
1
>std_stdDevSynthesisRate:
0.165888
>std_phi:
***
0.882294 0.386145 0.84836 0.386145 0.371293 0.371293 0.28561 1.67726 0.371293 0.678688
0.371293 0.627485 0.54295 1.39548 0.371293 0.371293 1.61275 1.55072 0.386145 0.371293
1.06045 1.19286 0.482681 1.2902 0.401591 2.62072 1.24058 1.34181 2.01594 0.917586
2.09657 0.627485 0.297034 0.386145 0.992461 0.627485 0.54295 0.386145 0.815731 2.18044
1.74435 0.371293 0.386145 1.39548 0.386145 2.09657 0.401591 0.386145 0.371293 1.67726
0.501988 0.992461 0.501988 0.917586 2.01594 2.51992 0.95429 1.10287 0.627485 0.297034
1.55072 0.815731 0.501988 2.18044 1.34181 1.79216 2.18044 2.62072 0.28561 0.371293
0.84836 1.61275 0.522068 0.371293 0.228488 0.627485 1.9384 1.55072 2.18044 2.09657
0.815731 0.482681 0.28561 0.371293 0.371293 2.18044 0.678688 0.371293 0.763432 1.67726
1.10287 1.24058 0.482681 0.371293 0.371293 1.19286 1.34181 0.371293 1.2902 0.371293
1.24058 2.01594 0.705835 0.308916 0.371293 1.9384 0.95429 0.627485 0.882294 0.371293
1.9384 0.705835 0.371293 0.815731 0.501988 0.992461 0.882294 0.627485 2.09657 1.2902
1.79216 1.06045 1.19286 1.24058 1.9384 1.06045 1.06045 1.37858 0.882294 1.67726
0.482681 1.49108 0.627485 0.652585 1.49108 1.9384 1.81412 1.49108 1.81412 0.84836
0.482681 0.815731 1.61275 0.308916 1.10287 1.49108 1.10287 1.03216 1.14698 1.49108
1.14698 1.9384 0.678688 0.371293 1.86385 0.386145 0.815731 0.401591 1.55072 0.371293
0.482681 1.14698 0.815731 0.84836 0.371293 0.678688 0.334123 2.26765 0.522068 0.734069
2.423 0.371293 1.61275 0.564668 1.10287 0.308916 0.917586 1.55072 0.84836 2.51992
2.09657 0.54295 2.01594 2.09657 1.9384 1.86385 1.61275 0.84836 0.54295 2.18044
0.501988 2.72555 0.678688 0.705835 1.10287 0.371293 0.371293 0.386145 1.9384 0.371293
0.401591 1.2902 1.67726 0.678688 0.522068 2.09657 2.09657 2.51992 2.18044 2.423
0.652585 2.32981 1.61275 1.67726 1.9384 0.371293 0.522068 2.26765 0.705835 0.652585
1.37858 0.371293 0.678688 0.501988 0.705835 2.09657 2.62072 1.03216 2.01594 0.84836
0.815731 0.652585 1.19286 0.627485 1.14698 2.09657 0.815731 1.06045 0.95429 2.09657
0.308916 1.81412 0.917586 2.18044 0.652585 0.54295 2.01594 0.28561 2.51992 1.55072
2.01594 2.62072 1.67726 2.51992 2.01594 1.24058 1.81412 0.54295 1.19286 0.401591
0.652585 0.815731 0.371293 0.815731 0.652585 1.10287 0.734069 0.917586 0.678688 0.84836
2.09657 0.84836 0.95429 0.652585 0.482681 1.24058 1.19286 2.423 0.501988 1.9384
1.19286 0.652585 0.627485 0.652585 0.482681 0.917586 0.678688 1.34181 0.678688 1.9384
2.01594 0.882294 0.501988 0.308916 0.401591 0.627485 1.34181 2.09657 0.652585 0.371293
>categories:
0 0
>mixtureAssignment:
0 0 0 0 0 0 0 0 0 0 0 0 0 0 0 0 0 0 0 0 0 0 0 0 0 0 0 0 0 0 0 0 0 0 0 0 0 0 0 0 0 0 0 0 0 0 0 0 0 0
0 0 0 0 0 0 0 0 0 0 0 0 0 0 0 0 0 0 0 0 0 0 0 0 0 0 0 0 0 0 0 0 0 0 0 0 0 0 0 0 0 0 0 0 0 0 0 0 0 0
0 0 0 0 0 0 0 0 0 0 0 0 0 0 0 0 0 0 0 0 0 0 0 0 0 0 0 0 0 0 0 0 0 0 0 0 0 0 0 0 0 0 0 0 0 0 0 0 0 0
0 0 0 0 0 0 0 0 0 0 0 0 0 0 0 0 0 0 0 0 0 0 0 0 0 0 0 0 0 0 0 0 0 0 0 0 0 0 0 0 0 0 0 0 0 0 0 0 0 0
0 0 0 0 0 0 0 0 0 0 0 0 0 0 0 0 0 0 0 0 0 0 0 0 0 0 0 0 0 0 0 0 0 0 0 0 0 0 0 0 0 0 0 0 0 0 0 0 0 0
0 0 0 0 0 0 0 0 0 0 0 0 0 0 0 0 0 0 0 0 0 0 0 0 0 0 0 0 0 0 0 0 0 0 0 0 0 0 0 0 0 0 0 0 0 0 0 0 0 0
>numMutationCategories:
1
>numSelectionCategories:
1
>categoryProbabilities:
1 
>selectionIsInMixture:
***
0 
>mutationIsInMixture:
***
0 
>obsPhiSets:
0
>currentSynthesisRateLevel:
***
0.592394 1.54379 0.60337 2.30961 1.46656 1.59887 2.04491 0.178177 1.21401 0.985845
2.63558 0.822028 0.826656 0.277581 1.35909 2.89887 0.23199 0.333175 1.26483 2.50448
0.595455 0.299318 0.3956 0.138546 0.598793 0.202892 0.340012 0.308807 0.145283 0.504273
0.0721892 1.0273 1.18161 0.497347 0.380091 1.38862 0.389278 1.74847 2.26648 0.115651
0.138823 2.23913 0.706686 0.152981 2.0239 0.0378672 0.822954 1.58901 2.65121 0.291416
0.978254 0.169235 1.83953 0.5285 0.148348 0.0399833 0.320167 0.384988 2.05681 2.02417
0.880811 0.471077 1.18538 0.345178 0.220158 0.592889 0.148736 0.10721 3.3352 3.59642
0.509865 0.213902 0.934426 2.27457 1.54142 2.65529 0.0981473 0.14881 0.516483 0.17259
1.52333 0.707268 0.733416 1.56687 0.70833 0.125713 0.516144 1.00072 0.408063 0.253425
0.189449 0.199985 1.84493 3.35506 2.09602 0.263206 0.296736 2.443 0.490431 1.64514
0.506464 0.0419818 0.380326 0.784366 1.38964 0.324785 0.369293 0.839316 0.347375 2.69106
0.508857 0.53238 2.21143 2.00558 1.27369 0.333359 0.538467 0.437183 0.238492 0.265097
0.334779 0.675254 0.232273 0.387242 0.375887 0.524888 0.933705 0.427483 0.720747 0.152691
1.83826 0.177361 0.514299 0.887963 0.329147 0.370944 0.105241 0.556328 0.173421 1.97577
1.10874 1.05873 0.117552 0.775243 1.12621 0.244242 0.629335 0.383289 0.636788 0.484231
0.472707 0.294339 1.08242 0.56023 0.196893 1.86698 0.827879 1.49204 0.818032 1.60799
1.07966 0.341041 0.495985 1.79537 2.06209 1.27064 3.75918 0.263257 0.61081 0.358645
1.13917 1.7099 0.62691 0.623148 1.67681 2.67679 0.390537 0.876393 0.488118 0.25947
0.2398 0.496786 0.10299 0.281285 0.0702461 0.15127 0.203394 1.38114 0.538705 0.0858919
0.767713 0.0503697 0.508911 0.404025 0.37094 2.16149 0.643784 0.478283 0.338115 1.84834
0.805737 0.360564 0.330524 1.38484 1.49979 0.244443 0.308557 0.347875 0.117453 0.277393
0.557913 0.118717 0.14069 0.293171 0.190453 2.342 1.00982 0.519809 0.81999 0.786786
0.892176 2.98618 1.58966 1.83518 1.13544 0.114718 0.181837 0.240791 0.164966 0.691007
1.37005 0.399666 0.281986 0.867584 0.625861 0.232111 0.906366 0.499607 0.706026 0.296496
1.19655 0.0670381 0.510124 0.109535 1.2841 0.345948 0.208645 0.6609 0.261554 0.570527
0.158929 0.20072 0.137894 0.251933 0.338082 0.306357 0.228368 0.453491 0.248492 1.02062
0.528624 0.845039 2.72224 0.590486 0.567697 0.581456 0.324423 0.58331 0.453859 1.14179
0.0512519 0.366452 0.278023 0.515487 1.07779 0.209202 0.21629 0.324442 1.08747 0.490543
0.520618 0.657317 1.94613 1.80827 0.765468 0.31618 0.681476 0.33066 0.604385 0.679534
0.158917 0.359924 0.888793 3.10006 0.47629 0.456 0.526549 0.237819 0.749522 1.77635
>noiseOffset:
>observedSynthesisNoise:
>std_NoiseOffset:
>mutation_prior_mean:
***
0 0 0 0 0 0 0 0 0 0
0 0 0 0 0 0 0 0 0 0
0 0 0 0 0 0 0 0 0 0
0 0 0 0 0 0 0 0 0 0
>mutation_prior_sd:
***
0.35 0.35 0.35 0.35 0.35 0.35 0.35 0.35 0.35 0.35
0.35 0.35 0.35 0.35 0.35 0.35 0.35 0.35 0.35 0.35
0.35 0.35 0.35 0.35 0.35 0.35 0.35 0.35 0.35 0.35
0.35 0.35 0.35 0.35 0.35 0.35 0.35 0.35 0.35 0.35
>std_csp:
0.064 0.064 0.064 340.599 972.786 11.2455 0.13 0.064 0.064 0.064
748.297 0.1 0.1 0.13 0.0262144 0.0262144 0.0262144 0.0262144 0.0262144 32.1184
0.0512 0.0512 0.0512 2137.21 0.08 0.08 0.08 0.08 0.08 0.032768
0.032768 0.032768 0.064 0.064 0.064 0.064 0.064 0.064 155.029 24.7065
>currentMutationParameter:
***
-0.125131 0.772646 0.534535 0.618993 0.751543 -0.745788 0.465738 -0.725877 0.129308 0.249585
0.58781 0.60877 0.80499 -0.880145 0.317777 0.715203 0.277903 0.287556 0.0582754 0.763405
-0.166108 0.575981 0.183815 -0.45001 -0.923755 -0.0886592 -0.743396 0.781204 0.0721511 -0.414553
0.502168 0.34517 -0.298928 0.798898 0.655246 0.571062 0.786129 0.226472 0.50785 0.844983
>currentSelectionParameter:
***
0.615448 -0.278059 1.39165 -0.768066 -0.263507 0.75135 -1.19045 -0.83523 0.489533 0.670692
-0.3901 1.85731 -0.582405 1.27389 1.06778 -0.546158 0.374596 -0.573271 1.81378 -0.719482
-1.81055 0.26288 -0.177757 -0.143149 0.592874 1.83693 1.79827 0.0242269 1.73252 0.623571
-0.186691 0.391004 0.757751 -0.312331 0.765852 0.699311 -0.306116 0.47819 -0.647664 -0.959333
>covarianceMatrix:
A
0.00115921	0.000263633	0.000608953	-0.000962102	-9.64429e-05	-0.00012558	
0.000263633	0.00103952	0.00022196	-9.33969e-05	-0.000654223	-0.000151626	
0.000608953	0.00022196	0.00230695	-0.000347046	-8.8007e-05	-0.00206956	
-0.000962102	-9.33969e-05	-0.000347046	0.001557	2.23563e-05	6.0402e-05	
-9.64429e-05	-0.000654223	-8.8007e-05	2.23563e-05	0.00072288	0.000192246	
-0.00012558	-0.000151626	-0.00206956	6.0402e-05	0.000192246	0.00404753	
***
>covarianceMatrix:
C
0.00636433	-0.00446122	
-0.00446122	0.00692061	
***
>covarianceMatrix:
D
0.00311279	-0.00294568	
-0.00294568	0.00489939	
***
>covarianceMatrix:
E
0.00254396	-0.00243512	
-0.00243512	0.0045527	
***
>covarianceMatrix:
F
0.00624768	-0.00765698	
-0.00765698	0.0178809	
***
>covarianceMatrix:
G
0.00110147	0.000234263	0.000302288	-0.0009233	-0.000152317	-0.000187806	
0.000234263	0.00168752	0.000434956	-0.000318874	-0.00161138	-0.000268141	
0.000302288	0.000434956	0.00250137	-0.000268096	0.000155631	-0.00274708	
-0.0009233	-0.000318874	-0.000268096	0.00172679	0.000294306	0.000284433	
-0.000152317	-0.00161138	0.000155631	0.000294306	0.00329381	-0.000126391	
-0.000187806	-0.000268141	-0.00274708	0.000284433	-0.000126391	0.00531003	
***
>covarianceMatrix:
H
0.00584367	-0.00582739	
-0.00582739	0.011024	
***
>covarianceMatrix:
I
0.0025	0	0	0	
0	0.0025	0	0	
0	0	0.0025	0	
0	0	0	0.0025	
***
>covarianceMatrix:
K
0.00404564	-0.00553594	
-0.00553594	0.0151732	
***
>covarianceMatrix:
L
0.00111133	0.000142302	0.000228589	0.000120272	0.000306375	-0.00152955	-0.000136473	-0.000223632	-0.000171773	-6.51569e-05	
0.000142302	0.000497124	0.000167689	0.00010946	-0.000162696	-0.0003986	-0.000330181	-0.00020154	6.06209e-06	0.000146216	
0.000228589	0.000167689	0.000528159	5.88305e-05	0.000130791	-0.00040339	-9.39117e-05	-0.000627146	3.73471e-05	-0.000271257	
0.000120272	0.00010946	5.88305e-05	0.000316615	-5.51427e-05	-0.000103665	-0.000105438	-2.74651e-05	-0.000250857	0.00026449	
0.000306375	-0.000162696	0.000130791	-5.51427e-05	0.000999961	0.000220219	9.11281e-05	-9.72645e-05	-0.000100015	-0.000676458	
-0.00152955	-0.0003986	-0.00040339	-0.000103665	0.000220219	0.00429513	0.000294343	0.000811222	0.000102509	0.00027076	
-0.000136473	-0.000330181	-9.39117e-05	-0.000105438	9.11281e-05	0.000294343	0.000513637	0.000194185	0.000149452	-0.000166713	
-0.000223632	-0.00020154	-0.000627146	-2.74651e-05	-9.72645e-05	0.000811222	0.000194185	0.00135935	-8.91017e-05	0.000671665	
-0.000171773	6.06209e-06	3.73471e-05	-0.000250857	-0.000100015	0.000102509	0.000149452	-8.91017e-05	0.000478798	-0.000251631	
-6.51569e-05	0.000146216	-0.000271257	0.00026449	-0.000676458	0.00027076	-0.000166713	0.000671665	-0.000251631	0.00182579	
***
>covarianceMatrix:
N
0.00265325	-0.00223749	
-0.00223749	0.00429267	
***
>covarianceMatrix:
P
0.00182534	0.00080113	0.00102615	-0.00148307	-0.00129865	-0.00153178	
0.00080113	0.00211077	0.000986063	-0.000762327	-0.00306277	-0.00165065	
0.00102615	0.000986063	0.00187115	-0.000963759	-0.00172706	-0.00276963	
-0.00148307	-0.000762327	-0.000963759	0.00321575	0.00173599	0.00200246	
-0.00129865	-0.00306277	-0.00172706	0.00173599	0.00762486	0.00409756	
-0.00153178	-0.00165065	-0.00276963	0.00200246	0.00409756	0.00604259	
***
>covarianceMatrix:
Q
0.00390622	-0.00291103	
-0.00291103	0.0036585	
***
>covarianceMatrix:
R
0.00115504	0.000420114	0.000775641	6.47062e-05	0.000337439	-0.00064648	0.000223528	-0.000952765	0.00027324	0.000936488	
0.000420114	0.00151514	0.000717366	-0.000163026	7.7161e-05	-0.000442717	-0.000879487	-0.000852923	0.000341995	0.000508352	
0.000775641	0.000717366	0.00196325	4.06667e-05	0.000309251	-0.000867133	0.000153957	-0.00194963	0.000502661	0.00174625	
6.47062e-05	-0.000163026	4.06667e-05	0.00115368	2.40908e-05	3.27289e-05	0.000438044	-7.7781e-05	-0.00032609	0.000317858	
0.000337439	7.7161e-05	0.000309251	2.40908e-05	0.0015992	-0.000259128	0.000357814	9.85737e-05	9.39842e-05	-0.0012623	
-0.00064648	-0.000442717	-0.000867133	3.27289e-05	-0.000259128	0.00142668	-8.88968e-05	0.00116526	-0.000287808	-0.00114023	
0.000223528	-0.000879487	0.000153957	0.000438044	0.000357814	-8.88968e-05	0.00335269	-0.000240535	-5.58769e-06	0.000513791	
-0.000952765	-0.000852923	-0.00194963	-7.7781e-05	9.85737e-05	0.00116526	-0.000240535	0.00395896	-0.000709085	-0.00340577	
0.00027324	0.000341995	0.000502661	-0.00032609	9.39842e-05	-0.000287808	-5.58769e-06	-0.000709085	0.00114172	0.000700173	
0.000936488	0.000508352	0.00174625	0.000317858	-0.0012623	-0.00114023	0.000513791	-0.00340577	0.000700173	0.00729607	
***
>covarianceMatrix:
S
0.00137844	0.00056782	0.000786002	-0.00122402	-0.000361701	-0.000745573	
0.00056782	0.00143061	0.000718829	-0.000321297	-0.00108208	-0.00070351	
0.000786002	0.000718829	0.00192931	-0.000565826	-0.000468596	-0.0017986	
-0.00122402	-0.000321297	-0.000565826	0.00210272	0.000455489	0.000978728	
-0.000361701	-0.00108208	-0.000468596	0.000455489	0.0013964	0.000754481	
-0.000745573	-0.00070351	-0.0017986	0.000978728	0.000754481	0.00299882	
***
>covarianceMatrix:
T
0.00113141	6.54862e-05	0.00042921	-0.00106649	-3.43756e-05	-0.000113433	
6.54862e-05	0.00112758	-0.000116059	-6.75438e-05	-0.000764103	0.000424322	
0.00042921	-0.000116059	0.00227368	0.000144885	0.000159781	-0.00256227	
-0.00106649	-6.75438e-05	0.000144885	0.00236061	0.000184984	-5.63192e-05	
-3.43756e-05	-0.000764103	0.000159781	0.000184984	0.00111661	-0.000223507	
-0.000113433	0.000424322	-0.00256227	-5.63192e-05	-0.000223507	0.00536895	
***
>covarianceMatrix:
V
0.00183615	0.000375691	0.000466032	-0.0022647	-0.000282348	-0.000249008	
0.000375691	0.0011398	0.000375878	-0.00026957	-0.000871438	-0.000320371	
0.000466032	0.000375878	0.00110928	-0.000291358	-0.000311542	-0.000943425	
-0.0022647	-0.00026957	-0.000291358	0.00496577	0.000180073	0.000418419	
-0.000282348	-0.000871438	-0.000311542	0.000180073	0.00130672	0.000411622	
-0.000249008	-0.000320371	-0.000943425	0.000418419	0.000411622	0.00180696	
***
>covarianceMatrix:
Y
0.00468828	-0.0042753	
-0.0042753	0.00872908	
***
>covarianceMatrix:
Z
0.00696772	-0.0076977	
-0.0076977	0.0155076	
***
