>groupList:
A C D E F G H I K L
N P Q R S T V Y Z 
>stdDevSynthesisRate:
0.248733 
>numParam:
40
>numMixtures:
1
>std_stdDevSynthesisRate:
0.1728
>std_phi:
***
0.10816 0.386145 0.18279 0.228488 0.228488 0.28561 0.2197 0.28561 0.228488 0.371293
0.2197 0.297034 0.28561 0.237627 0.17576 0.2197 0.28561 0.28561 0.297034 0.228488
0.28561 0.228488 0.13 0.228488 0.2197 0.482681 0.371293 0.190102 0.28561 0.28561
0.297034 0.2197 0.169 0.104 0.228488 0.297034 0.1352 0.228488 0.482681 0.297034
0.28561 0.2197 0.2197 0.228488 0.28561 0.386145 0.17576 0.28561 0.17576 0.371293
0.2197 0.17576 0.297034 0.482681 0.627485 0.652584 0.17576 0.28561 0.371293 0.169
0.627485 0.28561 0.2197 0.228488 0.17576 0.371293 0.17576 0.237628 0.13 0.169
0.2197 0.28561 0.28561 0.169 0.13 0.482681 0.386145 0.84836 0.482681 0.386145
0.627485 0.28561 0.13 0.2197 0.13 0.501988 0.2197 0.28561 0.28561 0.371293
0.28561 0.321272 0.28561 0.17576 0.2197 0.2197 0.28561 0.2197 0.482681 0.297034
0.401589 0.482681 0.169 0.13 0.2197 0.371293 0.13 0.2197 0.2197 0.2197
0.371293 0.28561 0.2197 0.482681 0.2197 0.228488 0.28561 0.169 0.501988 0.28561
0.627485 0.308916 0.28561 0.371293 0.371293 0.482681 0.386145 0.371293 0.297034 0.308916
0.371293 0.371293 0.28561 0.297034 0.28561 0.40159 0.297034 0.386145 0.28561 0.482681
0.28561 0.386145 0.28561 0.1352 0.386145 0.28561 0.28561 0.2197 0.28561 0.386145
0.297034 0.652584 0.28561 0.0832 0.371293 0.228488 0.28561 0.17576 0.652585 0.28561
0.2197 0.28561 0.297034 0.386145 0.228488 0.371293 0.228488 0.386144 0.18279 0.169
0.627485 0.2197 0.482681 0.1352 0.482681 0.169 0.28561 0.501988 0.28561 0.482681
0.386145 0.169 0.28561 0.371293 0.2197 0.627485 0.371293 0.482681 0.1352 0.627485
0.28561 0.482681 0.2197 0.228488 0.371293 0.17576 0.13 0.0832 0.386145 0.18279
0.2197 0.228488 0.371293 0.386145 0.247133 0.371293 0.386145 0.627485 0.371293 0.386145
0.297034 0.371293 0.297034 0.28561 0.371293 0.169 0.28561 0.482681 0.237627 0.2197
0.482681 0.2197 0.28561 0.386145 0.501989 0.371293 0.815731 0.169 0.482681 0.28561
0.371293 0.2197 0.2197 0.228488 0.28561 0.371293 0.386144 0.386144 0.228488 0.386144
0.169 0.28561 0.228488 0.386144 0.386145 0.1352 0.371293 0.104 0.371293 0.386145
0.371293 0.386145 0.2197 0.386145 0.371293 0.371293 0.2197 0.13 0.2197 0.2197
0.13 0.297034 0.2197 0.386145 0.17576 0.501989 0.169 0.386145 0.2197 0.482681
0.297034 0.169 0.228488 0.228488 0.297034 0.28561 0.297034 0.386145 0.297034 0.482681
0.297034 0.2197 0.386145 0.28561 0.228488 0.297034 0.2197 0.2197 0.2197 0.386145
0.371293 0.228488 0.28561 0.2197 0.10816 0.169 0.28561 0.386144 0.18279 0.297034
0.386144 0.2197 0.228488 0.297034 0.228488 0.386144 0.2197 0.104 0.297034 0.627485
0.2197 0.13 0.104 0.18279 0.2197 0.169 0.482681 0.386145 0.17576 0.228488
0.28561 0.28561 0.482681 0.28561 0.501988 0.228488 0.371293 0.1352 0.482681 0.28561
0.386145 0.28561 0.2197 0.28561 0.297034 0.17576 0.297034 0.28561 0.1352 0.627485
0.228488 0.482681 0.28561 0.2197 0.140608 0.28561 0.228488 0.28561 0.228488 0.297034
0.18279 0.2197 0.501989 0.18279 0.2197 0.28561 0.2197 0.28561 0.2197 0.297034
0.297034 0.308915 0.1352 0.371293 0.17576 0.228488 0.2197 0.297034 0.297034 0.237627
0.28561 0.371293 0.386145 0.297034 0.522068 0.2197 0.2197 0.228488 0.371293 0.228488
0.28561 0.17576 0.228488 0.482681 0.371293 0.28561 0.28561 0.371293 0.28561 0.501988
0.169 0.28561 0.297034 0.482681 0.28561 0.169 0.308916 0.297034 0.482681 0.17576
0.386145 0.228488 0.28561 0.371293 0.18279 0.627485 0.28561 0.401591 0.308916 0.2197
0.386144 0.2197 0.17576 0.237628 0.371293 0.228488 0.627485 0.28561 
>categories:
0 0
>mixtureAssignment:
0 0 0 0 0 0 0 0 0 0 0 0 0 0 0 0 0 0 0 0 0 0 0 0 0 0 0 0 0 0 0 0 0 0 0 0 0 0 0 0 0 0 0 0 0 0 0 0 0 0
0 0 0 0 0 0 0 0 0 0 0 0 0 0 0 0 0 0 0 0 0 0 0 0 0 0 0 0 0 0 0 0 0 0 0 0 0 0 0 0 0 0 0 0 0 0 0 0 0 0
0 0 0 0 0 0 0 0 0 0 0 0 0 0 0 0 0 0 0 0 0 0 0 0 0 0 0 0 0 0 0 0 0 0 0 0 0 0 0 0 0 0 0 0 0 0 0 0 0 0
0 0 0 0 0 0 0 0 0 0 0 0 0 0 0 0 0 0 0 0 0 0 0 0 0 0 0 0 0 0 0 0 0 0 0 0 0 0 0 0 0 0 0 0 0 0 0 0 0 0
0 0 0 0 0 0 0 0 0 0 0 0 0 0 0 0 0 0 0 0 0 0 0 0 0 0 0 0 0 0 0 0 0 0 0 0 0 0 0 0 0 0 0 0 0 0 0 0 0 0
0 0 0 0 0 0 0 0 0 0 0 0 0 0 0 0 0 0 0 0 0 0 0 0 0 0 0 0 0 0 0 0 0 0 0 0 0 0 0 0 0 0 0 0 0 0 0 0 0 0
0 0 0 0 0 0 0 0 0 0 0 0 0 0 0 0 0 0 0 0 0 0 0 0 0 0 0 0 0 0 0 0 0 0 0 0 0 0 0 0 0 0 0 0 0 0 0 0 0 0
0 0 0 0 0 0 0 0 0 0 0 0 0 0 0 0 0 0 0 0 0 0 0 0 0 0 0 0 0 0 0 0 0 0 0 0 0 0 0 0 0 0 0 0 0 0 0 0 0 0
0 0 0 0 0 0 0 0 0 0 0 0 0 0 0 0 0 0 
>numMutationCategories:
1
>numSelectionCategories:
1
>categoryProbabilities:
1 
>selectionIsInMixture:
***
0 
>mutationIsInMixture:
***
0 
>obsPhiSets:
0
>currentSynthesisRateLevel:
***
1.62377 1.11034 0.952454 1.49884 1.07548 1.23827 1.37196 0.807945 1.03182 0.904196
1.90692 0.775773 0.857202 0.870058 1.11314 1.54026 0.697218 0.71903 1.10865 1.54345
0.994233 0.889663 0.92136 1.02686 0.817839 0.82581 0.873333 0.701801 0.60355 0.712047
0.63582 1.27621 1.13452 0.951713 0.899195 1.38093 0.864016 1.27972 1.482 0.691848
0.686267 1.28643 0.957246 0.591272 1.31009 0.6496 1.01252 1.05092 1.61583 0.873235
1.10142 0.801221 1.09269 0.815377 0.883272 0.630398 0.964331 0.826835 1.34625 1.55799
0.767303 0.760909 1.15655 0.666996 0.81737 0.940072 0.702824 0.629641 1.79617 1.66855
0.937987 0.884437 0.958732 1.40695 1.41235 1.71335 0.606735 0.711439 0.767809 0.783408
1.22216 0.932915 1.08242 1.35946 1.2993 0.736435 1.00054 1.20222 0.771926 0.766214
0.9388 0.866724 1.16952 1.79555 1.42568 0.833189 0.682157 1.42647 0.858719 1.06336
0.87637 0.662017 0.916573 1.01822 1.19819 0.688225 1.09307 0.985874 0.939739 1.82394
0.827349 1.11872 1.44526 1.16829 0.985743 0.865969 1.02691 0.975022 0.605077 0.855439
0.74581 1.04796 0.894457 0.750352 0.824121 0.805125 1.17782 1.01872 0.937125 0.709336
1.13857 0.890139 0.89267 1.06855 0.791637 1.27058 0.583241 1.14635 0.658675 1.45111
1.13775 1.28108 0.951292 1.03264 0.998397 0.761839 0.998741 0.996174 0.974005 0.861107
1.03065 0.790563 1.3954 0.923657 0.797047 1.52987 1.04768 1.04697 0.765277 1.14479
1.33323 0.956693 0.871809 1.30908 1.47906 1.12832 1.84449 0.822594 1.14255 0.90928
1.31786 1.45116 0.782777 1.23026 0.972125 1.64003 0.819273 0.919448 0.708627 0.78184
0.697326 0.988995 0.654069 0.745952 0.671223 0.74195 0.6413 1.76264 0.84527 0.64612
0.95146 0.66061 1.10207 0.97109 0.900489 1.66422 0.914191 1.07275 1.14471 1.28996
1.166 0.929375 0.890694 1.3095 1.29223 0.677831 0.652374 0.913857 0.735289 0.626405
0.956406 0.682021 0.73735 0.867841 0.678528 1.5552 1.12683 0.67392 0.841455 1.04251
1.06296 1.91899 1.37261 1.46477 1.0124 0.696987 0.861124 0.817545 0.810277 1.0065
1.05749 0.942981 1.06535 1.17608 0.980806 0.828891 1.09299 0.889822 1.21221 0.840979
1.24609 0.689382 1.01751 0.716056 0.856 0.992837 0.703367 1.13019 0.919595 1.06353
0.571842 0.772141 0.71442 0.603478 0.826801 0.773372 0.829908 0.897164 0.819607 1.14344
0.958328 0.895378 1.61767 0.891883 0.831896 1.04242 0.817371 1.03399 0.976936 1.06466
0.712098 0.922658 0.748723 1.00057 0.931059 0.778759 1.03437 0.895569 1.15439 0.645096
0.925933 0.940939 1.41822 1.33686 1.09386 0.998538 1.12938 0.892992 0.791253 0.954218
0.775927 0.973109 0.996029 1.89459 0.807872 0.879751 0.902707 0.760364 1.05911 1.24708
0.561492 0.927944 0.823619 1.12731 1.07241 0.884283 0.908197 0.927544 0.821253 0.773355
1.08183 0.856954 1.04381 1.06168 0.658606 0.953754 0.912975 0.908218 1.44653 0.768779
0.72598 1.28222 0.690678 0.587109 0.926701 1.22031 1.21607 1.10334 0.848875 0.718903
0.871932 1.32348 1.51047 0.905081 0.779158 1.15798 0.682406 0.676429 0.973381 0.982242
1.10968 0.690319 1.07086 1.41806 0.715938 0.637094 0.952425 1.27097 0.908162 1.40963
0.851916 1.23758 0.84726 1.09472 1.02415 0.911626 0.853756 0.820588 0.801449 0.648718
0.903346 0.952159 0.910224 0.825833 1.00063 1.13194 0.86975 0.721942 1.63351 0.868632
0.699812 0.827827 0.906111 1.00867 0.940909 0.988866 1.10714 0.866123 1.12686 1.05253
0.975468 0.722115 0.800565 0.929008 0.878648 0.965839 0.8549 0.843978 0.779513 0.833435
0.932843 0.604625 1.02021 1.31414 0.899851 0.866773 1.117 1.09235 0.874475 0.770612
0.650284 1.14497 1.40816 1.0027 0.875311 0.88436 1.13059 0.971217 0.68977 1.63648
1.01956 1.39668 1.03062 0.82845 1.09703 1.01741 0.916359 0.906438 
>noiseOffset:
>observedSynthesisNoise:
>std_NoiseOffset:
>mutation_prior_mean:
***
0 0 0 0 0 0 0 0 0 0
0 0 0 0 0 0 0 0 0 0
0 0 0 0 0 0 0 0 0 0
0 0 0 0 0 0 0 0 0 0
>mutation_prior_sd:
***
0.35 0.35 0.35 0.35 0.35 0.35 0.35 0.35 0.35 0.35
0.35 0.35 0.35 0.35 0.35 0.35 0.35 0.35 0.35 0.35
0.35 0.35 0.35 0.35 0.35 0.35 0.35 0.35 0.35 0.35
0.35 0.35 0.35 0.35 0.35 0.35 0.35 0.35 0.35 0.35
>std_csp:
0.032768 0.032768 0.032768 0.429982 0.248832 0.20736 0.298598 0.04096 0.04096 0.04096
0.619174 0.12 0.12 0.248832 0.0209715 0.0209715 0.0209715 0.0209715 0.0209715 0.248832
0.1 0.1 0.1 0.248832 0.04096 0.04096 0.04096 0.04096 0.04096 0.04096
0.04096 0.04096 0.04096 0.04096 0.04096 0.04096 0.04096 0.04096 0.358318 0.619174
>currentMutationParameter:
***
-1.19084 2.08674 0.633183 1.70701 1.65096 -2.59462 1.27188 0.0731186 1.04472 -0.103166
2.07275 0.16151 1.42227 -2.70577 0.481166 2.30028 1.64018 0.236147 -2.56308 1.86278
-1.36935 2.63231 0.490568 -2.01915 -0.816199 -0.106376 -0.432546 1.74199 -0.473361 -1.11867
1.84022 1.15302 -0.921567 2.02358 0.5302 -0.768495 1.70725 1.11147 1.63647 1.0773
>currentSelectionParameter:
***
1.58032 -1.40449 0.876868 -1.69987 -1.04803 2.36972 -1.52084 -1.54547 -0.592722 0.855085
-1.80442 1.31454 -1.04028 2.68091 0.513962 -1.9525 -1.15137 -0.257887 3.90949 -1.65157
-0.298913 -1.73027 -0.497038 1.24947 0.409047 1.28543 0.759129 -0.970303 1.58654 1.17869
-1.46497 -0.610945 1.15762 -1.48563 0.566534 1.92013 -1.16624 -0.539894 -1.60932 -0.84859
>covarianceMatrix:
A
6.37008e-05	0	0	0	0	0	
0	6.37008e-05	0	0	0	0	
0	0	6.37008e-05	0	0	0	
0	0	0	0.00142139	-0.00093159	0.000480582	
0	0	0	-0.00093159	0.00157658	-6.74192e-05	
0	0	0	0.000480582	-6.74192e-05	0.00136419	
***
>covarianceMatrix:
C
0.0107495	0	
0	0.0107495	
***
>covarianceMatrix:
D
0.0062208	0	
0	0.0062208	
***
>covarianceMatrix:
E
0.005184	0	
0	0.005184	
***
>covarianceMatrix:
F
0.00746496	0	
0	0.00746496	
***
>covarianceMatrix:
G
0.00013271	0	0	0	0	0	
0	0.00013271	0	0	0	0	
0	0	0.00013271	0	0	0	
0	0	0	0.00240735	0.00148384	-0.000470015	
0	0	0	0.00148384	0.00215076	0.000225514	
0	0	0	-0.000470015	0.000225514	0.00160508	
***
>covarianceMatrix:
H
0.0154794	0	
0	0.0154794	
***
>covarianceMatrix:
I
0.003	0	0	0	
0	0.003	0	0	
0	0	0.003	0	
0	0	0	0.003	
***
>covarianceMatrix:
K
0.0062208	0	
0	0.0062208	
***
>covarianceMatrix:
L
1.46767e-05	0	0	0	0	0	0	0	0	0	
0	1.46767e-05	0	0	0	0	0	0	0	0	
0	0	1.46767e-05	0	0	0	0	0	0	0	
0	0	0	1.46767e-05	0	0	0	0	0	0	
0	0	0	0	1.46767e-05	0	0	0	0	0	
0	0	0	0	0	0.000835529	0.000162118	0.000245628	0.000102953	0.000133273	
0	0	0	0	0	0.000162118	0.00129886	0.00100686	0.000112987	-0.00139987	
0	0	0	0	0	0.000245628	0.00100686	0.00154859	2.0236e-05	-0.00155794	
0	0	0	0	0	0.000102953	0.000112987	2.0236e-05	0.00034461	0.000243406	
0	0	0	0	0	0.000133273	-0.00139987	-0.00155794	0.000243406	0.00410477	
***
>covarianceMatrix:
N
0.0062208	0	
0	0.0062208	
***
>covarianceMatrix:
P
0.0025	0	0	0	0	0	
0	0.0025	0	0	0	0	
0	0	0.0025	0	0	0	
0	0	0	0.0025	0	0	
0	0	0	0	0.0025	0	
0	0	0	0	0	0.0025	
***
>covarianceMatrix:
Q
0.0062208	0	
0	0.0062208	
***
>covarianceMatrix:
R
0.00013271	0	0	0	0	0	0	0	0	0	
0	0.00013271	0	0	0	0	0	0	0	0	
0	0	0.00013271	0	0	0	0	0	0	0	
0	0	0	0.00013271	0	0	0	0	0	0	
0	0	0	0	0.00013271	0	0	0	0	0	
0	0	0	0	0	0.000654619	0.000547174	0.000384297	9.29289e-05	0.000585947	
0	0	0	0	0	0.000547174	0.00385927	0.00132661	0.000330745	0.00221234	
0	0	0	0	0	0.000384297	0.00132661	0.00140734	0.000178004	0.00113824	
0	0	0	0	0	9.29289e-05	0.000330745	0.000178004	0.00243144	-0.000104958	
0	0	0	0	0	0.000585947	0.00221234	0.00113824	-0.000104958	0.00359776	
***
>covarianceMatrix:
S
0.00013271	0	0	0	0	0	
0	0.00013271	0	0	0	0	
0	0	0.00013271	0	0	0	
0	0	0	0.00176495	-0.00164693	-0.000741015	
0	0	0	-0.00164693	0.00387595	0.00236477	
0	0	0	-0.000741015	0.00236477	0.00238177	
***
>covarianceMatrix:
T
0.00013271	0	0	0	0	0	
0	0.00013271	0	0	0	0	
0	0	0.00013271	0	0	0	
0	0	0	0.00136788	-0.00120385	0.000451552	
0	0	0	-0.00120385	0.0035048	0.000261807	
0	0	0	0.000451552	0.000261807	0.00131354	
***
>covarianceMatrix:
V
0.00013271	0	0	0	0	0	
0	0.00013271	0	0	0	0	
0	0	0.00013271	0	0	0	
0	0	0	0.003988	-0.00184318	-0.00128335	
0	0	0	-0.00184318	0.00189642	0.00117886	
0	0	0	-0.00128335	0.00117886	0.00167528	
***
>covarianceMatrix:
Y
0.00895795	0	
0	0.00895795	
***
>covarianceMatrix:
Z
0.0154794	0	
0	0.0154794	
***
