>groupList:
A C D E F G H I K L
N P Q R S T V Y Z 
>stdDevSynthesisRate:
0.248733 
>numParam:
40
>numMixtures:
1
>std_stdDevSynthesisRate:
0.1728
>std_phi:
***
0.10816 0.386145 0.18279 0.228488 0.228488 0.28561 0.2197 0.28561 0.228488 0.371293
0.2197 0.297034 0.28561 0.237627 0.17576 0.2197 0.28561 0.28561 0.297034 0.228488
0.28561 0.228488 0.13 0.228488 0.2197 0.482681 0.371293 0.190102 0.28561 0.28561
0.297034 0.2197 0.169 0.104 0.228488 0.297034 0.1352 0.228488 0.482681 0.297034
0.28561 0.2197 0.2197 0.228488 0.28561 0.386145 0.17576 0.28561 0.17576 0.371293
0.2197 0.17576 0.297034 0.482681 0.627485 0.652584 0.17576 0.28561 0.371293 0.169
0.627485 0.28561 0.2197 0.228488 0.17576 0.371293 0.17576 0.237628 0.13 0.169
0.2197 0.28561 0.28561 0.169 0.13 0.482681 0.386145 0.84836 0.482681 0.386145
0.627485 0.28561 0.13 0.2197 0.13 0.501988 0.2197 0.28561 0.28561 0.371293
0.28561 0.321272 0.28561 0.17576 0.2197 0.2197 0.28561 0.2197 0.482681 0.297034
0.401589 0.482681 0.169 0.13 0.2197 0.371293 0.13 0.2197 0.2197 0.2197
0.371293 0.28561 0.2197 0.482681 0.2197 0.228488 0.28561 0.169 0.501988 0.28561
0.627485 0.308916 0.28561 0.371293 0.371293 0.482681 0.386145 0.371293 0.297034 0.308916
0.371293 0.371293 0.28561 0.297034 0.28561 0.40159 0.297034 0.386145 0.28561 0.482681
0.28561 0.386145 0.28561 0.1352 0.386145 0.28561 0.28561 0.2197 0.28561 0.386145
0.297034 0.652584 0.28561 0.0832 0.371293 0.228488 0.28561 0.17576 0.652585 0.28561
0.2197 0.28561 0.297034 0.386145 0.228488 0.371293 0.228488 0.386144 0.18279 0.169
0.627485 0.2197 0.482681 0.1352 0.482681 0.169 0.28561 0.501988 0.28561 0.482681
0.386145 0.169 0.28561 0.371293 0.2197 0.627485 0.371293 0.482681 0.1352 0.627485
0.28561 0.482681 0.2197 0.228488 0.371293 0.17576 0.13 0.0832 0.386145 0.18279
0.2197 0.228488 0.371293 0.386145 0.247133 0.371293 0.386145 0.627485 0.371293 0.386145
0.297034 0.371293 0.297034 0.28561 0.371293 0.169 0.28561 0.482681 0.237627 0.2197
0.482681 0.2197 0.28561 0.386145 0.501989 0.371293 0.815731 0.169 0.482681 0.28561
0.371293 0.2197 0.2197 0.228488 0.28561 0.371293 0.386144 0.386144 0.228488 0.386144
0.169 0.28561 0.228488 0.386144 0.386145 0.1352 0.371293 0.104 0.371293 0.386145
0.371293 0.386145 0.2197 0.386145 0.371293 0.371293 0.2197 0.13 0.2197 0.2197
0.13 0.297034 0.2197 0.386145 0.17576 0.501989 0.169 0.386145 0.2197 0.482681
0.297034 0.169 0.228488 0.228488 0.297034 0.28561 0.297034 0.386145 0.297034 0.482681
0.297034 0.2197 0.386145 0.28561 0.228488 0.297034 0.2197 0.2197 0.2197 0.386145
0.371293 0.228488 0.28561 0.2197 0.10816 0.169 0.28561 0.386144 0.18279 0.297034
0.386144 0.2197 0.228488 0.297034 0.228488 0.386144 0.2197 0.104 0.297034 0.627485
0.2197 0.13 0.104 0.18279 0.2197 0.169 0.482681 0.386145 0.17576 0.228488
0.28561 0.28561 0.482681 0.28561 0.501988 0.228488 0.371293 0.1352 0.482681 0.28561
0.386145 0.28561 0.2197 0.28561 0.297034 0.17576 0.297034 0.28561 0.1352 0.627485
0.228488 0.482681 0.28561 0.2197 0.140608 0.28561 0.228488 0.28561 0.228488 0.297034
0.18279 0.2197 0.501989 0.18279 0.2197 0.28561 0.2197 0.28561 0.2197 0.297034
0.297034 0.308915 0.1352 0.371293 0.17576 0.228488 0.2197 0.297034 0.297034 0.237627
0.28561 0.371293 0.386145 0.297034 0.522068 0.2197 0.2197 0.228488 0.371293 0.228488
0.28561 0.17576 0.228488 0.482681 0.371293 0.28561 0.28561 0.371293 0.28561 0.501988
0.169 0.28561 0.297034 0.482681 0.28561 0.169 0.308916 0.297034 0.482681 0.17576
0.386145 0.228488 0.28561 0.371293 0.18279 0.627485 0.28561 0.401591 0.308916 0.2197
0.386144 0.2197 0.17576 0.237628 0.371293 0.228488 0.627485 0.28561 
>categories:
0 0
>mixtureAssignment:
0 0 0 0 0 0 0 0 0 0 0 0 0 0 0 0 0 0 0 0 0 0 0 0 0 0 0 0 0 0 0 0 0 0 0 0 0 0 0 0 0 0 0 0 0 0 0 0 0 0
0 0 0 0 0 0 0 0 0 0 0 0 0 0 0 0 0 0 0 0 0 0 0 0 0 0 0 0 0 0 0 0 0 0 0 0 0 0 0 0 0 0 0 0 0 0 0 0 0 0
0 0 0 0 0 0 0 0 0 0 0 0 0 0 0 0 0 0 0 0 0 0 0 0 0 0 0 0 0 0 0 0 0 0 0 0 0 0 0 0 0 0 0 0 0 0 0 0 0 0
0 0 0 0 0 0 0 0 0 0 0 0 0 0 0 0 0 0 0 0 0 0 0 0 0 0 0 0 0 0 0 0 0 0 0 0 0 0 0 0 0 0 0 0 0 0 0 0 0 0
0 0 0 0 0 0 0 0 0 0 0 0 0 0 0 0 0 0 0 0 0 0 0 0 0 0 0 0 0 0 0 0 0 0 0 0 0 0 0 0 0 0 0 0 0 0 0 0 0 0
0 0 0 0 0 0 0 0 0 0 0 0 0 0 0 0 0 0 0 0 0 0 0 0 0 0 0 0 0 0 0 0 0 0 0 0 0 0 0 0 0 0 0 0 0 0 0 0 0 0
0 0 0 0 0 0 0 0 0 0 0 0 0 0 0 0 0 0 0 0 0 0 0 0 0 0 0 0 0 0 0 0 0 0 0 0 0 0 0 0 0 0 0 0 0 0 0 0 0 0
0 0 0 0 0 0 0 0 0 0 0 0 0 0 0 0 0 0 0 0 0 0 0 0 0 0 0 0 0 0 0 0 0 0 0 0 0 0 0 0 0 0 0 0 0 0 0 0 0 0
0 0 0 0 0 0 0 0 0 0 0 0 0 0 0 0 0 0 
>numMutationCategories:
1
>numSelectionCategories:
1
>categoryProbabilities:
1 
>selectionIsInMixture:
***
0 
>mutationIsInMixture:
***
0 
>obsPhiSets:
0
>currentSynthesisRateLevel:
***
1.62377 1.11034 0.952454 1.49884 1.07548 1.23827 1.38643 0.807945 1.03182 0.904196
1.82949 0.742136 0.857202 0.870058 1.11314 1.54026 0.697218 0.71903 1.10865 1.54345
0.994233 0.889663 0.92136 1.02686 0.796339 0.907044 1.12672 0.701801 0.60355 0.712047
0.63582 1.27621 1.13452 0.951713 0.899195 1.38093 0.864016 1.27972 1.482 0.691848
0.686267 1.28643 0.957246 0.591272 1.28556 0.6496 1.01252 1.22999 1.6048 0.767595
1.10142 0.801221 1.09269 0.815377 0.883272 0.630398 1.00844 0.826835 1.34625 1.55799
0.910044 0.760909 1.15655 0.666996 0.877318 0.940072 0.702824 0.664076 1.79617 1.66855
0.937987 0.884437 0.958732 1.40695 1.46914 1.71335 0.541785 0.711439 0.767809 0.811084
1.19924 0.902208 1.08242 1.27997 1.2993 0.736435 1.00054 1.20222 0.771926 0.766214
0.9388 0.866724 1.16952 1.79555 1.42568 0.833189 0.682157 1.42647 0.858719 1.06336
0.955788 0.662017 0.916573 0.973596 1.19819 0.785704 1.09307 0.985874 0.890153 1.53897
0.827349 1.11872 1.44526 1.16829 0.985743 0.865969 1.02691 0.975022 0.605077 0.893589
0.74581 1.04796 0.894457 0.750352 0.824121 0.805125 1.17782 1.01872 0.937125 0.744106
1.18737 0.890139 0.89267 1.14271 0.791637 1.27058 0.583241 1.14635 0.658675 1.45111
1.13775 1.63205 0.951292 0.975265 0.998397 0.928203 0.876621 1.0951 0.996532 0.926195
0.963634 0.861093 1.3954 0.923657 0.797047 1.59111 1.04768 1.04697 0.765277 1.14479
1.31906 1.0748 0.871809 1.32042 1.47906 1.12832 1.84449 0.822594 1.14255 0.90928
1.31786 1.45116 0.962675 1.23026 0.972125 1.82846 0.819273 0.919448 0.708627 0.78184
0.697326 0.988995 0.594196 0.753794 0.671223 0.74195 0.6413 1.76264 0.824579 0.64612
0.888758 0.66061 1.05902 0.97109 0.900489 1.66422 0.914191 1.07275 1.14471 1.33596
1.166 0.929375 0.890694 1.3095 1.23618 0.677831 0.652374 0.913857 0.815395 0.563657
0.956406 0.682021 0.736 0.867841 0.678528 1.5552 1.12683 0.67392 0.849701 1.04251
0.986662 1.91899 1.37261 1.46477 1.07321 0.696987 0.861124 0.817545 0.810277 1.0065
1.05749 0.942981 1.06535 1.17608 0.964728 0.828891 0.832567 0.877265 1.16461 0.840979
1.24609 0.689382 1.01751 0.716056 1.11951 0.992837 0.703367 1.1121 0.919595 0.687097
0.571842 0.834777 0.71442 0.603478 0.826801 0.773372 0.829908 0.939887 0.819607 1.14344
0.958328 0.845216 1.61767 0.899935 0.831896 1.58135 0.808011 1.03399 0.976936 1.06466
0.712098 0.922658 0.697918 1.00057 0.950993 0.778759 1.03437 0.800831 1.28233 0.645096
0.925933 0.940939 1.41822 1.33686 1.09386 0.983238 1.15305 0.892992 0.791253 0.954218
0.775927 0.861975 0.855256 1.89459 0.807872 0.879751 0.902707 0.760364 1.05911 1.24708
0.561492 1.28913 0.823619 1.12731 1.07241 0.884283 0.862859 0.927544 0.777224 0.773355
1.08183 0.856954 1.04381 1.06168 0.801486 0.953754 0.912975 0.764189 1.44653 0.755085
0.72598 1.28222 0.69034 0.554621 0.926701 1.22031 1.21607 1.10334 0.848875 0.726261
0.871932 1.32348 1.51047 0.905081 0.779158 1.15798 0.682406 0.691584 0.986997 0.982242
1.10968 0.690319 1.07086 1.41806 0.715938 0.637094 0.903658 1.27097 0.854322 1.32595
0.896252 1.05888 0.892613 1.1529 1.02415 0.911626 0.853756 0.820588 0.849695 0.648718
0.903346 0.952159 0.876991 0.75011 0.900729 1.03494 0.86975 0.642597 1.44838 0.868632
0.699812 0.827827 0.924838 1.00867 0.699354 1.0414 1.10714 0.925898 1.12686 1.05253
0.975468 0.722115 0.800565 0.929008 0.878648 0.965839 0.8549 0.843978 0.779513 1.19857
0.842977 0.598616 1.02021 1.31096 0.899851 0.866773 1.117 1.09235 0.899642 0.770612
0.650284 0.984788 1.40816 1.0027 0.876753 0.88436 1.05949 0.971217 0.714843 1.67304
0.984626 1.39668 0.969233 0.82845 1.09703 1.01741 0.916359 0.906438 
>noiseOffset:
>observedSynthesisNoise:
>std_NoiseOffset:
>mutation_prior_mean:
***
0 0 0 0 0 0 0 0 0 0
0 0 0 0 0 0 0 0 0 0
0 0 0 0 0 0 0 0 0 0
0 0 0 0 0 0 0 0 0 0
>mutation_prior_sd:
***
0.35 0.35 0.35 0.35 0.35 0.35 0.35 0.35 0.35 0.35
0.35 0.35 0.35 0.35 0.35 0.35 0.35 0.35 0.35 0.35
0.35 0.35 0.35 0.35 0.35 0.35 0.35 0.35 0.35 0.35
0.35 0.35 0.35 0.35 0.35 0.35 0.35 0.35 0.35 0.35
>std_csp:
0.032768 0.032768 0.032768 0.429982 0.248832 0.20736 0.298598 0.04096 0.04096 0.04096
0.619174 0.12 0.12 0.248832 0.0209715 0.0209715 0.0209715 0.0209715 0.0209715 0.248832
0.1 0.1 0.1 0.248832 0.04096 0.04096 0.04096 0.04096 0.04096 0.04096
0.04096 0.04096 0.04096 0.04096 0.04096 0.04096 0.04096 0.04096 0.358318 0.619174
>currentMutationParameter:
***
-1.19084 2.08674 0.633183 1.70701 1.65096 -2.59462 1.27188 0.0731186 1.04472 -0.103166
2.07275 0.16151 1.42227 -2.70577 0.481166 2.30028 1.64018 0.236147 -2.56308 1.86278
-1.36935 2.63231 0.490568 -2.01915 -0.816199 -0.106376 -0.432546 1.74199 -0.473361 -1.11867
1.84022 1.15302 -0.921567 2.02358 0.5302 -0.768495 1.70725 1.11147 1.63647 1.0773
>currentSelectionParameter:
***
1.58032 -1.40449 0.876868 -1.73732 -1.04803 2.36972 -1.52084 -1.54547 -0.592722 0.855085
-1.80442 1.31454 -1.04028 2.63503 0.513962 -1.9525 -1.15137 -0.257887 3.90949 -1.65157
-0.279314 -1.72719 -0.509361 1.24947 0.410336 1.24227 0.756006 -0.903594 1.55649 1.17869
-1.46497 -0.610945 1.1278 -1.52455 0.53096 1.92013 -1.16624 -0.539894 -1.63185 -0.84859
>covarianceMatrix:
A
6.37008e-05	0	0	0	0	0	
0	6.37008e-05	0	0	0	0	
0	0	6.37008e-05	0	0	0	
0	0	0	0.00142139	-0.00093159	0.000480582	
0	0	0	-0.00093159	0.00157658	-6.74192e-05	
0	0	0	0.000480582	-6.74192e-05	0.00136419	
***
>covarianceMatrix:
C
0.0107495	0	
0	0.0107495	
***
>covarianceMatrix:
D
0.0062208	0	
0	0.0062208	
***
>covarianceMatrix:
E
0.005184	0	
0	0.005184	
***
>covarianceMatrix:
F
0.00746496	0	
0	0.00746496	
***
>covarianceMatrix:
G
0.00013271	0	0	0	0	0	
0	0.00013271	0	0	0	0	
0	0	0.00013271	0	0	0	
0	0	0	0.00240735	0.00148384	-0.000470015	
0	0	0	0.00148384	0.00215076	0.000225514	
0	0	0	-0.000470015	0.000225514	0.00160508	
***
>covarianceMatrix:
H
0.0154794	0	
0	0.0154794	
***
>covarianceMatrix:
I
0.003	0	0	0	
0	0.003	0	0	
0	0	0.003	0	
0	0	0	0.003	
***
>covarianceMatrix:
K
0.0062208	0	
0	0.0062208	
***
>covarianceMatrix:
L
1.46767e-05	0	0	0	0	0	0	0	0	0	
0	1.46767e-05	0	0	0	0	0	0	0	0	
0	0	1.46767e-05	0	0	0	0	0	0	0	
0	0	0	1.46767e-05	0	0	0	0	0	0	
0	0	0	0	1.46767e-05	0	0	0	0	0	
0	0	0	0	0	0.000835529	0.000162118	0.000245628	0.000102953	0.000133273	
0	0	0	0	0	0.000162118	0.00129886	0.00100686	0.000112987	-0.00139987	
0	0	0	0	0	0.000245628	0.00100686	0.00154859	2.0236e-05	-0.00155794	
0	0	0	0	0	0.000102953	0.000112987	2.0236e-05	0.00034461	0.000243406	
0	0	0	0	0	0.000133273	-0.00139987	-0.00155794	0.000243406	0.00410477	
***
>covarianceMatrix:
N
0.0062208	0	
0	0.0062208	
***
>covarianceMatrix:
P
0.0025	0	0	0	0	0	
0	0.0025	0	0	0	0	
0	0	0.0025	0	0	0	
0	0	0	0.0025	0	0	
0	0	0	0	0.0025	0	
0	0	0	0	0	0.0025	
***
>covarianceMatrix:
Q
0.0062208	0	
0	0.0062208	
***
>covarianceMatrix:
R
0.00013271	0	0	0	0	0	0	0	0	0	
0	0.00013271	0	0	0	0	0	0	0	0	
0	0	0.00013271	0	0	0	0	0	0	0	
0	0	0	0.00013271	0	0	0	0	0	0	
0	0	0	0	0.00013271	0	0	0	0	0	
0	0	0	0	0	0.000654619	0.000547174	0.000384297	9.29289e-05	0.000585947	
0	0	0	0	0	0.000547174	0.00385927	0.00132661	0.000330745	0.00221234	
0	0	0	0	0	0.000384297	0.00132661	0.00140734	0.000178004	0.00113824	
0	0	0	0	0	9.29289e-05	0.000330745	0.000178004	0.00243144	-0.000104958	
0	0	0	0	0	0.000585947	0.00221234	0.00113824	-0.000104958	0.00359776	
***
>covarianceMatrix:
S
0.00013271	0	0	0	0	0	
0	0.00013271	0	0	0	0	
0	0	0.00013271	0	0	0	
0	0	0	0.00176495	-0.00164693	-0.000741015	
0	0	0	-0.00164693	0.00387595	0.00236477	
0	0	0	-0.000741015	0.00236477	0.00238177	
***
>covarianceMatrix:
T
0.00013271	0	0	0	0	0	
0	0.00013271	0	0	0	0	
0	0	0.00013271	0	0	0	
0	0	0	0.00136788	-0.00120385	0.000451552	
0	0	0	-0.00120385	0.0035048	0.000261807	
0	0	0	0.000451552	0.000261807	0.00131354	
***
>covarianceMatrix:
V
0.00013271	0	0	0	0	0	
0	0.00013271	0	0	0	0	
0	0	0.00013271	0	0	0	
0	0	0	0.003988	-0.00184318	-0.00128335	
0	0	0	-0.00184318	0.00189642	0.00117886	
0	0	0	-0.00128335	0.00117886	0.00167528	
***
>covarianceMatrix:
Y
0.00895795	0	
0	0.00895795	
***
>covarianceMatrix:
Z
0.0154794	0	
0	0.0154794	
***
