>groupList:
A C D E F G H I K L
N P Q R S T V Y Z 
>stdDevSynthesisRate:
0.325544 
>numParam:
40
>numMixtures:
1
>std_stdDevSynthesisRate:
0.1
>std_phi:
***
0.652585 0.815731 0.815731 0.815731 0.627485 0.815731 0.815731 0.482681 0.627485 0.815731
0.627485 0.652585 0.501988 0.627485 0.627485 0.371293 0.627485 0.54295 0.627485 0.705835
0.501988 0.28561 0.678688 1.06045 0.482681 0.371293 0.627485 0.815731 0.815731 0.652585
0.371293 0.501988 0.652585 0.522068 0.297034 0.371293 1.06045 1.06045 0.501988 0.386145
0.678688 0.84836 0.28561 0.482681 0.482681 0.815731 0.401591 0.228488 0.627485 0.386145
0.28561 0.652585 0.84836 0.386145 0.482681 0.678688 0.482681 0.482681 1.06045 0.308916
0.28561 0.627485 0.652585 0.371293 0.417654 0.371293 0.627485 0.652585 0.522068 0.386145
0.401591 0.308916 0.482681 0.627485 0.371293 0.386145 0.371293 0.627485 0.417654 0.627485
0.54295 0.627485 0.627485 0.815731 0.371293 0.401591 0.522068 0.627485 0.627485 0.386145
0.228488 0.371293 0.308916 0.386145 0.705835 0.17576 0.501988 0.501988 0.815731 0.54295
0.371293 0.652585 0.501988 0.705835 0.371293 0.371293 0.501988 0.386145 0.371293 0.482681
0.371293 0.386145 0.54295 0.627485 0.401591 0.652585 0.297034 0.401591 0.705835 0.371293
0.28561 0.652585 0.297034 0.627485 0.321272 0.54295 0.678688 0.627485 0.482681 0.482681
0.627485 0.815731 0.815731 0.417654 0.297034 0.482681 0.28561 0.482681 0.401591 0.482681
0.321272 0.652585 0.482681 0.297034 0.371293 0.84836 0.297034 0.815731 0.386145 0.371293
0.371293 0.386145 0.386145 0.522068 0.28561 0.501988 0.28561 0.815731 0.627485 0.401591
0.501988 0.84836 0.815731 0.54295 0.627485 0.501988 0.371293 0.17576 0.297034 0.401591
0.371293 0.371293 0.522068 0.522068 0.371293 0.401591 0.18279 0.371293 0.627485 0.652585
0.652585 0.815731 0.627485 0.482681 0.482681 0.522068 0.84836 0.371293 0.371293 0.308916
0.386145 0.482681 0.482681 0.371293 0.627485 0.321272 0.371293 0.84836 0.678688 0.482681
0.84836 0.371293 0.482681 0.371293 0.371293 0.627485 0.371293 0.627485 0.308916 0.627485
0.401591 0.882294 0.815731 0.417654 0.882294 0.627485 0.308916 0.705835 0.297034 0.882294
0.371293 0.522068 0.28561 0.522068 0.522068 0.371293 0.417654 0.482681 0.401591 0.501988
0.371293 0.297034 0.84836 0.371293 0.482681 0.501988 0.371293 0.482681 0.815731 0.371293
0.401591 0.627485 0.308916 0.522068 0.678688 0.705835 0.228488 0.627485 0.308916 0.17576
0.627485 0.501988 0.321272 0.28561 0.917586 0.678688 0.28561 0.28561 0.371293 0.627485
0.401591 0.297034 0.28561 0.815731 0.371293 0.28561 0.482681 0.371293 0.882294 0.28561
0.297034 0.627485 0.417654 0.28561 0.371293 0.84836 0.501988 0.678688 0.297034 0.482681
0.28561 0.652585 0.482681 0.482681 0.308916 0.401591 0.371293 0.84836 0.321272 0.627485
0.522068 0.28561 0.522068 0.482681 0.1352 0.501988 0.297034 0.308916 0.401591 0.501988
0.401591 0.482681 0.627485 0.401591 0.401591 0.627485 0.522068 0.678688 0.815731 0.501988
0.815731 0.815731 0.417654 0.417654 0.386145 0.652585 0.482681 0.237628 0.308916 0.371293
0.627485 0.17576 0.371293 0.501988 0.734069 0.815731 0.308916 0.54295 0.386145 0.386145
0.84836 0.386145 0.28561 0.482681 0.627485 0.308916 0.815731 0.652585 0.627485 0.308916
0.482681 0.371293 0.228488 0.297034 0.371293 0.17576 0.627485 0.54295 0.54295 0.371293
0.308916 0.54295 0.28561 0.522068 0.28561 0.482681 0.371293 0.237628 0.308916 0.371293
0.815731 0.371293 0.28561 0.297034 0.308916 0.482681 0.401591 0.482681 0.401591 0.371293
0.297034 0.627485 0.815731 0.501988 0.386145 0.705835 0.28561 0.652585 0.84836 0.237628
0.652585 0.417654 0.627485 1.06045 0.321272 0.308916 0.386145 0.371293 1.06045 0.627485
0.371293 0.815731 0.815731 0.482681 0.815731 0.28561 0.371293 0.371293 0.371293 0.84836
0.678688 0.28561 0.297034 0.28561 0.371293 0.482681 0.371293 0.917586 0.482681 0.482681
0.501988 0.815731 0.28561 0.482681 0.371293 0.652585 0.371293 0.482681 0.386145 0.2197
0.401591 0.522068 0.297034 0.522068 0.917586 0.386145 0.371293 0.371293 0.627485 0.371293
0.482681 0.321272 0.371293 0.28561 0.371293 0.84836 0.371293 0.371293 0.482681 0.237628
0.371293 0.17576 0.627485 0.522068 0.501988 0.28561 0.627485 0.28561 0.371293 0.482681
0.564668 0.815731 0.627485 0.28561 0.308916 0.386145 0.386145 0.386145 0.627485 0.386145
0.297034 0.401591 0.371293 0.501988 0.501988 0.482681 0.678688 0.237628 0.678688 0.501988
0.308916 0.815731 0.371293 0.371293 0.734069 0.54295 0.371293 0.297034 0.482681 0.228488
0.371293 0.247133 0.371293 0.401591 0.84836 0.28561 0.371293 0.84836 0.386145 0.28561
0.482681 0.705835 0.297034 0.401591 0.627485 0.371293 0.54295 0.371293 0.371293 0.815731
1.06045 0.386145 0.386145 0.28561 0.627485 0.257018 0.815731 0.482681 0.627485 0.627485
0.627485 0.417654 0.84836 0.482681 0.247133 0.627485 0.386145 0.54295 0.297034 0.482681
0.522068 0.371293 0.28561 0.627485 0.28561 0.28561 0.228488 0.28561 0.28561 0.386145
0.482681 0.371293 0.308916 0.482681 0.678688 0.652585 0.652585 0.28561 0.308916 0.564668
0.417654 0.386145 0.482681 0.482681 0.482681 0.371293 0.401591 0.54295 0.371293 0.371293
0.501988 0.321272 0.401591 0.54295 0.28561 0.28561 0.522068 0.321272 0.308916 0.482681
0.28561 0.28561 0.482681 0.28561 0.401591 0.386145 0.28561 1.06045 0.482681 0.501988
0.2197 0.482681 0.401591 0.401591 0.371293 0.815731 0.54295 0.386145 1.10287 0.401591
0.308916 0.371293 0.28561 0.297034 0.627485 0.652585 0.2197 0.501988 0.482681 0.297034
0.371293 0.371293 0.501988 0.371293 0.815731 0.522068 0.386145 0.815731 0.297034 0.371293
0.386145 0.882294 0.882294 0.401591 0.401591 0.501988 0.501988 1.06045 0.28561 0.308916
0.501988 0.297034 0.627485 0.371293 0.627485 0.371293 0.386145 0.2197 0.2197 0.482681
0.401591 0.28561 0.627485 0.308916 0.28561 0.297034 0.678688 0.386145 0.28561 0.308916
0.627485 0.308916 0.482681 0.371293 0.627485 0.237628 0.28561 0.17576 0.1352 0.627485
0.308916 0.228488 0.2197 0.417654 0.627485 0.321272 0.84836 0.627485 0.28561 0.652585
0.401591 0.386145 0.237628 0.627485 0.386145 0.257018 0.652585 0.297034 0.84836 0.371293
0.815731 0.815731 0.371293 0.297034 0.308916 0.28561 0.482681 0.652585 0.501988 0.652585
0.297034 0.482681 0.501988 0.627485 0.482681 0.652585 0.371293 0.54295 0.321272 0.228488
0.652585 0.522068 0.371293 0.371293 0.371293 0.482681 0.482681 0.371293 0.627485 0.297034
0.815731 0.522068 0.308916 0.237628 0.482681 0.371293 0.371293 0.882294 0.371293 0.501988
0.627485 0.28561 0.297034 0.371293 0.386145 0.28561 0.18279 0.815731 0.84836 0.482681
0.401591 0.401591 0.522068 0.28561 0.417654 0.705835 0.321272 0.501988 0.321272 0.297034
0.297034 0.705835 0.401591 0.297034 0.371293 0.237628 0.371293 0.501988 0.28561 0.482681
0.228488 0.371293 0.652585 0.297034 0.308916 0.297034 0.652585 0.297034 0.482681 0.297034
0.401591 0.482681 0.386145 0.17576 0.297034 0.815731 0.371293 0.815731 0.401591 0.815731
0.297034 0.501988 0.28561 0.28561 0.28561 0.28561 0.371293 0.371293 0.371293 0.2197
0.371293 0.564668 0.627485 0.386145 0.54295 0.297034 0.28561 0.84836 0.17576 0.501988
0.482681 0.371293 0.501988 0.28561 0.308916 0.17576 0.308916 0.297034 0.627485 0.84836
0.28561 0.308916 0.652585 0.627485 1.06045 0.28561 0.522068 0.84836 0.371293 0.371293
0.297034 0.627485 0.321272 0.501988 0.652585 0.28561 0.501988 0.371293 0.652585 0.228488
0.84836 0.297034 0.652585 0.627485 0.627485 0.371293 0.1352 0.371293 0.308916 0.678688
0.308916 0.401591 0.28561 0.308916 0.28561 0.297034 0.501988 0.297034 0.652585 0.627485
0.169 0.371293 0.652585 0.237628 0.371293 0.371293 0.371293 0.228488 0.371293 0.501988
0.308916 0.371293 0.371293 0.28561 0.308916 0.54295 0.627485 0.882294 0.28561 0.501988
0.28561 0.627485 0.54295 1.10287 0.297034 0.297034 0.28561 0.482681 0.297034 0.297034
0.297034 0.417654 0.501988 0.28561 0.371293 0.28561 0.652585 0.297034 0.627485 0.401591
0.28561 0.501988 0.815731 0.2197 0.482681 0.482681 0.371293 0.652585 0.371293 0.815731
0.308916 0.417654 0.482681 0.501988 0.28561 0.371293 0.386145 0.2197 0.482681 0.401591
0.371293 0.386145 0.815731 0.54295 0.501988 0.417654 0.522068 0.308916 0.2197 0.28561
0.297034 0.28561 0.386145 0.371293 0.28561 0.308916 0.297034 0.417654 0.28561 0.652585
0.401591 0.652585 0.371293 0.84836 0.482681 0.652585 0.297034 0.501988 0.522068 0.815731
0.321272 0.371293 0.882294 0.28561 0.652585 0.501988 0.627485 0.401591 0.815731 0.28561
0.482681 0.482681 0.371293 0.371293 0.237628 0.417654 0.228488 0.54295 0.28561 0.627485
0.371293 0.815731 0.386145 0.482681 0.371293 0.28561 0.297034 0.1352 0.28561 0.28561
0.386145 0.308916 0.482681 0.501988 0.297034 0.308916 0.84836 0.401591 0.482681 0.652585
0.297034 0.386145 0.627485 0.482681 0.84836 0.482681 0.482681 0.815731 0.386145 0.308916
0.417654 0.053248 0.297034 0.386145 0.84836 0.522068 0.482681 0.522068 0.297034 0.386145
0.371293 0.501988 0.652585 0.627485 0.297034 0.482681 0.84836 0.371293 0.401591 0.522068
0.522068 0.401591 0.386145 0.18279 0.386145 0.652585 0.401591 0.652585 0.401591 0.371293
0.54295 0.28561 0.308916 0.652585 0.17576 0.705835 0.678688 0.308916 0.417654 0.18279
0.482681 0.297034 0.257018 0.482681 0.297034 0.228488 0.297034 0.482681 0.678688 0.237628
0.371293 0.678688 0.237628 0.627485 0.297034 0.28561 0.2197 0.28561 0.627485 0.371293
0.297034 0.321272 0.43436 0.386145 0.482681 0.237628 0.247133 0.652585 0.297034 0.401591
0.297034 0.705835 0.386145 0.386145 0.297034 0.522068 0.482681 0.371293 0.308916 0.386145
0.371293 0.522068 0.417654 0.815731 0.228488 0.54295 0.501988 0.371293 0.28561 0.652585
0.54295 0.401591 0.522068 0.678688 0.371293 0.371293 0.501988 0.371293 0.522068 0.386145
0.386145 0.371293 0.401591 0.482681 0.627485 0.627485 0.371293 0.627485 0.482681 0.321272
0.401591 0.297034 0.237628 0.84836 0.371293 0.308916 0.371293 0.734069 0.308916 0.522068
0.371293 0.297034 0.237628 0.2197 0.169 0.482681 0.18279 0.297034 0.522068 0.522068
0.28561 0.652585 0.482681 0.146232 0.371293 0.237628 0.308916 0.815731 0.308916 0.371293
0.371293 0.2197 0.28561 0.386145 0.501988 0.54295 0.28561 0.482681 0.627485 0.28561
0.627485 0.522068 0.43436 0.501988 0.371293 0.386145 0.28561 0.501988 0.297034 0.522068
0.652585 0.678688 0.815731 0.371293 0.417654 0.371293 0.257018 0.522068 0.564668 0.308916
0.28561 0.627485 0.297034 0.321272 0.705835 0.308916 0.652585 0.28561 0.917586 0.28561
0.17576 0.54295 0.297034 0.386145 0.386145 0.627485 0.652585 0.297034 0.308916 0.228488
0.401591 0.2197 0.482681 0.678688 0.522068 0.297034 0.371293 0.297034 0.401591 0.482681
0.371293 0.54295 0.386145 0.652585 0.652585 0.917586 0.297034 0.482681 0.84836 0.371293
0.401591 0.297034 0.401591 0.705835 0.2197 0.401591 0.815731 0.321272 0.28561 0.28561
0.652585 0.308916 0.1352 0.482681 0.84836 0.401591 0.417654 1.10287 0.28561 0.308916
0.627485 0.84836 0.627485 0.297034 0.652585 0.297034 0.28561 0.28561 0.501988 0.371293
0.482681 0.627485 0.652585 0.627485 0.401591 0.371293 0.28561 0.386145 0.28561 0.627485
0.371293 0.28561 0.652585 0.482681 0.501988 0.401591 0.482681 0.564668 0.501988 0.371293
0.401591 0.501988 0.237628 0.401591 0.401591 0.371293 0.237628 0.308916 0.228488 0.401591
0.297034 0.228488 0.28561 0.815731 0.308916 0.386145 0.401591 0.28561 0.401591 0.501988
0.627485 
>categories:
0 0
>mixtureAssignment:
0 0 0 0 0 0 0 0 0 0 0 0 0 0 0 0 0 0 0 0 0 0 0 0 0 0 0 0 0 0 0 0 0 0 0 0 0 0 0 0 0 0 0 0 0 0 0 0 0 0
0 0 0 0 0 0 0 0 0 0 0 0 0 0 0 0 0 0 0 0 0 0 0 0 0 0 0 0 0 0 0 0 0 0 0 0 0 0 0 0 0 0 0 0 0 0 0 0 0 0
0 0 0 0 0 0 0 0 0 0 0 0 0 0 0 0 0 0 0 0 0 0 0 0 0 0 0 0 0 0 0 0 0 0 0 0 0 0 0 0 0 0 0 0 0 0 0 0 0 0
0 0 0 0 0 0 0 0 0 0 0 0 0 0 0 0 0 0 0 0 0 0 0 0 0 0 0 0 0 0 0 0 0 0 0 0 0 0 0 0 0 0 0 0 0 0 0 0 0 0
0 0 0 0 0 0 0 0 0 0 0 0 0 0 0 0 0 0 0 0 0 0 0 0 0 0 0 0 0 0 0 0 0 0 0 0 0 0 0 0 0 0 0 0 0 0 0 0 0 0
0 0 0 0 0 0 0 0 0 0 0 0 0 0 0 0 0 0 0 0 0 0 0 0 0 0 0 0 0 0 0 0 0 0 0 0 0 0 0 0 0 0 0 0 0 0 0 0 0 0
0 0 0 0 0 0 0 0 0 0 0 0 0 0 0 0 0 0 0 0 0 0 0 0 0 0 0 0 0 0 0 0 0 0 0 0 0 0 0 0 0 0 0 0 0 0 0 0 0 0
0 0 0 0 0 0 0 0 0 0 0 0 0 0 0 0 0 0 0 0 0 0 0 0 0 0 0 0 0 0 0 0 0 0 0 0 0 0 0 0 0 0 0 0 0 0 0 0 0 0
0 0 0 0 0 0 0 0 0 0 0 0 0 0 0 0 0 0 0 0 0 0 0 0 0 0 0 0 0 0 0 0 0 0 0 0 0 0 0 0 0 0 0 0 0 0 0 0 0 0
0 0 0 0 0 0 0 0 0 0 0 0 0 0 0 0 0 0 0 0 0 0 0 0 0 0 0 0 0 0 0 0 0 0 0 0 0 0 0 0 0 0 0 0 0 0 0 0 0 0
0 0 0 0 0 0 0 0 0 0 0 0 0 0 0 0 0 0 0 0 0 0 0 0 0 0 0 0 0 0 0 0 0 0 0 0 0 0 0 0 0 0 0 0 0 0 0 0 0 0
0 0 0 0 0 0 0 0 0 0 0 0 0 0 0 0 0 0 0 0 0 0 0 0 0 0 0 0 0 0 0 0 0 0 0 0 0 0 0 0 0 0 0 0 0 0 0 0 0 0
0 0 0 0 0 0 0 0 0 0 0 0 0 0 0 0 0 0 0 0 0 0 0 0 0 0 0 0 0 0 0 0 0 0 0 0 0 0 0 0 0 0 0 0 0 0 0 0 0 0
0 0 0 0 0 0 0 0 0 0 0 0 0 0 0 0 0 0 0 0 0 0 0 0 0 0 0 0 0 0 0 0 0 0 0 0 0 0 0 0 0 0 0 0 0 0 0 0 0 0
0 0 0 0 0 0 0 0 0 0 0 0 0 0 0 0 0 0 0 0 0 0 0 0 0 0 0 0 0 0 0 0 0 0 0 0 0 0 0 0 0 0 0 0 0 0 0 0 0 0
0 0 0 0 0 0 0 0 0 0 0 0 0 0 0 0 0 0 0 0 0 0 0 0 0 0 0 0 0 0 0 0 0 0 0 0 0 0 0 0 0 0 0 0 0 0 0 0 0 0
0 0 0 0 0 0 0 0 0 0 0 0 0 0 0 0 0 0 0 0 0 0 0 0 0 0 0 0 0 0 0 0 0 0 0 0 0 0 0 0 0 0 0 0 0 0 0 0 0 0
0 0 0 0 0 0 0 0 0 0 0 0 0 0 0 0 0 0 0 0 0 0 0 0 0 0 0 0 0 0 0 0 0 0 0 0 0 0 0 0 0 0 0 0 0 0 0 0 0 0
0 0 0 0 0 0 0 0 0 0 0 0 0 0 0 0 0 0 0 0 0 0 0 0 0 0 0 0 0 0 0 0 0 0 0 0 0 0 0 0 0 0 0 0 0 0 0 0 0 0
0 0 0 0 0 0 0 0 0 0 0 0 0 0 0 0 0 0 0 0 0 0 0 0 0 0 0 0 0 0 0 0 0 0 0 0 0 0 0 0 0 0 0 0 0 0 0 0 0 0
0 0 0 0 0 0 0 0 0 0 0 0 0 0 0 0 0 0 0 0 0 0 0 0 0 0 0 0 0 0 0 0 0 0 0 0 0 0 0 0 0 0 0 0 0 0 0 0 0 0
0 0 0 0 0 0 0 0 0 0 0 0 0 0 0 0 0 0 0 0 0 0 0 0 0 0 0 0 0 0 0 0 0 0 0 0 0 0 0 0 0 0 0 0 0 0 0 0 0 0
0 0 0 0 0 0 0 0 0 0 0 0 0 0 0 0 0 0 0 0 0 0 0 0 0 0 0 0 0 0 0 0 0 0 0 0 0 0 0 0 0 0 0 0 0 0 0 0 0 0
0 0 0 0 0 0 0 0 0 0 0 0 0 0 0 0 0 0 0 0 0 0 0 0 0 0 0 0 0 0 0 0 0 0 0 0 0 0 0 0 0 0 0 0 0 0 0 0 0 0
0 0 0 0 0 0 0 0 0 0 0 0 0 0 0 0 0 0 0 0 0 0 0 0 0 0 0 0 0 0 0 0 0 0 0 0 0 0 0 0 0 
>numMutationCategories:
1
>numSelectionCategories:
1
>categoryProbabilities:
1 
>selectionIsInMixture:
***
0 
>mutationIsInMixture:
***
0 
>obsPhiSets:
0
>currentSynthesisRateLevel:
***
1.13233 0.710964 0.708099 1.02944 1.15172 0.877868 0.926839 1.66895 1.43715 0.987678
0.737132 0.65745 1.25782 1.26244 1.47828 1.17444 0.535281 1.11694 0.889511 0.681699
0.805091 1.05895 0.396389 0.636034 1.01539 0.897878 1.46016 0.835503 1.33859 0.486798
1.02753 1.21204 0.577498 1.14448 1.30652 1.01818 0.669594 0.477161 1.21695 0.914547
0.952109 0.676337 0.947429 0.730913 0.74578 0.491455 1.19266 1.21002 0.77883 0.815133
1.42327 1.24052 0.611694 0.88324 1.11387 0.83365 0.819867 0.87556 1.18985 1.09804
1.35375 0.843532 0.770732 1.07076 1.07765 0.97969 0.771618 0.528195 0.607151 1.12651
0.771101 1.02706 1.212 1.06542 1.3195 1.09964 0.825647 0.742206 1.1607 0.842374
1.3781 1.2087 0.624581 0.965778 1.03862 0.991801 1.09871 1.26465 0.899171 0.881914
1.46433 1.00059 1.4043 0.784931 0.752336 1.18648 0.889049 0.947229 0.475491 1.38672
0.861878 0.587495 0.905246 0.591972 1.06297 0.695933 1.09284 0.93608 0.852715 1.19473
1.04574 0.778349 0.847031 0.557241 0.847141 1.23009 1.17109 0.977967 0.68334 0.948704
0.851428 0.593319 1.21497 0.527543 0.792781 0.583979 1.20858 0.922854 0.926131 0.743508
0.270373 0.806566 1.23149 0.555162 1.44393 0.588543 1.15572 0.914871 0.918043 0.591181
0.913659 0.833477 1.47556 1.19389 0.965826 0.793981 1.21306 0.771379 0.980235 1.09786
0.88068 1.14058 0.68586 1.02383 1.35552 1.0404 1.36459 0.679621 0.59998 0.999898
0.712838 0.689574 0.60958 0.699353 0.724594 1.32309 1.01295 1.36957 1.01256 0.847901
1.08896 1.02384 0.7163 1.1084 0.716994 0.818301 1.00967 0.555331 0.522032 1.58781
1.5712 1.63341 0.540781 0.851554 1.18275 0.670737 0.503687 1.00676 0.99583 1.37785
1.07117 0.775242 0.70269 0.824555 0.912128 1.12874 1.32347 1.07916 0.947172 0.706138
0.519089 1.16791 0.736422 1.25572 1.24729 0.750173 1.05753 0.872421 1.36343 1.01449
0.85991 0.891297 0.795953 1.26643 0.458391 1.09254 1.54432 0.627624 1.31281 0.592332
0.695593 0.778976 1.21931 0.834568 0.558863 1.09886 1.00394 1.11578 1.17568 1.47131
1.08322 1.25617 0.647532 1.28842 0.630093 0.986482 0.927449 0.780906 0.639505 1.15593
0.628623 0.958027 1.24103 0.946026 0.835605 0.803544 0.874564 1.19233 1.09367 1.39701
0.767747 0.753351 1.29113 1.57318 0.3978 0.61333 0.898165 1.26181 1.16245 1.07066
0.867837 1.06894 1.16908 0.753618 1.31979 0.987084 0.615224 1.17587 0.743202 1.48287
1.59632 0.682521 0.858193 0.859279 1.02467 0.740911 1.06185 0.639109 0.94365 0.767034
1.52821 0.617494 0.708301 1.25951 1.37976 0.969478 1.02807 0.896145 1.07345 1.13054
1.00939 1.33615 0.946949 1.135 1.2768 0.80204 1.39177 1.23949 1.01991 0.934435
0.688642 0.979883 1.20469 1.04139 0.81261 1.76035 0.704479 1.03617 0.61265 0.741728
0.959248 0.421147 0.847054 0.988674 0.766672 0.965797 0.71041 1.61893 1.13566 0.882407
1.25187 1.14901 1.06179 0.614975 0.837564 0.605503 1.0716 0.846361 0.840132 0.89872
0.752949 1.26 1.28929 1.16503 1.70588 1.50485 0.61146 1.18108 0.739195 0.85668
1.2227 1.15452 1.14517 1.40705 1.29254 1.23362 0.626724 0.832747 0.600618 1.42325
1.05634 0.709856 1.53552 1.03926 1.40565 0.615547 0.947724 1.01707 0.895841 1.41186
0.469426 1.40216 1.13969 0.746436 0.965824 1.28111 0.880804 0.942426 0.880227 1.08389
1.28285 0.310049 0.68833 1.03401 0.612787 0.323384 1.34577 0.499269 1.44486 1.35804
0.85138 0.782863 1.15444 0.605255 1.03542 1.14304 0.668328 0.900277 1.33952 0.784104
1.25603 0.520604 0.766739 1.11233 0.718612 1.17386 1.19311 0.973116 0.982906 1.09893
0.243531 1.14667 1.21235 1.05899 1.13945 0.654737 0.992341 0.603367 1.26289 0.816106
1.2803 0.592509 1.31492 0.749233 0.865362 0.586056 0.899622 0.779368 1.01724 1.09334
1.26132 1.08081 1.28738 0.693476 0.398335 0.880988 1.32695 1.11281 1.56063 1.15939
1.08978 0.8162 1.036 1.28914 1.29949 0.4624 1.02645 1.40202 0.817079 1.3336
1.04233 1.5864 0.644809 0.902285 0.682724 1.60483 0.917769 0.841132 1.29271 0.850799
0.909786 0.503497 0.527216 1.24994 1.1199 0.743888 0.988593 0.819651 0.633171 0.781649
1.32382 1.40629 1.07937 0.761777 0.884358 1.08099 0.756345 1.21763 0.38331 1.24927
1.14169 0.674698 1.42381 1.14984 0.344538 0.66411 1.08406 1.24798 1.0317 1.34317
1.26722 1.17281 0.98956 1.16022 0.528692 0.891767 1.27658 1.18901 0.761912 0.968804
0.899093 0.322364 1.12416 0.813474 1.30801 0.872089 0.743057 1.14668 1.00295 0.655897
1.63331 0.826136 0.953808 1.23949 0.95051 1.6092 1.17827 0.868037 1.15815 0.418146
0.923416 0.980518 0.819894 1.65746 1.27591 0.780809 1.09856 0.51776 1.31042 0.79327
0.865143 0.856725 1.50254 1.04258 1.42889 1.25312 1.19283 1.216 1.19358 1.02773
0.701746 1.1014 1.24935 0.752294 0.78982 0.517088 0.443145 1.40622 1.27293 0.800575
1.10351 1.3668 1.1207 1.11332 0.669247 1.16625 0.878767 0.438319 1.23251 0.779906
0.761195 0.843969 1.02956 0.904989 1.46359 1.49614 0.406075 1.54103 1.01566 1.10837
1.34401 1.15528 1.0945 1.39806 0.755397 0.972968 1.1896 0.996623 1.13821 0.39688
1.05928 1.13061 0.919032 0.889123 1.24587 0.555905 0.97827 1.21116 0.740438 1.01398
1.21347 1.26136 1.06607 1.33267 1.22544 0.759201 1.04019 0.624046 0.827959 0.772779
0.970601 0.95145 0.966406 1.16127 0.851096 0.551695 0.89864 1.57263 1.42476 1.09119
1.02491 0.714253 0.30252 0.741076 0.5939 0.85669 1.30184 0.759352 1.15427 1.35795
0.8685 1.14757 0.563065 1.10826 0.849586 0.893654 0.897684 1.39385 1.37051 0.988363
1.47755 1.11645 0.657337 1.19191 1.41965 1.11013 0.443846 1.04321 0.960778 1.19386
0.779011 0.934569 0.741267 1.09 0.705743 0.998998 1.54408 1.27978 1.41068 0.472481
1.49366 1.3421 1.51859 0.813566 1.1431 1.04517 0.574033 0.826189 1.07352 1.12532
0.862246 1.16987 0.835595 0.613216 0.877313 1.23576 0.442208 1.07185 0.474942 1.0957
0.603163 0.920679 1.49192 1.35829 1.07861 1.20923 0.78883 0.769501 1.0516 1.00233
1.3536 0.745801 0.390789 0.657677 0.514593 0.381526 1.00903 1.07589 1.13638 1.05518
1.58547 0.440687 1.04576 0.85598 0.861195 0.952914 0.717355 0.96194 0.994672 1.13955
0.553957 0.828308 1.1661 0.855548 0.986072 1.35146 0.922673 0.595636 0.790332 0.548432
0.767871 0.864789 1.18236 0.999791 1.42818 1.32268 1.11316 0.920597 0.53337 1.21741
0.57574 0.871249 0.717904 1.73133 0.802425 0.332694 1.2033 0.990544 1.01236 0.974333
1.01785 0.826171 0.946494 0.736866 1.32315 1.33548 0.851236 0.877464 0.805835 1.27962
1.27782 1.16988 0.930402 1.43044 1.11004 1.19325 0.918113 1.23966 0.97446 1.48285
0.763871 1.2522 0.548485 1.24046 1.087 1.00995 1.10733 0.689716 0.968694 0.859317
1.35444 0.476342 1.34638 1.26377 1.25983 1.13513 0.9675 0.987641 0.710356 1.43549
1.06314 0.60056 1.08527 1.45732 0.727689 1.33349 0.902612 0.478943 1.15453 1.09701
0.48361 1.06881 0.57826 0.919201 1.07535 0.886229 1.13325 1.22793 0.883068 0.713604
1.11001 1.40511 0.689666 0.902917 0.428891 1.45622 1.03904 0.810363 0.873469 1.36417
1.14464 0.747545 1.55515 1.00038 0.513373 1.22368 0.869014 1.0215 0.707614 0.800478
0.615016 1.15612 0.512374 0.766125 0.865321 0.973743 1.12792 1.07703 1.18279 0.570026
1.63242 1.34758 1.10318 1.17649 1.30716 1.20952 0.651249 1.64712 0.641963 0.803789
1.48122 0.990766 0.83931 1.24376 0.890625 0.589285 1.16789 1.3027 1.22855 0.850806
1.19187 1.08556 1.09923 1.14568 1.16023 1.05735 0.949649 0.471164 0.991689 1.18771
1.6134 1.19372 0.744113 0.463464 1.60332 0.921863 1.34348 1.16326 0.985997 1.15592
1.01575 1.29769 0.641185 1.39562 1.05809 1.63961 0.677561 1.26819 0.754391 0.717115
1.20171 1.07048 0.906134 1.01691 0.68588 0.745217 0.985073 0.944234 0.862251 0.218823
1.09056 0.746743 0.947406 0.738116 1.17885 1.17063 0.988912 1.00852 0.584307 0.711095
1.23807 0.865166 0.255254 0.723244 0.829294 0.832053 0.826868 0.917259 1.48135 1.41273
0.82545 1.43049 0.828172 0.85144 1.35579 1.4224 1.12636 0.975751 1.2471 1.29738
0.819593 0.585789 0.988331 0.371076 0.509032 1.39626 1.1608 1.13117 0.581995 0.597214
1.00074 0.615121 0.7929 1.0197 0.462379 0.736994 0.893833 0.729414 0.738719 1.22891
0.919814 1.11973 0.788952 1.05871 1.18917 0.849831 0.970696 0.502065 1.11161 0.492662
0.988386 0.755581 0.639107 1.10036 1.32742 0.995618 0.925273 1.25398 1.4353 1.33717
1.03783 1.46984 1.18839 1.34995 1.2968 1.4352 1.15 1.19676 0.723859 0.595562
1.35216 0.931151 0.897214 0.782413 0.844747 1.28934 1.51072 0.880102 0.850288 1.04579
0.880939 1.48097 0.94333 1.17504 0.736414 0.611807 0.958663 0.725437 0.767438 1.32025
1.16322 0.613403 0.925095 0.787563 1.25952 1.1359 0.999208 1.02324 1.26114 1.25898
0.918602 0.92668 1.04855 1.37004 1.02094 0.904421 0.543779 0.719366 0.759733 1.0708
0.790859 1.38903 1.17231 0.752289 0.979766 0.848264 0.540376 0.869198 0.699364 1.22385
1.13631 0.878913 1.17882 0.653841 0.80402 0.965752 1.16554 0.813822 0.465516 0.979044
0.773094 0.920251 0.62663 0.855801 0.880228 1.39275 1.45836 1.19656 1.04138 1.19365
1.27687 1.34656 1.16869 1.28884 0.960267 1.12419 1.02837 0.812439 1.27885 1.02244
1.10784 1.16152 0.843407 0.978907 0.692943 0.889903 1.26549 1.42665 1.16966 1.19316
1.07243 0.627504 0.52006 0.721333 1.48073 0.704134 0.896235 1.01902 1.03404 0.379263
0.868355 1.19493 0.920098 0.46311 0.953937 0.884252 1.01347 1.67733 0.580704 1.21123
0.858623 1.0145 0.716474 0.813817 0.586076 0.801593 1.02485 0.787266 0.786019 0.849009
0.649522 1.25642 0.921869 0.795943 1.37063 1.1095 1.11395 1.07125 1.10007 1.3307
0.825858 1.01729 1.04551 1.5646 1.37219 0.680986 0.849047 1.37418 0.472416 1.44597
1.4324 0.389051 0.524842 1.36477 1.06089 1.22453 1.24093 0.996088 1.02526 1.31
0.973292 0.779671 1.03756 0.977176 0.496961 0.463221 0.987049 0.514596 0.528473 1.32291
1.0967 0.774136 0.604254 0.757885 1.20968 0.994111 1.40407 1.11851 1.24107 0.948193
0.790256 1.19811 0.701724 1.18132 0.77354 0.98059 1.17842 0.856478 0.590467 1.15237
1.38218 0.83674 1.06057 1.18931 0.409558 1.04025 0.572803 1.32158 0.797227 1.22223
0.982363 0.808791 1.39655 0.98218 0.767702 0.89163 0.602476 1.28865 1.05807 1.62817
1.08457 1.42321 0.861248 0.467715 0.841831 1.307 1.11601 0.536262 0.827887 0.925591
0.940569 0.68356 0.879448 0.588314 0.881093 1.6331 1.41815 1.40167 1.13525 1.5008
0.586391 1.44015 1.26947 0.536417 1.27479 0.92698 0.843509 1.04852 1.31925 1.03719
0.958154 0.860817 1.80129 1.42324 0.69013 0.810232 0.473344 0.541106 1.42613 1.3023
0.676112 0.791301 0.773925 1.12019 0.589836 1.26001 1.27406 1.13158 0.934529 1.47208
1.01847 0.609088 0.894508 0.652059 0.848349 0.81437 0.993324 0.958797 1.1585 0.535903
1.09465 1.28543 0.954066 0.645268 1.19056 0.673285 0.892413 0.521954 1.08244 0.972846
1.24887 0.518737 1.33214 1.10982 1.30669 0.969922 1.07109 0.95446 0.865123 0.855725
1.3532 1.13086 1.61313 0.33316 1.14544 1.02517 1.20507 1.41938 1.10224 1.36823
0.640849 
>noiseOffset:
>observedSynthesisNoise:
>std_NoiseOffset:
>mutation_prior_mean:
***
0 0 0 0 0 0 0 0 0 0
0 0 0 0 0 0 0 0 0 0
0 0 0 0 0 0 0 0 0 0
0 0 0 0 0 0 0 0 0 0
>mutation_prior_sd:
***
0.35 0.35 0.35 0.35 0.35 0.35 0.35 0.35 0.35 0.35
0.35 0.35 0.35 0.35 0.35 0.35 0.35 0.35 0.35 0.35
0.35 0.35 0.35 0.35 0.35 0.35 0.35 0.35 0.35 0.35
0.35 0.35 0.35 0.35 0.35 0.35 0.35 0.35 0.35 0.35
>std_csp:
0.00144115 0.00144115 0.00144115 0.1 0.08 0.0512 0.04096 0.00549756 0.00549756 0.00549756
0.1 0.00144115 0.00144115 0.04096 0.04096 0.04096 0.04096 0.04096 0.04096 0.04096
0.00144115 0.00144115 0.00144115 0.08 0.00549756 0.00549756 0.00549756 0.00549756 0.00549756 0.0262144
0.0262144 0.0262144 0.00144115 0.00144115 0.00144115 0.000590296 0.000590296 0.000590296 0.0512 0.1
>currentMutationParameter:
***
0.459379 -0.712294 0.132664 -1.08429 -0.259494 0.980482 -1.04596 -1.15744 -0.677919 0.09928
-0.593199 1.38636 -1.02863 0.923255 0.868194 -0.78018 -0.293879 -0.0448777 1.92896 -0.772591
-1.27565 -0.480296 -1.27359 0.368333 0.474763 0.890605 0.399787 -0.23716 0.556361 0.025358
-0.874557 -0.829837 0.0464354 -0.883932 -0.1029 0.892 -0.748065 -0.571815 -1.21789 -0.956837
>currentSelectionParameter:
***
-0.462839 1.28911 0.759369 1.17977 0.844149 -1.47794 1.10277 0.241728 1.05322 0.52292
0.925344 -0.429968 1.56487 -1.38787 -0.116206 1.15297 0.734675 0.0847992 -1.22691 1.16175
0.3938 1.054 1.22453 -0.980824 -1.04159 -0.27671 -0.622023 0.949538 -0.0496443 -0.222009
1.23465 1.18251 -0.152622 1.40381 0.808756 -0.172386 1.27066 0.938044 1.40534 1.23996
>covarianceMatrix:
A
0.000608413	0.000407926	0.000399689	-0.000515015	-0.000370039	-0.000356523	
0.000407926	0.000906684	0.000516856	-0.000383187	-0.000756845	-0.000404272	
0.000399689	0.000516856	0.000689204	-0.00034201	-0.00046497	-0.000541043	
-0.000515015	-0.000383187	-0.00034201	0.000514161	0.000377668	0.00034949	
-0.000370039	-0.000756845	-0.00046497	0.000377668	0.000760138	0.000427326	
-0.000356523	-0.000404272	-0.000541043	0.00034949	0.000427326	0.000544657	
***
>covarianceMatrix:
C
0.00459262	-0.00280254	
-0.00280254	0.00422665	
***
>covarianceMatrix:
D
0.00327171	-0.00308041	
-0.00308041	0.00324034	
***
>covarianceMatrix:
E
0.00238207	-0.00196162	
-0.00196162	0.00192411	
***
>covarianceMatrix:
F
0.00243772	-0.00212724	
-0.00212724	0.0020629	
***
>covarianceMatrix:
G
0.0015143	0.00072158	0.000580521	-0.00134986	-0.000764876	-0.00048059	
0.00072158	0.00110255	0.000138825	-0.000626367	-0.000857027	3.12966e-05	
0.000580521	0.000138825	0.00147512	-0.000368745	8.40658e-05	-0.00103128	
-0.00134986	-0.000626367	-0.000368745	0.00139144	0.000825772	0.000404015	
-0.000764876	-0.000857027	8.40658e-05	0.000825772	0.00102218	-9.73442e-05	
-0.00048059	3.12966e-05	-0.00103128	0.000404015	-9.73442e-05	0.000983533	
***
>covarianceMatrix:
H
0.00529203	-0.00445256	
-0.00445256	0.00510656	
***
>covarianceMatrix:
I
0.000773881	0.000182013	-0.000570857	-0.000175322	
0.000182013	0.00114487	-0.000119245	-0.000960822	
-0.000570857	-0.000119245	0.000514499	0.000120053	
-0.000175322	-0.000960822	0.000120053	0.000967906	
***
>covarianceMatrix:
K
0.00259576	-0.00228639	
-0.00228639	0.00232022	
***
>covarianceMatrix:
L
0.000296782	-9.20154e-07	5.74954e-05	3.03227e-05	4.63264e-05	-0.000232031	1.10399e-05	-3.04284e-05	-2.43645e-05	-2.41385e-05	
-9.20154e-07	0.000355795	-4.77934e-06	-2.62993e-05	-0.000134121	3.9323e-05	-0.000287993	5.97188e-05	3.85602e-05	0.000184251	
5.74954e-05	-4.77934e-06	0.000112957	2.16155e-05	-2.96734e-05	-5.33169e-05	1.79087e-05	-8.92381e-05	-2.16584e-05	1.10342e-05	
3.03227e-05	-2.62993e-05	2.16155e-05	0.000111624	5.16222e-05	-2.74946e-05	3.48943e-05	-1.9924e-05	-7.35552e-05	-6.29611e-05	
4.63264e-05	-0.000134121	-2.96734e-05	5.16222e-05	0.000216705	-4.52437e-05	0.00013982	4.64914e-05	-2.85339e-05	-0.000176373	
-0.000232031	3.9323e-05	-5.33169e-05	-2.74946e-05	-4.52437e-05	0.000252438	-2.54403e-05	6.06095e-05	4.40839e-05	5.67395e-05	
1.10399e-05	-0.000287993	1.79087e-05	3.48943e-05	0.00013982	-2.54403e-05	0.000294909	-3.0807e-05	-2.16551e-05	-0.000166801	
-3.04284e-05	5.97188e-05	-8.92381e-05	-1.9924e-05	4.64914e-05	6.06095e-05	-3.0807e-05	0.000157252	4.65428e-05	1.12048e-05	
-2.43645e-05	3.85602e-05	-2.16584e-05	-7.35552e-05	-2.85339e-05	4.40839e-05	-2.16551e-05	4.65428e-05	8.47841e-05	6.41121e-05	
-2.41385e-05	0.000184251	1.10342e-05	-6.29611e-05	-0.000176373	5.67395e-05	-0.000166801	1.12048e-05	6.41121e-05	0.000219452	
***
>covarianceMatrix:
N
0.00293799	-0.00272462	
-0.00272462	0.0027947	
***
>covarianceMatrix:
P
0.000819986	0.000504119	0.00036476	-0.000655887	-0.000344912	-0.000223095	
0.000504119	0.00106045	0.000537018	-0.000389534	-0.000765102	-0.000365725	
0.00036476	0.000537018	0.000656961	-0.000266797	-0.000388836	-0.000444783	
-0.000655887	-0.000389534	-0.000266797	0.00060294	0.000310387	0.000205974	
-0.000344912	-0.000765102	-0.000388836	0.000310387	0.000689008	0.000322334	
-0.000223095	-0.000365725	-0.000444783	0.000205974	0.000322334	0.00039744	
***
>covarianceMatrix:
Q
0.00429412	-0.00344941	
-0.00344941	0.00369889	
***
>covarianceMatrix:
R
0.000547147	0.000211936	0.000146528	0.000236982	0.000136991	-0.000464006	-0.000229849	-0.00012568	-0.00021548	-9.12315e-05	
0.000211936	0.000455187	1.10587e-05	8.39301e-05	0.000180592	-0.000159691	-0.000316012	3.40527e-05	-4.5023e-05	-0.000135959	
0.000146528	1.10587e-05	0.00030756	9.43012e-05	1.28442e-05	-7.08148e-05	9.61213e-05	-0.000166686	-1.37863e-05	6.21006e-05	
0.000236982	8.39301e-05	9.43012e-05	0.000528199	9.50181e-05	-0.000154714	-3.5747e-05	-4.81182e-05	-0.000333565	2.91512e-05	
0.000136991	0.000180592	1.28442e-05	9.50181e-05	0.000336889	-6.91519e-05	-0.000144873	3.39415e-05	-1.68401e-05	-0.000180708	
-0.000464006	-0.000159691	-7.08148e-05	-0.000154714	-6.91519e-05	0.000482184	0.000255326	0.000123495	0.000205253	8.39003e-05	
-0.000229849	-0.000316012	9.61213e-05	-3.5747e-05	-0.000144873	0.000255326	0.000376715	-4.03673e-05	8.19206e-05	0.000170858	
-0.00012568	3.40527e-05	-0.000166686	-4.81182e-05	3.39415e-05	0.000123495	-4.03673e-05	0.000152628	3.89114e-05	-4.59743e-05	
-0.00021548	-4.5023e-05	-1.37863e-05	-0.000333565	-1.68401e-05	0.000205253	8.19206e-05	3.89114e-05	0.000345947	-5.4787e-06	
-9.12315e-05	-0.000135959	6.21006e-05	2.91512e-05	-0.000180708	8.39003e-05	0.000170858	-4.59743e-05	-5.4787e-06	0.000190945	
***
>covarianceMatrix:
S
0.00036539	-4.38399e-05	-2.09101e-05	-0.000251514	6.37066e-05	6.96163e-06	
-4.38399e-05	0.000571549	0.000370614	4.23423e-05	-0.000457596	-0.000319719	
-2.09101e-05	0.000370614	0.000624389	3.79418e-05	-0.000296712	-0.00050173	
-0.000251514	4.23423e-05	3.79418e-05	0.000217649	-3.97359e-05	-1.32603e-05	
6.37066e-05	-0.000457596	-0.000296712	-3.97359e-05	0.000442055	0.000309137	
6.96163e-06	-0.000319719	-0.00050173	-1.32603e-05	0.000309137	0.000527667	
***
>covarianceMatrix:
T
0.000522148	0.00012973	9.06368e-05	-0.000403865	-0.000118289	-6.30852e-05	
0.00012973	0.000532499	0.000275513	-8.70987e-05	-0.000394556	-0.00019443	
9.06368e-05	0.000275513	0.000611659	-4.80021e-05	-0.000189102	-0.000455275	
-0.000403865	-8.70987e-05	-4.80021e-05	0.000365849	0.000110554	5.66205e-05	
-0.000118289	-0.000394556	-0.000189102	0.000110554	0.000385198	0.000169366	
-6.30852e-05	-0.00019443	-0.000455275	5.66205e-05	0.000169366	0.00043806	
***
>covarianceMatrix:
V
0.000597986	2.00165e-05	9.71514e-05	-0.000477026	-3.60344e-05	-9.43887e-05	
2.00165e-05	0.000808082	8.43974e-06	-1.37343e-06	-0.000747074	-7.35589e-06	
9.71514e-05	8.43974e-06	0.000506778	-7.58319e-05	5.86283e-05	-0.000444895	
-0.000477026	-1.37343e-06	-7.58319e-05	0.000445208	2.8298e-05	8.94042e-05	
-3.60344e-05	-0.000747074	5.86283e-05	2.8298e-05	0.000803667	-1.66741e-05	
-9.43887e-05	-7.35589e-06	-0.000444895	8.94042e-05	-1.66741e-05	0.000455702	
***
>covarianceMatrix:
Y
0.00345852	-0.0032288	
-0.0032288	0.00345123	
***
>covarianceMatrix:
Z
0.00563622	-0.00489146	
-0.00489146	0.00535506	
***
