>groupList:
A C D E F G H I K L
N P Q R S T V Y Z 
>stdDevSynthesisRate:
0.306458 
>numParam:
40
>numMixtures:
1
>std_stdDevSynthesisRate:
0.1
>std_phi:
***
0.522068 0.84836 0.815731 0.815731 0.627485 0.815731 0.84836 0.401591 0.627485 0.815731
0.652585 0.652585 0.501988 0.652585 0.678688 0.386145 0.652585 0.678688 0.627485 0.84836
0.652585 0.28561 0.84836 0.84836 0.482681 0.371293 0.627485 0.815731 0.882294 0.815731
0.371293 0.482681 0.815731 0.401591 0.297034 0.386145 0.84836 1.10287 0.501988 0.371293
0.678688 0.84836 0.28561 0.482681 0.482681 0.815731 0.401591 0.228488 0.652585 0.386145
0.297034 0.627485 0.815731 0.386145 0.482681 0.678688 0.482681 0.482681 1.14698 0.401591
0.308916 0.652585 0.627485 0.371293 0.501988 0.371293 0.678688 0.652585 0.54295 0.371293
0.386145 0.308916 0.43436 0.54295 0.371293 0.482681 0.371293 0.627485 0.417654 0.627485
0.522068 0.627485 0.627485 0.815731 0.371293 0.417654 0.652585 0.652585 0.652585 0.371293
0.228488 0.371293 0.308916 0.371293 0.84836 0.17576 0.652585 0.501988 0.815731 0.522068
0.371293 0.652585 0.482681 0.705835 0.371293 0.386145 0.522068 0.482681 0.371293 0.482681
0.371293 0.501988 0.652585 0.652585 0.501988 0.84836 0.228488 0.401591 0.815731 0.386145
0.297034 0.627485 0.297034 0.815731 0.386145 0.652585 0.815731 0.627485 0.482681 0.501988
0.627485 0.815731 0.84836 0.401591 0.297034 0.482681 0.28561 0.482681 0.386145 0.482681
0.401591 0.652585 0.501988 0.28561 0.386145 0.882294 0.28561 0.678688 0.371293 0.371293
0.386145 0.371293 0.321272 0.501988 0.28561 0.522068 0.28561 0.815731 0.652585 0.501988
0.54295 0.815731 0.84836 0.652585 0.627485 0.678688 0.371293 0.169 0.371293 0.522068
0.371293 0.371293 0.652585 0.652585 0.371293 0.401591 0.228488 0.401591 0.627485 0.652585
0.501988 0.882294 0.627485 0.501988 0.627485 0.627485 0.815731 0.386145 0.371293 0.371293
0.401591 0.482681 0.501988 0.386145 0.627485 0.386145 0.371293 0.882294 0.652585 0.501988
1.06045 0.386145 0.482681 0.401591 0.371293 0.627485 0.371293 0.678688 0.386145 0.627485
0.501988 0.84836 0.84836 0.482681 1.06045 0.627485 0.28561 0.815731 0.308916 0.882294
0.501988 0.501988 0.237628 0.501988 0.652585 0.386145 0.417654 0.482681 0.501988 0.482681
0.386145 0.386145 1.06045 0.371293 0.501988 0.501988 0.371293 0.482681 0.84836 0.371293
0.501988 0.627485 0.308916 0.652585 0.84836 0.84836 0.228488 0.627485 0.297034 0.18279
0.627485 0.522068 0.308916 0.28561 0.84836 0.678688 0.28561 0.28561 0.371293 0.652585
0.522068 0.297034 0.297034 0.815731 0.401591 0.297034 0.501988 0.386145 1.10287 0.297034
0.297034 0.627485 0.386145 0.28561 0.371293 1.06045 0.501988 0.652585 0.28561 0.501988
0.28561 0.815731 0.482681 0.501988 0.386145 0.401591 0.386145 0.815731 0.371293 0.522068
0.522068 0.28561 0.627485 0.522068 0.1352 0.501988 0.297034 0.386145 0.308916 0.482681
0.501988 0.501988 0.627485 0.386145 0.501988 0.627485 0.522068 0.815731 0.815731 0.501988
0.815731 0.815731 0.386145 0.501988 0.386145 0.627485 0.522068 0.228488 0.297034 0.371293
0.627485 0.18279 0.371293 0.522068 0.84836 0.815731 0.308916 0.501988 0.482681 0.371293
0.678688 0.371293 0.28561 0.482681 0.627485 0.28561 0.882294 0.678688 0.652585 0.386145
0.501988 0.386145 0.2197 0.297034 0.371293 0.17576 0.627485 0.652585 0.522068 0.371293
0.297034 0.652585 0.28561 0.501988 0.297034 0.522068 0.371293 0.297034 0.321272 0.371293
0.815731 0.371293 0.28561 0.297034 0.297034 0.482681 0.501988 0.482681 0.501988 0.371293
0.308916 0.652585 0.84836 0.501988 0.386145 0.882294 0.371293 0.84836 1.10287 0.228488
0.627485 0.501988 0.627485 1.14698 0.321272 0.401591 0.386145 0.371293 1.06045 0.627485
0.371293 0.84836 0.815731 0.482681 0.815731 0.308916 0.401591 0.321272 0.371293 0.84836
0.84836 0.28561 0.28561 0.308916 0.371293 0.482681 0.371293 1.10287 0.482681 0.482681
0.501988 0.815731 0.28561 0.482681 0.386145 0.652585 0.371293 0.482681 0.401591 0.228488
0.386145 0.652585 0.297034 0.564668 1.10287 0.386145 0.386145 0.386145 0.627485 0.371293
0.482681 0.297034 0.371293 0.28561 0.371293 0.705835 0.386145 0.371293 0.482681 0.237628
0.371293 0.17576 0.652585 0.652585 0.522068 0.28561 0.652585 0.28561 0.482681 0.501988
0.522068 0.815731 0.627485 0.297034 0.401591 0.386145 0.371293 0.401591 0.652585 0.401591
0.28561 0.401591 0.371293 0.652585 0.501988 0.501988 0.652585 0.228488 0.84836 0.522068
0.308916 0.84836 0.371293 0.371293 0.84836 0.652585 0.371293 0.297034 0.482681 0.228488
0.371293 0.297034 0.371293 0.401591 0.815731 0.28561 0.386145 0.815731 0.401591 0.28561
0.482681 0.882294 0.297034 0.386145 0.627485 0.386145 0.652585 0.371293 0.371293 0.815731
1.06045 0.386145 0.386145 0.28561 0.627485 0.28561 0.84836 0.482681 0.627485 0.678688
0.627485 0.501988 0.815731 0.501988 0.28561 0.627485 0.386145 0.522068 0.401591 0.627485
0.501988 0.386145 0.28561 0.652585 0.28561 0.28561 0.228488 0.28561 0.297034 0.386145
0.482681 0.371293 0.297034 0.482681 0.678688 0.652585 0.84836 0.28561 0.308916 0.652585
0.501988 0.386145 0.482681 0.482681 0.482681 0.371293 0.371293 0.705835 0.371293 0.371293
0.482681 0.308916 0.501988 0.522068 0.297034 0.28561 0.652585 0.371293 0.308916 0.501988
0.28561 0.28561 0.501988 0.297034 0.501988 0.386145 0.297034 1.06045 0.501988 0.501988
0.2197 0.482681 0.386145 0.401591 0.386145 0.815731 0.627485 0.371293 1.10287 0.386145
0.308916 0.308916 0.297034 0.28561 0.627485 0.652585 0.190102 0.482681 0.482681 0.308916
0.371293 0.386145 0.501988 0.371293 0.815731 0.522068 0.386145 0.815731 0.28561 0.371293
0.386145 0.84836 0.815731 0.501988 0.482681 0.482681 0.501988 1.06045 0.28561 0.297034
0.482681 0.308916 0.652585 0.308916 0.627485 0.386145 0.371293 0.237628 0.2197 0.482681
0.417654 0.28561 0.652585 0.371293 0.28561 0.28561 0.652585 0.371293 0.28561 0.386145
0.652585 0.297034 0.501988 0.386145 0.652585 0.297034 0.297034 0.17576 0.17576 0.678688
0.297034 0.228488 0.2197 0.501988 0.678688 0.401591 1.06045 0.678688 0.28561 0.678688
0.482681 0.386145 0.297034 0.652585 0.482681 0.28561 0.627485 0.386145 0.815731 0.501988
0.84836 0.84836 0.371293 0.308916 0.308916 0.28561 0.482681 0.652585 0.501988 0.501988
0.297034 0.482681 0.652585 0.627485 0.482681 0.815731 0.371293 0.678688 0.386145 0.228488
0.627485 0.522068 0.371293 0.386145 0.386145 0.522068 0.482681 0.371293 0.627485 0.386145
0.84836 0.652585 0.386145 0.247133 0.482681 0.371293 0.371293 0.815731 0.371293 0.627485
0.627485 0.28561 0.308916 0.371293 0.386145 0.297034 0.18279 0.815731 0.815731 0.501988
0.501988 0.401591 0.652585 0.28561 0.401591 0.84836 0.386145 0.482681 0.321272 0.308916
0.308916 0.882294 0.401591 0.297034 0.371293 0.297034 0.386145 0.482681 0.308916 0.482681
0.28561 0.371293 0.815731 0.371293 0.371293 0.28561 0.652585 0.308916 0.501988 0.247133
0.386145 0.482681 0.386145 0.228488 0.371293 0.815731 0.386145 0.84836 0.386145 0.917586
0.297034 0.522068 0.28561 0.297034 0.28561 0.28561 0.371293 0.371293 0.386145 0.2197
0.371293 0.652585 0.627485 0.401591 0.652585 0.28561 0.28561 1.06045 0.17576 0.652585
0.482681 0.371293 0.522068 0.28561 0.28561 0.18279 0.386145 0.297034 0.652585 0.84836
0.308916 0.297034 0.678688 0.627485 1.10287 0.28561 0.522068 0.815731 0.371293 0.371293
0.28561 0.627485 0.308916 0.501988 0.84836 0.297034 0.501988 0.371293 0.627485 0.237628
0.815731 0.297034 0.652585 0.652585 0.627485 0.371293 0.140608 0.371293 0.228488 0.678688
0.308916 0.501988 0.297034 0.237628 0.297034 0.297034 0.501988 0.28561 0.815731 0.627485
0.17576 0.386145 0.627485 0.247133 0.371293 0.371293 0.386145 0.297034 0.386145 0.501988
0.401591 0.371293 0.371293 0.28561 0.308916 0.482681 0.652585 0.882294 0.297034 0.627485
0.28561 0.652585 0.652585 1.10287 0.297034 0.371293 0.308916 0.482681 0.297034 0.28561
0.308916 0.401591 0.482681 0.28561 0.371293 0.28561 0.627485 0.28561 0.627485 0.501988
0.28561 0.482681 0.84836 0.228488 0.482681 0.501988 0.371293 0.54295 0.371293 0.815731
0.297034 0.401591 0.482681 0.522068 0.28561 0.371293 0.371293 0.228488 0.501988 0.386145
0.371293 0.501988 0.882294 0.54295 0.501988 0.501988 0.501988 0.308916 0.2197 0.28561
0.297034 0.28561 0.501988 0.386145 0.28561 0.297034 0.297034 0.386145 0.297034 0.652585
0.522068 0.652585 0.371293 0.815731 0.54295 0.627485 0.297034 0.652585 0.652585 0.815731
0.386145 0.386145 1.10287 0.297034 0.84836 0.627485 0.652585 0.501988 0.84836 0.28561
0.482681 0.482681 0.371293 0.371293 0.228488 0.522068 0.228488 0.678688 0.28561 0.627485
0.371293 0.84836 0.371293 0.482681 0.386145 0.321272 0.297034 0.1352 0.28561 0.28561
0.401591 0.386145 0.501988 0.482681 0.308916 0.386145 0.815731 0.401591 0.501988 0.627485
0.28561 0.501988 0.815731 0.482681 0.84836 0.522068 0.482681 0.815731 0.386145 0.371293
0.501988 0.06656 0.308916 0.386145 0.815731 0.652585 0.482681 0.652585 0.28561 0.386145
0.401591 0.501988 0.627485 0.627485 0.371293 0.482681 0.815731 0.386145 0.386145 0.482681
0.482681 0.386145 0.501988 0.2197 0.371293 0.678688 0.386145 0.815731 0.501988 0.371293
0.652585 0.297034 0.321272 0.652585 0.17576 0.815731 0.84836 0.386145 0.522068 0.17576
0.501988 0.417654 0.28561 0.501988 0.308916 0.228488 0.386145 0.482681 0.678688 0.308916
0.371293 0.84836 0.228488 0.627485 0.334123 0.28561 0.2197 0.28561 0.627485 0.386145
0.297034 0.308916 0.501988 0.371293 0.482681 0.237628 0.297034 0.815731 0.28561 0.401591
0.308916 0.84836 0.401591 0.386145 0.297034 0.522068 0.482681 0.297034 0.297034 0.386145
0.371293 0.652585 0.501988 0.815731 0.228488 0.522068 0.522068 0.386145 0.297034 0.84836
0.627485 0.417654 0.522068 0.652585 0.371293 0.371293 0.627485 0.371293 0.652585 0.28561
0.371293 0.401591 0.501988 0.501988 0.652585 0.627485 0.371293 0.627485 0.652585 0.371293
0.501988 0.371293 0.297034 1.06045 0.371293 0.371293 0.371293 0.84836 0.386145 0.678688
0.371293 0.386145 0.228488 0.228488 0.17576 0.482681 0.190102 0.308916 0.652585 0.627485
0.28561 0.678688 0.482681 0.1352 0.371293 0.297034 0.28561 0.815731 0.371293 0.371293
0.371293 0.228488 0.28561 0.386145 0.501988 0.522068 0.28561 0.522068 0.652585 0.28561
0.627485 0.652585 0.522068 0.482681 0.386145 0.386145 0.297034 0.417654 0.308916 0.501988
0.652585 0.678688 0.815731 0.401591 0.522068 0.371293 0.308916 0.652585 0.652585 0.308916
0.28561 0.652585 0.308916 0.386145 0.84836 0.308916 0.84836 0.28561 0.815731 0.308916
0.17576 0.652585 0.237628 0.386145 0.371293 0.627485 0.678688 0.386145 0.386145 0.228488
0.401591 0.247133 0.522068 0.84836 0.652585 0.297034 0.386145 0.321272 0.386145 0.501988
0.386145 0.678688 0.482681 0.652585 0.652585 1.10287 0.28561 0.522068 0.815731 0.28561
0.401591 0.297034 0.371293 0.882294 0.2197 0.401591 0.815731 0.386145 0.28561 0.28561
0.652585 0.297034 0.1352 0.482681 0.84836 0.501988 0.401591 1.14698 0.228488 0.297034
0.627485 0.84836 0.678688 0.297034 0.652585 0.297034 0.297034 0.28561 0.386145 0.386145
0.482681 0.627485 0.652585 0.652585 0.501988 0.386145 0.28561 0.386145 0.28561 0.627485
0.386145 0.297034 0.652585 0.501988 0.678688 0.401591 0.522068 0.652585 0.627485 0.371293
0.482681 0.482681 0.237628 0.501988 0.401591 0.401591 0.297034 0.386145 0.237628 0.386145
0.297034 0.237628 0.28561 0.882294 0.297034 0.386145 0.401591 0.28561 0.386145 0.501988
0.652585 
>categories:
0 0
>mixtureAssignment:
0 0 0 0 0 0 0 0 0 0 0 0 0 0 0 0 0 0 0 0 0 0 0 0 0 0 0 0 0 0 0 0 0 0 0 0 0 0 0 0 0 0 0 0 0 0 0 0 0 0
0 0 0 0 0 0 0 0 0 0 0 0 0 0 0 0 0 0 0 0 0 0 0 0 0 0 0 0 0 0 0 0 0 0 0 0 0 0 0 0 0 0 0 0 0 0 0 0 0 0
0 0 0 0 0 0 0 0 0 0 0 0 0 0 0 0 0 0 0 0 0 0 0 0 0 0 0 0 0 0 0 0 0 0 0 0 0 0 0 0 0 0 0 0 0 0 0 0 0 0
0 0 0 0 0 0 0 0 0 0 0 0 0 0 0 0 0 0 0 0 0 0 0 0 0 0 0 0 0 0 0 0 0 0 0 0 0 0 0 0 0 0 0 0 0 0 0 0 0 0
0 0 0 0 0 0 0 0 0 0 0 0 0 0 0 0 0 0 0 0 0 0 0 0 0 0 0 0 0 0 0 0 0 0 0 0 0 0 0 0 0 0 0 0 0 0 0 0 0 0
0 0 0 0 0 0 0 0 0 0 0 0 0 0 0 0 0 0 0 0 0 0 0 0 0 0 0 0 0 0 0 0 0 0 0 0 0 0 0 0 0 0 0 0 0 0 0 0 0 0
0 0 0 0 0 0 0 0 0 0 0 0 0 0 0 0 0 0 0 0 0 0 0 0 0 0 0 0 0 0 0 0 0 0 0 0 0 0 0 0 0 0 0 0 0 0 0 0 0 0
0 0 0 0 0 0 0 0 0 0 0 0 0 0 0 0 0 0 0 0 0 0 0 0 0 0 0 0 0 0 0 0 0 0 0 0 0 0 0 0 0 0 0 0 0 0 0 0 0 0
0 0 0 0 0 0 0 0 0 0 0 0 0 0 0 0 0 0 0 0 0 0 0 0 0 0 0 0 0 0 0 0 0 0 0 0 0 0 0 0 0 0 0 0 0 0 0 0 0 0
0 0 0 0 0 0 0 0 0 0 0 0 0 0 0 0 0 0 0 0 0 0 0 0 0 0 0 0 0 0 0 0 0 0 0 0 0 0 0 0 0 0 0 0 0 0 0 0 0 0
0 0 0 0 0 0 0 0 0 0 0 0 0 0 0 0 0 0 0 0 0 0 0 0 0 0 0 0 0 0 0 0 0 0 0 0 0 0 0 0 0 0 0 0 0 0 0 0 0 0
0 0 0 0 0 0 0 0 0 0 0 0 0 0 0 0 0 0 0 0 0 0 0 0 0 0 0 0 0 0 0 0 0 0 0 0 0 0 0 0 0 0 0 0 0 0 0 0 0 0
0 0 0 0 0 0 0 0 0 0 0 0 0 0 0 0 0 0 0 0 0 0 0 0 0 0 0 0 0 0 0 0 0 0 0 0 0 0 0 0 0 0 0 0 0 0 0 0 0 0
0 0 0 0 0 0 0 0 0 0 0 0 0 0 0 0 0 0 0 0 0 0 0 0 0 0 0 0 0 0 0 0 0 0 0 0 0 0 0 0 0 0 0 0 0 0 0 0 0 0
0 0 0 0 0 0 0 0 0 0 0 0 0 0 0 0 0 0 0 0 0 0 0 0 0 0 0 0 0 0 0 0 0 0 0 0 0 0 0 0 0 0 0 0 0 0 0 0 0 0
0 0 0 0 0 0 0 0 0 0 0 0 0 0 0 0 0 0 0 0 0 0 0 0 0 0 0 0 0 0 0 0 0 0 0 0 0 0 0 0 0 0 0 0 0 0 0 0 0 0
0 0 0 0 0 0 0 0 0 0 0 0 0 0 0 0 0 0 0 0 0 0 0 0 0 0 0 0 0 0 0 0 0 0 0 0 0 0 0 0 0 0 0 0 0 0 0 0 0 0
0 0 0 0 0 0 0 0 0 0 0 0 0 0 0 0 0 0 0 0 0 0 0 0 0 0 0 0 0 0 0 0 0 0 0 0 0 0 0 0 0 0 0 0 0 0 0 0 0 0
0 0 0 0 0 0 0 0 0 0 0 0 0 0 0 0 0 0 0 0 0 0 0 0 0 0 0 0 0 0 0 0 0 0 0 0 0 0 0 0 0 0 0 0 0 0 0 0 0 0
0 0 0 0 0 0 0 0 0 0 0 0 0 0 0 0 0 0 0 0 0 0 0 0 0 0 0 0 0 0 0 0 0 0 0 0 0 0 0 0 0 0 0 0 0 0 0 0 0 0
0 0 0 0 0 0 0 0 0 0 0 0 0 0 0 0 0 0 0 0 0 0 0 0 0 0 0 0 0 0 0 0 0 0 0 0 0 0 0 0 0 0 0 0 0 0 0 0 0 0
0 0 0 0 0 0 0 0 0 0 0 0 0 0 0 0 0 0 0 0 0 0 0 0 0 0 0 0 0 0 0 0 0 0 0 0 0 0 0 0 0 0 0 0 0 0 0 0 0 0
0 0 0 0 0 0 0 0 0 0 0 0 0 0 0 0 0 0 0 0 0 0 0 0 0 0 0 0 0 0 0 0 0 0 0 0 0 0 0 0 0 0 0 0 0 0 0 0 0 0
0 0 0 0 0 0 0 0 0 0 0 0 0 0 0 0 0 0 0 0 0 0 0 0 0 0 0 0 0 0 0 0 0 0 0 0 0 0 0 0 0 0 0 0 0 0 0 0 0 0
0 0 0 0 0 0 0 0 0 0 0 0 0 0 0 0 0 0 0 0 0 0 0 0 0 0 0 0 0 0 0 0 0 0 0 0 0 0 0 0 0 
>numMutationCategories:
1
>numSelectionCategories:
1
>categoryProbabilities:
1 
>selectionIsInMixture:
***
0 
>mutationIsInMixture:
***
0 
>obsPhiSets:
0
>currentSynthesisRateLevel:
***
1.31112 0.997081 0.779088 0.969741 1.20163 1.11258 1.05491 1.32929 1.40086 0.94071
0.936937 1.09359 1.47234 1.30241 1.63894 1.10393 0.633953 1.06934 0.969215 0.696427
0.914889 0.957682 0.45529 0.824524 1.03618 1.11055 1.19832 0.858377 1.19887 0.740665
0.918288 1.08008 0.62079 1.12954 1.28447 1.09759 0.544376 0.689745 1.23719 0.97252
1.07523 0.730741 1.01112 0.822536 0.917534 0.635609 1.15498 1.08226 0.783368 0.874354
1.40472 1.35294 0.4667 1.14588 1.03683 0.81882 0.871016 0.783167 0.763926 1.0799
1.46787 0.695034 0.770639 1.34872 0.974496 1.17617 0.861129 0.627679 0.639716 0.997696
0.770355 1.31075 1.08207 0.880895 1.10297 1.2764 0.889184 0.769339 0.924006 0.829999
1.50638 1.09017 0.446623 1.07502 1.13971 1.10519 1.3096 1.31805 0.815934 0.976025
1.43513 1.07194 1.31307 0.829506 0.874454 1.12055 0.876679 0.924477 0.630652 1.209
0.806659 0.689484 0.859687 0.873035 1.10458 0.813406 0.975769 1.06103 1.03545 1.18807
1.04019 0.77067 0.601338 0.673763 0.841521 0.867472 1.13522 0.942773 0.588547 1.13515
0.838533 0.56185 1.21997 0.471515 0.690494 0.600932 1.21899 1.30276 1.02817 0.773476
0.399171 0.623053 1.1607 0.603166 1.41688 0.66739 1.26801 0.790341 0.923409 0.676911
0.871147 0.811425 1.60294 1.11625 1.01263 0.755274 1.29902 0.860468 1.08873 1.08607
1.15428 1.34923 0.743674 1.31782 1.27732 1.13664 1.65408 0.800589 0.644371 0.862536
0.59717 0.859548 0.79563 0.909082 0.716407 1.51901 0.957425 1.49533 1.25312 0.894544
1.09676 1.15358 0.832448 0.941192 0.947841 0.905952 1.01438 0.597866 0.583875 0.9831
1.67114 1.74172 0.533451 1.06079 0.865007 0.874982 0.337864 1.00788 1.04932 1.26723
0.852646 0.889797 0.62176 1.09977 0.730487 1.11594 1.15058 1.11897 0.797741 0.783871
0.335091 1.08355 0.797752 1.26537 1.1571 1.1821 1.11735 0.774839 1.14908 0.912073
0.880232 1.07602 1.02084 1.22742 0.676484 1.1398 1.26117 0.846099 1.11328 0.923344
0.897353 0.744042 1.2009 0.815042 0.775809 1.02066 1.0503 1.07433 1.20163 1.05853
0.793576 1.29596 0.614466 1.26484 0.832017 1.02597 1.21452 0.583954 0.538266 1.30617
0.605196 1.13241 1.21903 0.828359 0.994217 0.523536 0.856842 1.41229 1.21572 1.36916
0.663429 0.808016 1.38127 1.62681 0.765208 0.573062 1.05045 1.24357 1.06084 0.976115
0.805248 1.03067 1.18444 0.641217 1.16111 1.08062 0.602029 1.38492 0.766922 1.4726
1.39022 0.775605 0.983385 0.973113 1.36117 0.824099 1.07338 0.518351 1.18998 0.750802
1.44058 0.392963 0.9007 1.25378 1.13888 1.14847 0.817347 0.974016 1.19727 1.2912
0.893513 1.35899 0.901244 1.08696 1.27514 0.651792 1.41986 1.29364 1.1435 0.82034
0.885991 1.03505 0.79484 0.893778 0.776602 2.04542 0.97711 1.48116 0.721757 0.806297
0.6822 0.639314 0.943016 0.83294 0.669694 1.08876 0.86408 1.65908 1.13279 0.878296
1.66954 1.20417 1.139 0.755996 0.781591 0.418309 1.06827 0.742982 1.05088 1.06186
0.639199 1.23507 1.44218 0.968933 1.52818 1.22361 0.475632 1.17663 0.944871 0.875725
0.900648 1.13011 1.11522 1.52064 1.53527 1.25301 0.884879 0.763137 0.749271 1.20285
1.0542 0.612856 1.63379 0.857044 1.20464 0.753295 0.801143 0.992397 0.846358 1.39349
0.78376 1.22773 1.36557 0.844111 0.992661 1.03798 0.779875 0.819455 1.1551 1.10058
1.37818 0.250861 0.81471 1.48596 0.656281 0.480766 1.36223 0.623628 1.58737 1.30051
0.8194 0.859958 0.940405 0.635425 1.04331 0.947285 0.534149 0.997216 1.70793 0.900701
1.39695 0.563322 0.515929 0.922491 0.569419 1.21197 1.08659 1.09238 0.928417 1.15504
0.350152 1.00939 1.1726 1.00531 1.18868 0.592769 1.11956 0.548205 1.15006 0.87556
1.45006 0.661114 1.44449 0.731378 0.954707 0.607836 1.18879 0.76561 1.06057 1.10608
1.05258 1.12904 1.34583 0.500321 0.498431 0.879088 1.28519 1.03033 1.35432 1.30812
1.13388 0.754629 1.01258 1.22915 1.16155 0.590115 1.03519 1.37207 0.716924 1.42867
0.941648 1.58297 0.813831 0.915146 0.792887 1.58978 1.00685 0.927495 1.12414 0.930641
1.05526 0.464128 0.685792 1.14139 1.22564 0.883819 0.941164 0.920932 0.557865 0.982614
1.1776 1.12385 1.03848 0.83407 0.935398 1.41004 0.880934 1.14367 0.28389 1.00709
1.24811 1.13347 1.35766 1.21187 0.325512 0.780958 0.993709 1.18661 1.28723 1.12814
1.28787 1.16295 1.25523 0.895911 0.706966 0.956119 1.11206 1.52978 0.760288 1.02775
0.973606 0.279551 1.39116 1.03484 1.52197 0.946946 0.819469 1.23623 1.02641 0.849407
0.774222 0.87413 1.26418 1.25949 1.1986 1.51029 1.59382 0.863541 0.999767 0.406041
0.80098 1.35736 0.770819 1.30448 1.30162 0.761192 1.19472 0.448038 1.29658 0.921827
0.991126 0.979422 1.44585 0.993222 1.50559 1.333 1.24934 1.16651 1.2748 1.13922
0.830605 1.10592 1.38277 0.856759 0.984871 0.50894 0.730108 1.36944 1.30836 0.68987
1.16733 1.37466 0.942098 1.25354 0.580231 1.23862 0.853934 0.382451 1.28913 0.843758
0.694611 0.871972 0.941005 0.893487 1.3969 1.40911 0.494182 1.34986 1.16954 1.16934
1.30896 1.44054 1.49511 1.51365 1.01106 0.72746 1.05861 0.835148 1.00461 0.523044
1.15296 1.0074 1.00478 0.855584 1.17191 0.688155 0.872878 1.38619 0.597599 0.97208
1.42977 1.4296 1.0291 1.28207 1.04476 0.855114 1.05819 0.875131 0.900878 0.75531
0.68864 0.836913 0.945584 1.271 0.824095 0.540739 1.01058 1.16017 1.50704 1.06691
1.07411 0.672654 0.367768 0.900526 0.643254 1.17917 0.880856 0.892057 1.13045 1.43285
0.903619 1.17967 0.456462 1.04159 0.828332 0.876779 0.878861 1.4364 1.16242 0.989241
1.42226 1.26134 0.676527 1.13911 1.34654 1.20889 0.336965 0.979531 0.949471 1.35136
0.715701 0.890334 0.791643 1.20894 1.04044 1.00391 1.61936 1.3994 1.43002 0.591762
1.48381 1.45617 1.60373 0.61602 1.32948 1.0269 0.393641 0.945792 1.00143 0.968275
0.931441 1.20631 0.892824 0.557257 1.22653 1.22134 0.480474 1.16649 0.663331 0.898674
0.721372 1.00784 1.19656 1.44366 1.22376 1.37399 1.12452 0.822423 1.25519 0.679712
1.18761 0.858586 0.602111 0.464065 0.517607 0.33396 1.0421 0.765405 1.07427 1.1916
1.45676 0.579788 1.06296 0.89918 0.840479 0.858477 0.610611 0.900838 0.848957 1.20287
0.572189 0.678842 1.26177 0.876051 0.948188 1.10852 1.0805 0.506539 0.909838 0.697903
0.717921 0.953973 1.32287 1.03724 1.5487 1.71929 1.16535 0.658294 0.739632 1.25067
0.793731 0.855504 0.865615 1.62685 1.07975 0.293651 1.16392 0.880005 1.16239 0.861888
0.980931 1.03723 1.36008 1.04238 1.76052 1.38139 0.820953 0.959514 0.878172 1.12224
1.16853 1.08264 0.712515 1.46211 1.02472 1.34213 0.968051 1.12871 0.766556 1.40065
0.860774 1.02236 0.750389 1.11175 1.12725 0.762117 1.12244 0.721723 1.02696 0.863338
1.47697 0.450169 1.31398 1.14371 1.43321 1.24565 1.00222 1.02009 0.719882 1.50874
0.97625 0.468948 0.907109 1.44781 0.962834 1.53648 1.02978 0.68913 1.13286 1.20372
0.644015 1.2077 0.613953 0.96357 1.07226 0.862625 1.32034 1.29312 0.806935 0.873545
1.03083 1.24827 0.502455 0.954212 0.647557 1.43168 0.856849 0.665496 0.902406 1.22765
1.34025 0.925586 1.60265 0.937424 0.496115 1.63443 0.780138 1.04046 1.23046 0.874071
0.631369 1.28827 0.653141 0.752066 0.965337 0.848869 1.17142 0.967404 1.17665 0.591112
1.64746 1.1031 1.2771 1.24588 1.30642 1.2616 0.758989 1.82059 0.831075 1.13283
1.61611 0.951934 1.08557 1.31341 1.07229 0.607828 1.08821 1.28225 1.14301 1.04781
1.06229 1.10124 1.31568 1.30149 1.06213 0.978482 0.748652 0.578836 0.962561 1.23357
1.81535 1.03814 0.562459 0.539998 1.59865 1.04943 1.19035 0.919277 1.03126 0.967846
0.984889 1.2123 0.560475 1.61778 1.17544 1.55249 0.667281 1.11086 0.745896 0.934842
1.28701 0.8984 0.788192 1.0059 0.798454 0.6627 1.02298 0.77258 0.998161 0.482695
1.1813 0.929201 0.981361 0.755277 1.24486 1.37318 0.975167 0.91049 0.763959 0.770929
1.14575 1.00826 0.358436 0.79161 0.634866 1.02686 0.824471 0.773383 1.49341 1.54396
0.896256 1.32288 0.990374 0.90771 1.33073 1.26625 0.902301 0.956494 1.383 1.36583
0.914966 0.612748 0.946831 0.428679 0.535557 1.09762 1.18596 1.45396 0.588418 0.779746
1.07521 0.573516 0.715127 0.87295 0.503908 0.647588 0.824715 0.841335 0.803399 1.25636
1.08828 1.08646 0.875655 1.10377 1.33472 0.78233 0.995729 0.59761 1.35809 0.57323
0.853345 0.603472 0.724976 1.31745 1.34228 1.06538 0.997491 1.345 1.44085 1.21642
1.14825 1.27147 0.901645 1.3326 1.32806 1.48092 0.971231 1.22055 0.822888 0.579252
1.21926 0.938692 0.613541 0.778559 1.05408 1.0351 1.51369 0.753322 0.790497 1.1709
0.950596 1.52638 1.21783 1.10916 0.809776 0.662437 1.15952 0.836406 0.840121 1.48343
1.04647 0.740062 0.723947 1.04235 1.49256 1.34889 0.653239 0.922247 1.1475 1.17993
0.750569 0.949795 0.984837 1.4828 1.08683 0.798329 0.657265 0.6768 0.828612 1.22452
0.815556 1.57617 1.40574 0.815594 1.03465 0.871943 0.42505 1.02791 0.75228 1.27908
1.05682 0.825311 1.24081 0.603233 0.783147 0.979381 1.10305 0.76281 0.518418 1.22501
0.870307 0.976789 0.681238 1.01718 0.905488 1.39063 1.47341 1.16779 0.925953 1.28433
1.17981 1.40998 0.940118 1.35146 0.863746 1.27311 0.957964 0.740467 1.34393 1.22847
1.25668 0.86249 0.940777 0.927458 0.752644 0.812611 1.18965 1.27635 1.09278 1.10156
0.99849 0.775429 0.611091 0.497405 1.43082 0.977291 0.855695 1.07488 1.15532 0.580911
0.851257 1.20794 0.804246 0.293193 0.892728 0.911137 1.09084 1.56495 0.608701 1.38804
0.954269 1.00456 0.853921 0.870015 0.588582 0.896753 1.0803 1.03002 0.736908 0.82095
0.594463 1.20167 0.858048 0.85665 1.37467 1.16152 1.05496 1.17799 1.328 2.11343
0.81099 1.08432 1.09508 1.54927 1.34905 0.88613 0.943731 1.57525 0.55022 1.32423
1.50188 0.397219 0.592509 1.32396 1.09016 1.15944 1.30099 0.63831 1.15114 1.03209
0.895571 0.801689 1.25401 1.29073 0.684159 0.493453 0.936094 0.472542 0.601459 1.16367
1.12681 0.737907 0.587411 1.0928 1.44627 1.06356 1.50885 1.19297 1.21421 0.776492
0.642816 1.14227 0.527583 0.951565 0.793895 1.01357 1.10056 1.21181 0.627817 1.32365
1.43113 0.755329 1.07421 1.20264 0.596669 1.06289 0.695705 1.3296 0.808649 1.1397
1.06287 1.01807 1.47413 1.05253 0.810718 0.890058 0.771745 1.31195 1.01648 1.5903
1.04507 1.40187 0.909785 0.762066 0.939793 1.22572 1.16494 0.719992 0.896758 1.08898
0.890181 0.667764 0.729028 0.726268 1.03805 1.36907 1.54024 1.20524 0.816009 1.28871
0.627736 1.41756 1.17081 0.670997 1.21263 0.974927 0.796513 1.12276 1.23782 1.07492
0.935231 0.957247 1.86862 1.46823 0.858889 0.950425 0.539158 0.819169 1.63011 1.17925
0.685485 0.919178 0.869394 1.2847 0.738224 1.37275 1.09892 1.01836 1.27661 1.64182
0.93343 0.576485 0.656258 0.644789 0.851328 0.960131 1.1664 0.8968 1.0586 0.552806
1.00193 1.5071 1.25469 0.878639 1.06846 0.764003 0.992771 0.471838 1.04706 1.21744
1.15945 0.431564 1.20094 1.20723 1.27933 1.08709 1.16045 0.931139 0.952273 0.884859
1.29693 1.17195 1.64022 0.449187 1.13284 0.891569 1.46823 1.27187 1.3376 1.43888
0.609517 
>noiseOffset:
>observedSynthesisNoise:
>std_NoiseOffset:
>mutation_prior_mean:
***
0 0 0 0 0 0 0 0 0 0
0 0 0 0 0 0 0 0 0 0
0 0 0 0 0 0 0 0 0 0
0 0 0 0 0 0 0 0 0 0
>mutation_prior_sd:
***
0.35 0.35 0.35 0.35 0.35 0.35 0.35 0.35 0.35 0.35
0.35 0.35 0.35 0.35 0.35 0.35 0.35 0.35 0.35 0.35
0.35 0.35 0.35 0.35 0.35 0.35 0.35 0.35 0.35 0.35
0.35 0.35 0.35 0.35 0.35 0.35 0.35 0.35 0.35 0.35
>std_csp:
0.00281475 0.00281475 0.00281475 0.1 0.08 0.04096 0.0512 0.0512 0.0512 0.0512
0.1 0.00439805 0.00439805 0.04096 0.00549756 0.00549756 0.00549756 0.00549756 0.00549756 0.0512
0.032768 0.032768 0.032768 0.08 0.0512 0.0512 0.0512 0.0512 0.0512 0.00351844
0.00351844 0.00351844 0.00351844 0.00351844 0.00351844 0.00115292 0.00115292 0.00115292 0.0512 0.1
>currentMutationParameter:
***
0.495902 -0.846883 0.163775 -1.15912 -0.391736 1.06302 -0.99324 -1.23402 -0.695302 -0.0891976
-0.390382 1.38999 -0.991436 0.965166 0.955564 -0.705875 -0.323139 0.138683 1.94848 -0.837809
-1.29218 -0.491095 -1.35183 0.330061 0.450514 1.01793 0.28148 -0.289124 0.377009 0.0673909
-0.730231 -0.750959 -0.0194878 -0.927866 -0.108573 0.931227 -0.678877 -0.519936 -1.18796 -0.997158
>currentSelectionParameter:
***
-0.510495 1.38021 0.670754 1.24748 0.959111 -1.51882 1.05808 0.290832 1.04094 0.683268
0.765648 -0.398677 1.48323 -1.39575 -0.187664 1.0437 0.744469 -0.109089 -1.21393 1.18484
0.374806 1.03866 1.22291 -0.922285 -0.975336 -0.390953 -0.530123 0.904954 0.111949 -0.246542
1.07172 1.10115 -0.0820925 1.37533 0.846014 -0.179544 1.17949 0.826495 1.34161 1.26898
>covarianceMatrix:
A
0.000978015	0.000602379	0.000349456	-0.000773121	-0.000502522	-0.000223472	
0.000602379	0.00219989	0.000527011	-0.000533355	-0.00201971	-0.000398035	
0.000349456	0.000527011	0.00126266	-0.000305896	-0.000348155	-0.000898102	
-0.000773121	-0.000533355	-0.000305896	0.000768364	0.000509446	0.000249154	
-0.000502522	-0.00201971	-0.000348155	0.000509446	0.00221395	0.000369952	
-0.000223472	-0.000398035	-0.000898102	0.000249154	0.000369952	0.000846673	
***
>covarianceMatrix:
C
0.00470957	-0.00384224	
-0.00384224	0.00442389	
***
>covarianceMatrix:
D
0.00316998	-0.00270319	
-0.00270319	0.00279626	
***
>covarianceMatrix:
E
0.00311265	-0.00259386	
-0.00259386	0.00265554	
***
>covarianceMatrix:
F
0.00313657	-0.00281686	
-0.00281686	0.00285402	
***
>covarianceMatrix:
G
0.000874559	0.000547848	0.000224287	-0.000707631	-0.000434692	-5.22012e-05	
0.000547848	0.00100791	0.000274322	-0.000513651	-0.000796358	-0.000167267	
0.000224287	0.000274322	0.000656583	-0.000153552	-0.000139095	-0.000388773	
-0.000707631	-0.000513651	-0.000153552	0.000764521	0.000459311	4.41613e-05	
-0.000434692	-0.000796358	-0.000139095	0.000459311	0.0009045	0.000128383	
-5.22012e-05	-0.000167267	-0.000388773	4.41613e-05	0.000128383	0.000457261	
***
>covarianceMatrix:
H
0.0060466	-0.00529017	
-0.00529017	0.00571175	
***
>covarianceMatrix:
I
0.000553409	-0.000114998	-0.000392017	0.00016578	
-0.000114998	0.000882	0.00012734	-0.000754963	
-0.000392017	0.00012734	0.000343437	-0.000156131	
0.00016578	-0.000754963	-0.000156131	0.000821728	
***
>covarianceMatrix:
K
0.00291796	-0.00256112	
-0.00256112	0.00256258	
***
>covarianceMatrix:
L
0.000351061	0.000186813	5.81546e-05	8.13006e-06	0.00015551	-0.000268964	-0.00016808	-5.37882e-05	7.92885e-06	-0.000111909	
0.000186813	0.000309141	0.000161539	4.94764e-05	7.99411e-05	-0.000141287	-0.000261063	-0.00015389	-4.13277e-05	-6.86146e-05	
5.81546e-05	0.000161539	0.000235284	2.81395e-05	4.16654e-05	-3.66509e-05	-0.000149022	-0.000193647	-2.65347e-05	-3.9486e-05	
8.13006e-06	4.94764e-05	2.81395e-05	0.00022978	6.25875e-05	9.40975e-06	-4.71137e-07	-1.77484e-05	-0.000184776	-5.81305e-05	
0.00015551	7.99411e-05	4.16654e-05	6.25875e-05	0.000233246	-0.000127257	-7.58752e-05	-4.38732e-05	-4.0334e-05	-0.000122388	
-0.000268964	-0.000141287	-3.66509e-05	9.40975e-06	-0.000127257	0.000256581	0.000142746	4.13292e-05	-6.78983e-06	0.000107304	
-0.00016808	-0.000261063	-0.000149022	-4.71137e-07	-7.58752e-05	0.000142746	0.00027234	0.000163019	9.10504e-06	5.60376e-05	
-5.37882e-05	-0.00015389	-0.000193647	-1.77484e-05	-4.38732e-05	4.13292e-05	0.000163019	0.000201597	2.41918e-05	3.69629e-05	
7.92885e-06	-4.13277e-05	-2.65347e-05	-0.000184776	-4.0334e-05	-6.78983e-06	9.10504e-06	2.41918e-05	0.000176058	5.70343e-05	
-0.000111909	-6.86146e-05	-3.9486e-05	-5.81305e-05	-0.000122388	0.000107304	5.60376e-05	3.69629e-05	5.70343e-05	0.000108258	
***
>covarianceMatrix:
N
0.00304762	-0.00277934	
-0.00277934	0.00295321	
***
>covarianceMatrix:
P
0.00146266	0.000640836	0.000940562	-0.00121882	-0.000316104	-0.000706358	
0.000640836	0.00123694	0.000637961	-0.000493985	-0.000892351	-0.000496314	
0.000940562	0.000637961	0.00195955	-0.00079659	-0.000462388	-0.00178431	
-0.00121882	-0.000493985	-0.00079659	0.00112466	0.000293103	0.000685835	
-0.000316104	-0.000892351	-0.000462388	0.000293103	0.000897294	0.000503871	
-0.000706358	-0.000496314	-0.00178431	0.000685835	0.000503871	0.00187251	
***
>covarianceMatrix:
Q
0.00346657	-0.00319023	
-0.00319023	0.00327458	
***
>covarianceMatrix:
R
0.00045495	0.000164677	0.000177413	-0.000240317	8.81646e-05	-0.000325989	-0.000164986	-0.000146042	0.000206815	-0.000143331	
0.000164677	0.000466561	0.000203678	-0.000123278	0.000209394	-0.000120676	-0.000347019	-0.000161449	0.000145356	-0.000204096	
0.000177413	0.000203678	0.000274223	-0.000276447	0.000186922	-0.00014096	-0.000191334	-0.000199761	0.000264949	-0.000214446	
-0.000240317	-0.000123278	-0.000276447	0.000900337	-0.000234182	0.000188107	0.000203218	0.000245787	-0.000685797	0.000354853	
8.81646e-05	0.000209394	0.000186922	-0.000234182	0.000509219	-5.2441e-05	-0.000198352	-0.000143262	0.000253595	-0.000399411	
-0.000325989	-0.000120676	-0.00014096	0.000188107	-5.2441e-05	0.00031131	0.000154583	0.000151392	-0.000146376	0.000130972	
-0.000164986	-0.000347019	-0.000191334	0.000203218	-0.000198352	0.000154583	0.000395664	0.000207001	-0.000200575	0.000243332	
-0.000146042	-0.000161449	-0.000199761	0.000245787	-0.000143262	0.000151392	0.000207001	0.000253051	-0.000221441	0.000217948	
0.000206815	0.000145356	0.000264949	-0.000685797	0.000253595	-0.000146376	-0.000200575	-0.000221441	0.000669559	-0.000323283	
-0.000143331	-0.000204096	-0.000214446	0.000354853	-0.000399411	0.000130972	0.000243332	0.000217948	-0.000323283	0.000463495	
***
>covarianceMatrix:
S
0.000526223	6.098e-05	0.000245217	-0.000423045	-2.99562e-05	-0.000249674	
6.098e-05	0.000445543	1.852e-05	-2.04593e-05	-0.00033499	5.96545e-05	
0.000245217	1.852e-05	0.000604646	-0.000191609	2.59335e-05	-0.000558343	
-0.000423045	-2.04593e-05	-0.000191609	0.000399205	3.37796e-05	0.000234592	
-2.99562e-05	-0.00033499	2.59335e-05	3.37796e-05	0.000337484	-4.26282e-05	
-0.000249674	5.96545e-05	-0.000558343	0.000234592	-4.26282e-05	0.000634538	
***
>covarianceMatrix:
T
0.000376659	0.000127131	9.9128e-05	-0.00027355	-8.84949e-05	-7.64293e-05	
0.000127131	0.000605455	0.000403993	-8.1558e-05	-0.000500252	-0.000341297	
9.9128e-05	0.000403993	0.000714741	-5.23623e-05	-0.000357351	-0.000577624	
-0.00027355	-8.1558e-05	-5.23623e-05	0.000247837	6.73528e-05	4.88788e-05	
-8.84949e-05	-0.000500252	-0.000357351	6.73528e-05	0.000546099	0.000358904	
-7.64293e-05	-0.000341297	-0.000577624	4.88788e-05	0.000358904	0.000581366	
***
>covarianceMatrix:
V
0.000274805	2.59602e-05	6.98134e-05	-0.000189887	-1.98185e-05	-7.10143e-05	
2.59602e-05	0.000631903	0.000133492	-5.16656e-05	-0.000543313	-0.000116561	
6.98134e-05	0.000133492	0.000471587	-6.62043e-05	-7.97742e-05	-0.000399752	
-0.000189887	-5.16656e-05	-6.62043e-05	0.000181607	6.03909e-05	8.41784e-05	
-1.98185e-05	-0.000543313	-7.97742e-05	6.03909e-05	0.000559366	0.000106846	
-7.10143e-05	-0.000116561	-0.000399752	8.41784e-05	0.000106846	0.000406031	
***
>covarianceMatrix:
Y
0.00445122	-0.00392752	
-0.00392752	0.00384973	
***
>covarianceMatrix:
Z
0.00876011	-0.00806283	
-0.00806283	0.00846594	
***
