>groupList:
A C D E F G H I K L
N P Q R S T V Y Z 
>stdDevSynthesisRate:
0.291516 
>numParam:
40
>numMixtures:
1
>std_stdDevSynthesisRate:
0.1
>std_phi:
***
0.627485 0.84836 0.815731 0.815731 0.627485 0.815731 0.815731 0.482681 0.501988 0.815731
0.627485 0.815731 0.501988 0.627485 0.627485 0.308916 0.627485 0.652585 0.627485 0.815731
0.627485 0.28561 0.652585 0.84836 0.482681 0.297034 0.627485 0.815731 0.815731 0.627485
0.371293 0.482681 0.627485 0.482681 0.28561 0.371293 0.84836 0.815731 0.501988 0.371293
0.815731 0.84836 0.28561 0.482681 0.482681 0.815731 0.482681 0.228488 0.627485 0.371293
0.297034 0.627485 0.815731 0.371293 0.482681 0.652585 0.482681 0.482681 1.06045 0.297034
0.297034 0.627485 0.627485 0.371293 0.482681 0.371293 0.627485 0.627485 0.501988 0.371293
0.386145 0.371293 0.482681 0.522068 0.371293 0.386145 0.371293 0.627485 0.482681 0.627485
0.627485 0.627485 0.627485 0.815731 0.371293 0.371293 0.627485 0.627485 0.627485 0.371293
0.2197 0.371293 0.297034 0.371293 0.815731 0.17576 0.501988 0.482681 0.815731 0.501988
0.371293 0.815731 0.482681 0.652585 0.371293 0.371293 0.482681 0.371293 0.386145 0.482681
0.371293 0.501988 0.627485 0.501988 0.482681 0.815731 0.28561 0.482681 0.815731 0.371293
0.28561 0.627485 0.28561 0.652585 0.371293 0.627485 0.627485 0.627485 0.482681 0.482681
0.627485 0.815731 0.815731 0.522068 0.297034 0.482681 0.28561 0.482681 0.371293 0.482681
0.386145 0.627485 0.482681 0.28561 0.371293 0.84836 0.308916 0.815731 0.371293 0.371293
0.386145 0.371293 0.371293 0.501988 0.28561 0.482681 0.28561 0.815731 0.627485 0.386145
0.501988 0.815731 0.815731 0.627485 0.627485 0.627485 0.371293 0.169 0.371293 0.482681
0.371293 0.371293 0.501988 0.501988 0.371293 0.401591 0.17576 0.371293 0.627485 0.627485
0.482681 0.815731 0.627485 0.482681 0.482681 0.627485 0.84836 0.371293 0.371293 0.308916
0.371293 0.482681 0.482681 0.371293 0.627485 0.371293 0.371293 0.815731 0.652585 0.482681
0.84836 0.371293 0.627485 0.371293 0.371293 0.627485 0.371293 0.627485 0.297034 0.627485
0.482681 1.06045 0.84836 0.482681 0.84836 0.627485 0.297034 0.815731 0.297034 0.882294
0.371293 0.482681 0.28561 0.501988 0.627485 0.371293 0.386145 0.482681 0.482681 0.482681
0.371293 0.28561 0.84836 0.371293 0.482681 0.501988 0.371293 0.482681 0.815731 0.371293
0.482681 0.627485 0.371293 0.501988 0.652585 0.815731 0.2197 0.627485 0.297034 0.169
0.627485 0.501988 0.28561 0.28561 1.06045 0.815731 0.28561 0.28561 0.371293 0.627485
0.386145 0.28561 0.28561 0.815731 0.386145 0.28561 0.501988 0.371293 1.06045 0.28561
0.28561 0.627485 0.371293 0.28561 0.371293 0.84836 0.501988 0.501988 0.297034 0.482681
0.28561 0.652585 0.482681 0.522068 0.297034 0.386145 0.386145 0.815731 0.371293 0.627485
0.501988 0.28561 0.627485 0.482681 0.1352 0.482681 0.28561 0.297034 0.371293 0.482681
0.482681 0.482681 0.627485 0.371293 0.482681 0.627485 0.627485 0.815731 0.815731 0.627485
0.84836 0.815731 0.371293 0.386145 0.371293 0.652585 0.482681 0.28561 0.297034 0.371293
0.627485 0.17576 0.371293 0.522068 0.815731 0.815731 0.371293 0.482681 0.386145 0.371293
0.815731 0.371293 0.28561 0.482681 0.522068 0.28561 0.815731 0.652585 0.627485 0.297034
0.482681 0.371293 0.228488 0.28561 0.371293 0.17576 0.627485 0.678688 0.501988 0.371293
0.371293 0.627485 0.28561 0.501988 0.28561 0.501988 0.371293 0.28561 0.297034 0.371293
0.815731 0.371293 0.28561 0.297034 0.28561 0.482681 0.401591 0.482681 0.482681 0.371293
0.28561 0.627485 0.815731 0.501988 0.371293 0.815731 0.297034 0.815731 0.84836 0.237628
0.627485 0.482681 0.627485 1.06045 0.371293 0.297034 0.371293 0.371293 0.84836 0.627485
0.371293 0.815731 0.815731 0.482681 0.815731 0.28561 0.371293 0.297034 0.371293 0.652585
0.815731 0.28561 0.297034 0.28561 0.371293 0.482681 0.371293 1.10287 0.482681 0.482681
0.482681 0.815731 0.28561 0.482681 0.371293 0.652585 0.371293 0.482681 0.371293 0.2197
0.297034 0.652585 0.28561 0.627485 1.06045 0.371293 0.371293 0.371293 0.627485 0.371293
0.482681 0.28561 0.371293 0.28561 0.386145 0.652585 0.371293 0.371293 0.482681 0.28561
0.371293 0.169 0.627485 0.501988 0.482681 0.28561 0.627485 0.28561 0.371293 0.386145
0.627485 0.815731 0.652585 0.297034 0.371293 0.371293 0.371293 0.371293 0.627485 0.371293
0.28561 0.401591 0.371293 0.627485 0.482681 0.482681 0.815731 0.28561 0.84836 0.627485
0.371293 0.815731 0.371293 0.371293 0.652585 0.501988 0.371293 0.28561 0.482681 0.228488
0.371293 0.28561 0.371293 0.482681 0.815731 0.28561 0.371293 0.815731 0.371293 0.28561
0.482681 0.815731 0.297034 0.482681 0.627485 0.371293 0.652585 0.371293 0.371293 0.815731
1.06045 0.371293 0.371293 0.28561 0.627485 0.297034 0.815731 0.482681 0.627485 0.627485
0.627485 0.482681 0.815731 0.482681 0.297034 0.627485 0.371293 0.501988 0.28561 0.501988
0.386145 0.371293 0.28561 0.627485 0.28561 0.28561 0.2197 0.28561 0.28561 0.371293
0.482681 0.371293 0.297034 0.482681 0.627485 0.627485 0.652585 0.28561 0.386145 0.627485
0.482681 0.297034 0.482681 0.482681 0.482681 0.371293 0.371293 0.627485 0.371293 0.371293
0.482681 0.371293 0.482681 0.627485 0.28561 0.28561 0.501988 0.371293 0.308916 0.482681
0.28561 0.28561 0.482681 0.28561 0.482681 0.371293 0.28561 1.06045 0.482681 0.482681
0.2197 0.482681 0.501988 0.482681 0.482681 0.815731 0.522068 0.371293 1.10287 0.386145
0.371293 0.308916 0.28561 0.28561 0.627485 0.815731 0.228488 0.482681 0.482681 0.297034
0.371293 0.371293 0.482681 0.371293 0.815731 0.501988 0.371293 0.815731 0.28561 0.371293
0.386145 0.815731 0.815731 0.386145 0.482681 0.501988 0.482681 1.06045 0.28561 0.297034
0.482681 0.297034 0.652585 0.297034 0.627485 0.386145 0.371293 0.2197 0.2197 0.482681
0.482681 0.28561 0.627485 0.371293 0.28561 0.228488 0.815731 0.371293 0.28561 0.297034
0.627485 0.371293 0.482681 0.371293 0.627485 0.28561 0.28561 0.17576 0.169 0.627485
0.28561 0.228488 0.2197 0.482681 0.627485 0.308916 0.815731 0.627485 0.28561 0.652585
0.371293 0.371293 0.28561 0.627485 0.371293 0.28561 0.627485 0.386145 0.815731 0.386145
0.815731 0.815731 0.371293 0.28561 0.297034 0.28561 0.482681 0.627485 0.482681 0.627485
0.28561 0.482681 0.482681 0.627485 0.482681 0.627485 0.371293 0.627485 0.371293 0.2197
0.627485 0.501988 0.371293 0.371293 0.371293 0.482681 0.482681 0.371293 0.627485 0.297034
0.815731 0.627485 0.371293 0.228488 0.482681 0.371293 0.371293 0.84836 0.371293 0.501988
0.627485 0.28561 0.297034 0.371293 0.297034 0.28561 0.17576 0.815731 0.815731 0.482681
0.482681 0.482681 0.482681 0.28561 0.482681 0.815731 0.371293 0.482681 0.297034 0.371293
0.28561 0.815731 0.482681 0.28561 0.386145 0.28561 0.371293 0.482681 0.28561 0.482681
0.228488 0.371293 0.678688 0.371293 0.308916 0.28561 0.627485 0.28561 0.482681 0.28561
0.386145 0.482681 0.386145 0.17576 0.297034 0.815731 0.371293 0.815731 0.371293 0.815731
0.297034 0.482681 0.28561 0.297034 0.28561 0.28561 0.371293 0.371293 0.371293 0.2197
0.371293 0.627485 0.652585 0.297034 0.501988 0.28561 0.28561 0.815731 0.17576 0.482681
0.482681 0.371293 0.501988 0.28561 0.28561 0.17576 0.371293 0.297034 0.627485 1.06045
0.28561 0.297034 0.652585 0.627485 1.06045 0.28561 0.482681 0.815731 0.371293 0.386145
0.28561 0.627485 0.297034 0.482681 0.652585 0.28561 0.482681 0.371293 0.627485 0.228488
0.815731 0.297034 0.627485 0.627485 0.627485 0.371293 0.1352 0.371293 0.28561 0.652585
0.308916 0.482681 0.28561 0.28561 0.28561 0.28561 0.482681 0.28561 0.627485 0.627485
0.17576 0.371293 0.652585 0.28561 0.371293 0.371293 0.371293 0.237628 0.371293 0.482681
0.28561 0.371293 0.371293 0.28561 0.297034 0.501988 0.627485 0.815731 0.28561 0.482681
0.228488 0.627485 0.627485 0.84836 0.28561 0.28561 0.28561 0.482681 0.28561 0.28561
0.297034 0.501988 0.501988 0.28561 0.371293 0.28561 0.627485 0.28561 0.627485 0.482681
0.28561 0.482681 0.815731 0.228488 0.482681 0.482681 0.371293 0.627485 0.371293 0.815731
0.371293 0.386145 0.482681 0.482681 0.28561 0.371293 0.371293 0.2197 0.482681 0.371293
0.371293 0.371293 0.815731 0.627485 0.482681 0.401591 0.482681 0.371293 0.2197 0.28561
0.28561 0.28561 0.386145 0.371293 0.28561 0.297034 0.297034 0.386145 0.28561 0.627485
0.482681 0.652585 0.371293 0.815731 0.482681 0.627485 0.28561 0.627485 0.627485 0.84836
0.297034 0.371293 1.06045 0.28561 0.652585 0.482681 0.627485 0.401591 0.815731 0.28561
0.482681 0.482681 0.371293 0.371293 0.228488 0.386145 0.228488 0.501988 0.28561 0.627485
0.371293 0.815731 0.371293 0.482681 0.371293 0.28561 0.28561 0.13 0.28561 0.28561
0.371293 0.386145 0.482681 0.482681 0.28561 0.308916 0.815731 0.386145 0.482681 0.652585
0.28561 0.482681 0.627485 0.482681 0.815731 0.482681 0.482681 0.815731 0.386145 0.297034
0.501988 0.064 0.28561 0.482681 0.815731 0.652585 0.482681 0.522068 0.297034 0.386145
0.371293 0.482681 0.627485 0.627485 0.371293 0.482681 0.815731 0.371293 0.371293 0.627485
0.482681 0.386145 0.401591 0.228488 0.371293 0.652585 0.371293 0.627485 0.417654 0.371293
0.522068 0.28561 0.386145 0.627485 0.17576 0.815731 0.678688 0.371293 0.501988 0.17576
0.482681 0.386145 0.28561 0.482681 0.297034 0.2197 0.371293 0.482681 0.627485 0.28561
0.371293 0.84836 0.228488 0.627485 0.371293 0.28561 0.2197 0.28561 0.627485 0.386145
0.308916 0.386145 0.482681 0.371293 0.482681 0.237628 0.28561 0.627485 0.28561 0.386145
0.297034 0.815731 0.386145 0.371293 0.28561 0.501988 0.482681 0.371293 0.386145 0.386145
0.371293 0.501988 0.482681 0.815731 0.228488 0.627485 0.401591 0.371293 0.28561 0.652585
0.627485 0.482681 0.482681 0.815731 0.371293 0.371293 0.627485 0.371293 0.627485 0.371293
0.371293 0.371293 0.482681 0.482681 0.627485 0.627485 0.371293 0.627485 0.482681 0.371293
0.482681 0.308916 0.297034 0.815731 0.371293 0.371293 0.371293 0.815731 0.297034 0.501988
0.371293 0.308916 0.228488 0.2197 0.169 0.482681 0.17576 0.297034 0.501988 0.627485
0.28561 0.627485 0.482681 0.17576 0.371293 0.28561 0.28561 0.815731 0.386145 0.371293
0.371293 0.228488 0.28561 0.371293 0.482681 0.652585 0.28561 0.482681 0.627485 0.28561
0.627485 0.501988 0.482681 0.482681 0.308916 0.386145 0.28561 0.501988 0.297034 0.627485
0.627485 0.627485 0.815731 0.371293 0.482681 0.371293 0.28561 0.627485 0.627485 0.297034
0.28561 0.627485 0.371293 0.371293 0.652585 0.371293 0.652585 0.28561 0.815731 0.308916
0.169 0.627485 0.297034 0.371293 0.371293 0.627485 0.627485 0.28561 0.308916 0.2197
0.482681 0.2197 0.482681 0.678688 0.627485 0.28561 0.371293 0.28561 0.482681 0.482681
0.371293 0.501988 0.371293 0.627485 0.627485 1.06045 0.28561 0.482681 0.815731 0.28561
0.386145 0.297034 0.482681 0.84836 0.2197 0.482681 0.815731 0.371293 0.28561 0.28561
0.652585 0.297034 0.13 0.482681 0.84836 0.386145 0.386145 1.06045 0.228488 0.28561
0.627485 0.815731 0.627485 0.237628 0.815731 0.371293 0.28561 0.28561 0.482681 0.371293
0.482681 0.627485 0.652585 0.522068 0.501988 0.386145 0.28561 0.371293 0.28561 0.627485
0.371293 0.28561 0.652585 0.482681 0.522068 0.386145 0.482681 0.627485 0.627485 0.371293
0.482681 0.482681 0.228488 0.482681 0.501988 0.371293 0.28561 0.386145 0.228488 0.386145
0.28561 0.228488 0.28561 0.84836 0.28561 0.371293 0.501988 0.28561 0.371293 0.501988
0.627485 
>categories:
0 0
>mixtureAssignment:
0 0 0 0 0 0 0 0 0 0 0 0 0 0 0 0 0 0 0 0 0 0 0 0 0 0 0 0 0 0 0 0 0 0 0 0 0 0 0 0 0 0 0 0 0 0 0 0 0 0
0 0 0 0 0 0 0 0 0 0 0 0 0 0 0 0 0 0 0 0 0 0 0 0 0 0 0 0 0 0 0 0 0 0 0 0 0 0 0 0 0 0 0 0 0 0 0 0 0 0
0 0 0 0 0 0 0 0 0 0 0 0 0 0 0 0 0 0 0 0 0 0 0 0 0 0 0 0 0 0 0 0 0 0 0 0 0 0 0 0 0 0 0 0 0 0 0 0 0 0
0 0 0 0 0 0 0 0 0 0 0 0 0 0 0 0 0 0 0 0 0 0 0 0 0 0 0 0 0 0 0 0 0 0 0 0 0 0 0 0 0 0 0 0 0 0 0 0 0 0
0 0 0 0 0 0 0 0 0 0 0 0 0 0 0 0 0 0 0 0 0 0 0 0 0 0 0 0 0 0 0 0 0 0 0 0 0 0 0 0 0 0 0 0 0 0 0 0 0 0
0 0 0 0 0 0 0 0 0 0 0 0 0 0 0 0 0 0 0 0 0 0 0 0 0 0 0 0 0 0 0 0 0 0 0 0 0 0 0 0 0 0 0 0 0 0 0 0 0 0
0 0 0 0 0 0 0 0 0 0 0 0 0 0 0 0 0 0 0 0 0 0 0 0 0 0 0 0 0 0 0 0 0 0 0 0 0 0 0 0 0 0 0 0 0 0 0 0 0 0
0 0 0 0 0 0 0 0 0 0 0 0 0 0 0 0 0 0 0 0 0 0 0 0 0 0 0 0 0 0 0 0 0 0 0 0 0 0 0 0 0 0 0 0 0 0 0 0 0 0
0 0 0 0 0 0 0 0 0 0 0 0 0 0 0 0 0 0 0 0 0 0 0 0 0 0 0 0 0 0 0 0 0 0 0 0 0 0 0 0 0 0 0 0 0 0 0 0 0 0
0 0 0 0 0 0 0 0 0 0 0 0 0 0 0 0 0 0 0 0 0 0 0 0 0 0 0 0 0 0 0 0 0 0 0 0 0 0 0 0 0 0 0 0 0 0 0 0 0 0
0 0 0 0 0 0 0 0 0 0 0 0 0 0 0 0 0 0 0 0 0 0 0 0 0 0 0 0 0 0 0 0 0 0 0 0 0 0 0 0 0 0 0 0 0 0 0 0 0 0
0 0 0 0 0 0 0 0 0 0 0 0 0 0 0 0 0 0 0 0 0 0 0 0 0 0 0 0 0 0 0 0 0 0 0 0 0 0 0 0 0 0 0 0 0 0 0 0 0 0
0 0 0 0 0 0 0 0 0 0 0 0 0 0 0 0 0 0 0 0 0 0 0 0 0 0 0 0 0 0 0 0 0 0 0 0 0 0 0 0 0 0 0 0 0 0 0 0 0 0
0 0 0 0 0 0 0 0 0 0 0 0 0 0 0 0 0 0 0 0 0 0 0 0 0 0 0 0 0 0 0 0 0 0 0 0 0 0 0 0 0 0 0 0 0 0 0 0 0 0
0 0 0 0 0 0 0 0 0 0 0 0 0 0 0 0 0 0 0 0 0 0 0 0 0 0 0 0 0 0 0 0 0 0 0 0 0 0 0 0 0 0 0 0 0 0 0 0 0 0
0 0 0 0 0 0 0 0 0 0 0 0 0 0 0 0 0 0 0 0 0 0 0 0 0 0 0 0 0 0 0 0 0 0 0 0 0 0 0 0 0 0 0 0 0 0 0 0 0 0
0 0 0 0 0 0 0 0 0 0 0 0 0 0 0 0 0 0 0 0 0 0 0 0 0 0 0 0 0 0 0 0 0 0 0 0 0 0 0 0 0 0 0 0 0 0 0 0 0 0
0 0 0 0 0 0 0 0 0 0 0 0 0 0 0 0 0 0 0 0 0 0 0 0 0 0 0 0 0 0 0 0 0 0 0 0 0 0 0 0 0 0 0 0 0 0 0 0 0 0
0 0 0 0 0 0 0 0 0 0 0 0 0 0 0 0 0 0 0 0 0 0 0 0 0 0 0 0 0 0 0 0 0 0 0 0 0 0 0 0 0 0 0 0 0 0 0 0 0 0
0 0 0 0 0 0 0 0 0 0 0 0 0 0 0 0 0 0 0 0 0 0 0 0 0 0 0 0 0 0 0 0 0 0 0 0 0 0 0 0 0 0 0 0 0 0 0 0 0 0
0 0 0 0 0 0 0 0 0 0 0 0 0 0 0 0 0 0 0 0 0 0 0 0 0 0 0 0 0 0 0 0 0 0 0 0 0 0 0 0 0 0 0 0 0 0 0 0 0 0
0 0 0 0 0 0 0 0 0 0 0 0 0 0 0 0 0 0 0 0 0 0 0 0 0 0 0 0 0 0 0 0 0 0 0 0 0 0 0 0 0 0 0 0 0 0 0 0 0 0
0 0 0 0 0 0 0 0 0 0 0 0 0 0 0 0 0 0 0 0 0 0 0 0 0 0 0 0 0 0 0 0 0 0 0 0 0 0 0 0 0 0 0 0 0 0 0 0 0 0
0 0 0 0 0 0 0 0 0 0 0 0 0 0 0 0 0 0 0 0 0 0 0 0 0 0 0 0 0 0 0 0 0 0 0 0 0 0 0 0 0 0 0 0 0 0 0 0 0 0
0 0 0 0 0 0 0 0 0 0 0 0 0 0 0 0 0 0 0 0 0 0 0 0 0 0 0 0 0 0 0 0 0 0 0 0 0 0 0 0 0 
>numMutationCategories:
1
>numSelectionCategories:
1
>categoryProbabilities:
1 
>selectionIsInMixture:
***
0 
>mutationIsInMixture:
***
0 
>obsPhiSets:
0
>currentSynthesisRateLevel:
***
1.14908 0.860913 0.733461 0.762176 1.03156 0.957447 0.783711 1.48794 1.31143 0.916909
0.803461 1.11707 1.27621 1.01384 1.61349 1.2488 0.745513 0.901682 1.28696 0.77184
1.20227 0.946651 0.517764 0.917627 1.0866 1.09385 1.41272 1.276 1.20627 0.590969
0.860672 1.30891 0.51787 1.05244 1.32569 1.07291 0.351252 0.636091 1.2659 0.986693
0.792046 0.741481 1.12779 0.695602 0.959415 0.737007 1.03135 1.07672 0.854002 0.631684
1.23294 1.49764 0.656255 1.05034 0.849289 0.834013 0.768881 0.928493 0.75764 1.05055
1.22502 0.923362 0.915648 1.12835 0.998681 1.12716 1.01659 0.512009 0.677431 0.978084
0.842511 1.22383 1.30945 1.02766 1.22875 1.44553 1.04519 1.03923 1.13458 0.929685
1.53862 1.15351 0.522109 0.937691 0.91547 1.17679 0.962595 1.26662 0.88246 0.97069
1.42776 0.972313 1.30182 0.859575 1.04009 1.1498 1.03083 0.856594 0.613612 0.802989
0.866413 0.831483 0.786079 0.91551 1.12605 0.921387 1.21287 0.993762 0.843025 1.23124
1.04112 0.728143 0.815793 0.6128 0.856267 1.23108 1.0971 0.857368 0.71063 1.00862
1.0147 0.771985 1.0681 0.733926 0.742916 0.602535 1.07639 1.27746 0.801103 0.83404
0.358809 0.810793 1.09346 0.493643 1.3934 0.640262 1.1208 0.896756 1.07094 0.649458
1.13314 0.775 1.46282 1.17036 1.08527 1.11631 1.38981 0.740716 1.08069 1.109
1.05772 1.34457 0.744704 1.00571 1.40253 1.43866 1.43628 0.756118 0.812679 0.885198
0.714932 0.623471 0.768716 0.726524 0.677039 1.41401 0.899117 1.45018 1.14776 0.744647
1.16253 1.20895 0.806089 0.923591 0.961278 0.735932 1.01368 0.490238 0.651776 1.27313
1.70425 1.57769 0.639806 1.22427 0.992192 0.631804 0.587107 0.988656 1.083 1.20385
1.01865 0.667645 0.631779 0.830042 0.702731 1.22423 1.30216 1.01661 0.917789 0.767919
0.744257 1.07538 0.78277 1.01909 1.06205 0.779628 1.00222 1.03425 1.04391 1.23512
0.79111 0.984499 1.24023 1.4377 0.678114 1.11411 1.24185 0.699716 1.12168 0.691772
0.960148 0.794881 1.13293 0.830051 0.638683 1.03912 1.06075 1.36896 1.03476 1.44091
1.09229 1.35128 0.66546 1.34508 0.606537 0.997316 1.20126 0.819226 0.784349 1.15764
0.457001 1.19358 1.22426 0.981657 0.925625 0.68794 0.808777 1.32219 1.14398 1.31923
1.05133 0.915017 1.17633 1.44983 0.850903 0.750493 0.957463 1.2448 1.0567 1.13901
0.748154 1.08812 1.02988 1.07568 1.11133 1.11482 0.742467 1.20294 0.708438 1.47287
1.58071 0.761826 0.933178 0.958778 1.28836 0.790437 0.915893 0.40665 1.13839 0.631433
1.34944 0.438418 0.910225 1.21876 1.26799 0.955473 0.886389 0.886654 1.22586 1.19506
1.09512 1.164 1.1664 0.884494 1.16185 0.820183 1.39453 1.11977 1.04009 0.921092
0.765627 0.959572 1.04647 0.917754 0.710306 2.10094 1.05081 1.08832 0.713746 0.768888
0.719137 0.624117 1.06706 0.944466 0.685713 0.754558 0.795729 1.65888 1.27161 0.860991
1.25609 1.16229 1.05779 0.649566 0.684057 0.556905 1.17748 0.649409 1.05836 1.08765
0.998709 1.11682 1.55883 0.878379 1.29025 1.4392 0.528511 1.19644 0.903525 0.850176
1.11562 1.13705 1.06627 1.32883 1.23826 1.25419 0.680252 0.762526 0.625184 1.45716
0.969848 0.904379 1.48839 0.943684 1.14884 0.539956 0.87778 1.06343 1.03376 1.28109
0.566114 1.39155 1.24639 0.891736 0.966404 1.25615 1.05942 0.920038 0.869139 1.13086
1.16855 0.280864 0.862729 1.01659 0.608987 0.56458 1.21078 0.585182 1.39335 1.3591
0.98645 0.784845 0.953169 0.873532 0.988153 1.04783 0.615425 1.08323 0.965678 0.834147
1.59856 0.562975 0.728447 0.925272 0.811903 1.27041 1.08265 0.922177 1.14309 1.13237
0.414923 0.97719 1.4353 1.04385 1.02917 0.589814 1.40409 0.559611 1.2679 0.782044
1.4068 0.567835 1.26059 0.818564 0.887458 0.650342 0.951563 0.780434 1.03439 1.18493
1.04887 1.35515 1.27558 0.646151 0.610953 0.91057 1.09411 1.02434 1.46805 1.25391
1.10991 0.799372 1.03057 1.3181 1.16545 0.64304 1.16448 1.44687 0.849353 1.33287
1.08957 1.44726 0.967137 0.970651 0.969837 1.53376 0.972332 0.884044 1.08712 0.976542
0.873998 0.57154 0.611945 1.47698 1.20347 0.942168 0.926412 0.952604 0.488458 0.817641
1.14753 1.32769 0.981737 0.871494 0.790062 1.21532 0.546311 1.17403 0.362148 1.05801
1.35459 0.695866 1.34007 1.29202 0.406596 0.525232 0.899547 1.1603 1.02875 1.30063
1.24921 1.24298 1.11022 0.946014 0.517506 1.0966 1.15318 0.955199 0.804864 1.1079
0.655653 0.349704 1.2763 0.934389 1.62282 1.14134 0.696173 1.15491 1.10205 0.869427
1.19285 0.855457 1.26332 1.25452 0.924833 1.4108 0.825389 0.913707 0.876198 0.469586
0.77675 1.03433 0.643816 1.63069 1.34281 1.00932 1.15247 0.547854 1.19015 0.647539
1.04073 0.907427 1.46898 0.936841 1.49272 1.32481 1.14015 1.21003 1.13815 1.11521
0.691001 1.12179 1.27953 0.913149 0.719279 0.489584 0.730444 1.25891 1.12002 0.717062
1.01016 1.20974 0.949249 1.08505 0.632189 1.09548 0.882023 0.489455 1.4028 0.825248
0.777674 0.978711 0.941915 1.18804 1.34062 1.53859 0.588502 1.2338 1.06579 1.21143
1.3751 1.2376 1.22841 1.68403 0.877078 0.930631 1.16168 0.660108 0.954835 0.541162
1.1117 0.921352 0.794154 0.983382 1.22449 0.68349 1.11598 1.4499 0.680476 1.06174
1.11092 1.46208 1.02789 1.21713 0.870878 0.723798 0.947774 0.675115 0.884186 0.758492
0.884784 0.897468 1.07959 1.3164 1.04437 0.590414 0.730401 0.989908 1.37007 1.34589
0.998176 0.456066 0.443473 0.787386 0.679121 1.12913 1.15326 0.888037 1.01572 1.26297
0.950786 1.20944 0.561074 1.12546 0.838673 1.02553 1.05574 1.45955 1.37639 1.02611
1.30388 1.22153 0.82259 1.16993 1.44398 1.22852 0.349875 0.957381 1.00044 1.27571
0.787396 0.895601 0.861121 0.983719 1.1296 0.953882 1.55233 1.32919 1.39101 0.701566
1.50673 1.53865 1.36839 0.779974 1.11431 1.00028 0.253562 0.649061 1.02321 1.05315
1.13383 1.11552 0.755339 0.43776 0.940579 1.25103 0.615997 1.04025 0.741478 0.905125
0.59111 0.814737 1.29205 1.27204 1.16974 1.39509 1.01376 0.835926 1.05413 1.04932
1.15067 0.638078 0.523909 0.623887 0.582687 0.440278 0.862286 1.04117 1.235 1.01393
1.27397 0.681172 1.0555 0.957513 0.887141 0.876811 0.625781 1.04815 0.863158 1.17125
0.878051 0.553661 1.20475 0.900458 0.739178 1.46126 1.05356 0.527101 0.795019 0.7125
0.893235 1.03027 1.06108 1.01568 1.57625 1.61684 1.07751 0.626403 0.777925 1.0828
0.901369 0.748524 0.887772 1.51214 0.961762 0.39187 1.06732 0.753689 1.02292 0.902494
1.0075 0.870708 1.11749 0.970867 1.46419 1.30031 0.982425 0.931917 0.779671 0.881114
1.23876 1.08947 0.802055 1.3325 1.18099 1.2688 1.14217 1.27772 0.890037 1.4151
0.879802 1.16647 0.698082 1.1777 1.09023 1.22868 1.16913 0.693477 0.986229 1.05132
1.3197 0.503787 1.32174 1.1207 1.33601 1.24985 0.822112 1.05754 0.780845 1.41615
0.955965 0.47446 1.04084 1.33552 0.883549 1.41572 0.938409 0.414523 1.16143 1.12729
0.645993 1.1044 0.706114 1.04899 1.09417 0.862336 0.999209 1.27783 0.902759 0.610615
1.20021 1.21455 0.728281 0.854873 0.778944 1.60855 1.07021 0.659392 1.02753 1.12377
1.33164 0.906474 1.39557 1.01257 0.619928 1.50782 0.890391 1.01779 0.98219 0.894569
0.569917 1.44282 0.76877 0.726059 1.06564 0.951626 1.11851 1.00345 1.27232 0.705682
1.63615 1.18969 1.24885 1.10973 1.29365 1.02489 0.796429 1.44607 0.919646 1.12618
1.60901 1.00981 0.767409 1.24014 0.938724 0.704702 1.27456 1.30345 1.15516 0.928853
1.15461 0.917474 1.11646 1.21048 1.12377 1.10157 1.08128 0.693916 0.956797 1.2421
1.59854 1.08386 0.811689 0.728504 1.47774 0.924344 1.22142 0.841801 1.05843 1.0475
1.01526 1.06634 0.595705 1.57932 1.13282 1.45542 0.743076 1.21746 0.603611 0.823184
1.26123 0.849832 0.813821 1.07385 0.686383 0.729181 1.08407 0.878231 0.801389 0.505577
1.09863 0.918569 0.925131 0.720256 1.21538 1.18934 0.878085 1.11174 0.881121 0.684909
1.00963 0.920465 0.362746 0.792041 0.706553 0.958926 0.977187 0.876728 1.5008 1.8375
0.864793 1.25803 0.682096 0.993829 1.40927 1.34836 0.974011 0.86705 1.20854 1.00754
0.962827 0.595483 0.911914 0.469323 0.627416 0.91268 1.12142 1.1664 0.554951 0.909699
0.932131 0.619397 0.512871 1.10742 0.507706 0.591928 0.685545 0.708302 0.692365 1.17524
0.844242 1.01275 0.851358 1.03791 1.14159 0.784976 1.12381 0.577508 1.22226 0.750889
1.08282 0.374593 0.682587 1.08113 1.30319 1.03579 1.04808 1.3169 1.51846 1.33303
1.38705 1.35436 1.44002 1.45594 1.24968 1.28344 1.08443 1.24509 0.677051 0.660992
1.32031 0.847173 0.656317 0.860897 0.923508 1.09806 1.53979 0.706242 0.871768 1.12269
0.867129 1.45813 1.07217 1.01147 0.773877 0.717945 0.944947 0.723482 0.726534 1.50293
1.06882 0.772109 0.781679 0.726116 1.34003 1.00747 0.871266 0.917339 1.09488 1.39908
0.82748 0.990566 1.00717 1.39485 1.10182 0.908792 0.610993 0.782298 0.775338 1.10966
0.831773 1.41733 1.19847 0.755533 1.09288 0.89224 0.574548 0.915097 0.721005 1.36385
0.915192 0.826292 1.18521 0.564531 0.806275 0.910544 1.15203 0.701417 0.543999 1.11554
0.749863 0.929341 0.675133 0.661803 0.973786 1.28925 1.3636 1.22761 0.859008 0.992173
1.22787 1.31008 1.06644 1.51592 0.887609 1.11785 0.911674 0.992467 1.15498 1.05058
0.990587 0.972236 0.91801 0.728015 0.754584 0.818575 1.30384 1.28106 0.980557 1.05614
1.14422 0.665476 0.606431 0.690462 1.53603 0.675412 0.877384 0.907664 1.08414 0.525656
0.729779 1.16634 1.00694 0.419773 0.842123 0.964856 1.05236 1.41622 0.520121 1.15238
1.11808 1.15541 0.766071 0.898943 0.661498 0.888257 0.998414 1.08279 0.612356 0.843811
0.654233 1.29214 0.895221 0.809005 1.37665 1.18054 1.05047 1.1022 1.18646 1.60089
0.638832 1.12832 1.11601 1.61389 1.34546 0.848212 0.821173 1.38123 0.668961 1.08287
1.47665 0.400563 0.600258 1.34223 1.01259 1.2449 1.30269 0.806918 0.966086 1.17584
1.02097 0.858306 1.22972 1.13014 0.65048 0.543253 1.0045 0.548247 0.70851 1.19568
0.892629 0.800836 0.595644 0.86607 1.23666 0.87491 1.55985 1.29083 1.30415 0.830433
0.86166 1.62993 0.667697 1.11554 0.861964 1.04387 1.153 1.0627 0.598203 1.35228
1.35232 0.691682 1.16711 1.17618 0.503317 0.927143 0.619326 1.26696 0.82457 1.33599
1.04926 1.04227 1.40952 1.02566 0.86442 0.854336 0.686916 1.34306 0.980123 1.74588
1.11234 1.31861 1.09347 0.614167 0.964119 1.33131 1.31212 0.745874 1.02522 0.989663
0.938685 0.691251 0.874909 0.649694 1.16736 1.07542 1.62721 1.24709 0.738605 1.25726
0.686438 1.35996 1.42073 0.712767 1.13506 0.855527 1.09404 1.07846 1.16723 0.977916
1.03121 0.858087 1.67443 1.32535 0.818194 0.836489 0.680916 0.800085 1.58357 1.40861
0.839155 0.735317 0.885889 1.27864 0.640296 1.33422 1.22046 1.13661 0.951312 1.55469
0.918606 0.600461 1.0552 0.624633 1.07661 0.977443 1.06513 0.996951 1.13877 0.587152
0.897751 1.19579 1.26297 0.70119 1.02443 0.752437 0.905957 0.688167 0.93235 0.982257
1.06458 0.433921 1.27612 0.994589 1.16611 1.07555 1.08931 0.931258 0.890166 0.895249
1.28705 1.09286 1.32841 0.382616 1.04856 0.919912 1.17729 1.31646 1.28676 1.34572
0.718317 
>noiseOffset:
>observedSynthesisNoise:
>std_NoiseOffset:
>mutation_prior_mean:
***
0 0 0 0 0 0 0 0 0 0
0 0 0 0 0 0 0 0 0 0
0 0 0 0 0 0 0 0 0 0
0 0 0 0 0 0 0 0 0 0
>mutation_prior_sd:
***
0.35 0.35 0.35 0.35 0.35 0.35 0.35 0.35 0.35 0.35
0.35 0.35 0.35 0.35 0.35 0.35 0.35 0.35 0.35 0.35
0.35 0.35 0.35 0.35 0.35 0.35 0.35 0.35 0.35 0.35
0.35 0.35 0.35 0.35 0.35 0.35 0.35 0.35 0.35 0.35
>std_csp:
0.00858993 0.00858993 0.00858993 0.1 0.08 0.0512 0.0512 0.0167772 0.0167772 0.0167772
0.1 0.00351844 0.00351844 0.0512 0.04096 0.04096 0.04096 0.04096 0.04096 0.0512
0.00687195 0.00687195 0.00687195 0.1 0.0209715 0.0209715 0.0209715 0.0209715 0.0209715 0.0134218
0.0134218 0.0134218 0.0167772 0.0167772 0.0167772 0.00549756 0.00549756 0.00549756 0.064 0.1
>currentMutationParameter:
***
0.52329 -0.79219 0.186389 -1.09455 -0.513712 1.04475 -1.01406 -1.31729 -0.757536 -0.0154695
-0.622176 1.43652 -1.10047 0.975115 0.79407 -1.0017 -0.343239 0.0100772 2.06952 -0.898006
-1.33563 -0.448424 -1.36011 0.330458 0.458931 1.15845 0.470762 -0.371992 0.473191 0.0833952
-0.838283 -0.846885 0.114562 -1.02387 -0.163778 0.94237 -0.914024 -0.663434 -1.27731 -1.03007
>currentSelectionParameter:
***
-0.552752 1.31423 0.645838 1.17837 1.07492 -1.5329 1.07534 0.358422 1.11246 0.610422
0.945365 -0.456567 1.58698 -1.42483 -0.0721798 1.37963 0.740229 0.0159296 -1.34695 1.27772
0.440904 1.0049 1.25959 -0.941221 -1.02461 -0.528466 -0.724733 0.981433 0.0123638 -0.282262
1.19131 1.23455 -0.186257 1.53824 0.884415 -0.179372 1.41716 0.999346 1.45679 1.2545
>covarianceMatrix:
A
0.000782994	0.00034488	0.000406319	-0.000694795	-0.000312578	-0.000347804	
0.00034488	0.000493922	0.000293875	-0.000307188	-0.000342857	-0.000179726	
0.000406319	0.000293875	0.000668141	-0.00038805	-0.000158809	-0.000505434	
-0.000694795	-0.000307188	-0.00038805	0.000687327	0.00030061	0.000363868	
-0.000312578	-0.000342857	-0.000158809	0.00030061	0.000333703	0.000116265	
-0.000347804	-0.000179726	-0.000505434	0.000363868	0.000116265	0.000475843	
***
>covarianceMatrix:
C
0.0047234	-0.00304944	
-0.00304944	0.00461796	
***
>covarianceMatrix:
D
0.00356065	-0.00337202	
-0.00337202	0.00360906	
***
>covarianceMatrix:
E
0.00288584	-0.00261385	
-0.00261385	0.00265622	
***
>covarianceMatrix:
F
0.00276345	-0.00251273	
-0.00251273	0.00254298	
***
>covarianceMatrix:
G
0.000768145	0.000145749	0.000174535	-0.000697789	-7.15533e-05	-8.06251e-05	
0.000145749	0.000475747	0.000161408	-7.7095e-05	-0.000288818	-3.44617e-05	
0.000174535	0.000161408	0.000982926	-9.7392e-05	-5.30934e-05	-0.000737594	
-0.000697789	-7.7095e-05	-9.7392e-05	0.000713721	7.63645e-05	6.30681e-05	
-7.15533e-05	-0.000288818	-5.30934e-05	7.63645e-05	0.00030452	1.27555e-05	
-8.06251e-05	-3.44617e-05	-0.000737594	6.30681e-05	1.27555e-05	0.000700337	
***
>covarianceMatrix:
H
0.00535785	-0.00446666	
-0.00446666	0.00500869	
***
>covarianceMatrix:
I
0.00119293	0.000215963	-0.000919283	-0.000254425	
0.000215963	0.00124532	-0.000218522	-0.00103594	
-0.000919283	-0.000218522	0.000813602	0.000257877	
-0.000254425	-0.00103594	0.000257877	0.00105573	
***
>covarianceMatrix:
K
0.00263897	-0.0023924	
-0.0023924	0.00254159	
***
>covarianceMatrix:
L
0.000214134	-8.74835e-05	-5.13006e-05	3.60304e-05	7.19141e-05	-0.000145723	0.000118318	7.74574e-05	-6.85853e-06	-5.16995e-05	
-8.74835e-05	0.000290407	0.000123961	1.96579e-05	-9.60638e-05	9.64807e-05	-0.000234418	-0.000112348	-1.79531e-05	8.38791e-05	
-5.13006e-05	0.000123961	0.000155201	-2.08505e-06	-0.000129258	6.18182e-05	-9.77194e-05	-0.000136746	1.03814e-05	0.00010107	
3.60304e-05	1.96579e-05	-2.08505e-06	0.000113756	8.32718e-05	-1.46891e-05	8.89564e-06	1.75627e-05	-8.18185e-05	-6.68113e-05	
7.19141e-05	-9.60638e-05	-0.000129258	8.32718e-05	0.000358664	-6.41455e-05	0.000106762	0.000132034	-7.77778e-05	-0.000273869	
-0.000145723	9.64807e-05	6.18182e-05	-1.46891e-05	-6.41455e-05	0.000144565	-0.000102706	-7.22943e-05	1.23282e-06	4.57954e-05	
0.000118318	-0.000234418	-9.77194e-05	8.89564e-06	0.000106762	-0.000102706	0.000259551	0.000111837	1.15571e-05	-0.000102753	
7.74574e-05	-0.000112348	-0.000136746	1.75627e-05	0.000132034	-7.22943e-05	0.000111837	0.000164572	-1.62843e-05	-0.000106204	
-6.85853e-06	-1.79531e-05	1.03814e-05	-8.18185e-05	-7.77778e-05	1.23282e-06	1.15571e-05	-1.62843e-05	9.20145e-05	7.77993e-05	
-5.16995e-05	8.38791e-05	0.00010107	-6.68113e-05	-0.000273869	4.57954e-05	-0.000102753	-0.000106204	7.77993e-05	0.000281987	
***
>covarianceMatrix:
N
0.00313122	-0.00298114	
-0.00298114	0.00329703	
***
>covarianceMatrix:
P
0.00183212	0.000120995	0.000510983	-0.00169573	-0.000117954	-0.000489329	
0.000120995	0.00192234	0.000160955	5.67651e-05	-0.00150874	-3.77388e-05	
0.000510983	0.000160955	0.000993227	-0.000361812	4.67036e-05	-0.000628964	
-0.00169573	5.67651e-05	-0.000361812	0.0017957	7.8728e-05	0.000514876	
-0.000117954	-0.00150874	4.67036e-05	7.8728e-05	0.00151865	-2.35329e-07	
-0.000489329	-3.77388e-05	-0.000628964	0.000514876	-2.35329e-07	0.000612362	
***
>covarianceMatrix:
Q
0.00419776	-0.00331359	
-0.00331359	0.0034263	
***
>covarianceMatrix:
R
0.000421528	0.000334941	0.000154464	6.61117e-05	3.0008e-05	-0.000307138	-0.000271322	-9.30384e-05	-3.198e-05	1.42069e-06	
0.000334941	0.00107464	0.000320342	-0.000212621	0.000147967	-0.00024923	-0.000910159	-0.000236747	0.000269534	-0.000172878	
0.000154464	0.000320342	0.000302015	-0.000139184	5.63174e-05	-4.51339e-05	-0.000221584	-0.000159226	0.000208191	-3.25108e-06	
6.61117e-05	-0.000212621	-0.000139184	0.000506856	-5.61219e-06	-6.93026e-05	0.000244627	0.000116291	-0.000379192	9.32043e-05	
3.0008e-05	0.000147967	5.63174e-05	-5.61219e-06	0.000219244	-1.12877e-05	-0.000123722	-2.15015e-05	6.36385e-05	-0.000124053	
-0.000307138	-0.00024923	-4.51339e-05	-6.93026e-05	-1.12877e-05	0.000298406	0.000254638	5.88407e-05	8.06451e-05	3.06199e-05	
-0.000271322	-0.000910159	-0.000221584	0.000244627	-0.000123722	0.000254638	0.000969009	0.000217335	-0.000241544	0.000212941	
-9.30384e-05	-0.000236747	-0.000159226	0.000116291	-2.15015e-05	5.88407e-05	0.000217335	0.000128109	-0.00014092	1.82201e-05	
-3.198e-05	0.000269534	0.000208191	-0.000379192	6.36385e-05	8.06451e-05	-0.000241544	-0.00014092	0.000411846	-9.01511e-05	
1.42069e-06	-0.000172878	-3.25108e-06	9.32043e-05	-0.000124053	3.06199e-05	0.000212941	1.82201e-05	-9.01511e-05	0.000196145	
***
>covarianceMatrix:
S
0.000361642	0.000227177	0.000216528	-0.000283087	-0.000202924	-0.000189982	
0.000227177	0.000941605	0.000131361	-0.000170856	-0.000897438	-9.92589e-05	
0.000216528	0.000131361	0.000386192	-0.000166934	-5.06405e-05	-0.000236432	
-0.000283087	-0.000170856	-0.000166934	0.00027171	0.000187847	0.000182789	
-0.000202924	-0.000897438	-5.06405e-05	0.000187847	0.000991915	0.000101285	
-0.000189982	-9.92589e-05	-0.000236432	0.000182789	0.000101285	0.0002381	
***
>covarianceMatrix:
T
0.000420962	0.00013598	0.000296665	-0.000300693	-6.92878e-05	-0.000208651	
0.00013598	0.000453855	0.000273019	-0.000101349	-0.000289316	-0.000205078	
0.000296665	0.000273019	0.000986029	-0.000217827	-0.000172929	-0.00084718	
-0.000300693	-0.000101349	-0.000217827	0.000260644	6.58401e-05	0.000175828	
-6.92878e-05	-0.000289316	-0.000172929	6.58401e-05	0.000320324	0.000187881	
-0.000208651	-0.000205078	-0.00084718	0.000175828	0.000187881	0.000829614	
***
>covarianceMatrix:
V
0.0004014	0.000131236	7.25985e-05	-0.000248305	-0.000106909	-2.94517e-05	
0.000131236	0.000956342	0.000329125	-7.88413e-05	-0.000759976	-0.000204557	
7.25985e-05	0.000329125	0.000632179	-5.72697e-05	-0.000181018	-0.000427836	
-0.000248305	-7.88413e-05	-5.72697e-05	0.000224112	7.91127e-05	5.2911e-05	
-0.000106909	-0.000759976	-0.000181018	7.91127e-05	0.000712502	0.000138308	
-2.94517e-05	-0.000204557	-0.000427836	5.2911e-05	0.000138308	0.000370321	
***
>covarianceMatrix:
Y
0.0049097	-0.00430027	
-0.00430027	0.00415777	
***
>covarianceMatrix:
Z
0.00519007	-0.00439839	
-0.00439839	0.00426597	
***
