>groupList:
A C D E F G H I K L
N P Q R S T V Y Z 
>stdDevSynthesisRate:
0.347976 
>numParam:
40
>numMixtures:
1
>std_stdDevSynthesisRate:
0.20736
>std_phi:
***
0.386145 0.627485 0.705835 1.43373 0.401591 0.321272 0.627485 0.501988 0.815731 0.815731
0.882294 0.522068 0.501988 1.06045 0.371293 0.652585 0.815731 0.652585 0.627485 0.627485
0.652585 0.882294 0.815731 0.482681 0.815731 0.627485 0.501988 0.522068 1.06045 0.882294
0.2197 0.917586 0.522068 0.815731 0.386145 0.678688 0.501988 0.652585 0.522068 0.401591
0.482681 1.06045 0.95429 0.627485 1.06045 0.652585 0.386145 0.882294 0.28561 0.371293
0.882294 0.501988 1.37858 0.371293 0.28561 1.06045 0.371293 0.882294 0.501988 0.482681
0.482681 1.06045 0.627485 0.652585 0.652585 0.84836 1.10287 0.627485 0.54295 0.882294
0.652585 0.652585 0.627485 0.678688 0.815731 0.371293 1.06045 0.627485 0.482681 0.678688
0.386145 0.652585 0.652585 0.627485 0.705835 1.06045 0.564668 0.627485 0.84836 1.06045
0.815731 1.10287 0.652585 0.882294 0.522068 1.06045 0.652585 0.705835 0.501988 0.501988
0.84836 0.652585 0.815731 0.882294 0.501988 1.37858 0.705835 0.627485 0.522068 0.815731
0.43436 0.13 0.815731 0.401591 1.06045 0.678688 0.482681 0.84836 0.43436 0.882294
0.522068 0.627485 0.652585 0.705835 0.417654 1.06045 1.10287 0.297034 0.371293 1.06045
0.501988 0.627485 0.386145 0.371293 0.43436 1.10287 0.627485 0.482681 0.815731 0.501988
0.386145 0.522068 0.482681 0.371293 0.28561 0.501988 0.627485 0.815731 0.482681 0.482681
0.522068 0.815731 0.308916 0.482681 0.882294 0.815731 0.705835 0.482681 0.678688 0.84836
0.522068 0.627485 0.482681 0.652585 0.297034 0.522068 0.522068 0.371293 0.815731 0.371293
0.371293 0.482681 0.522068 0.882294 0.401591 0.482681 0.652585 0.371293 0.482681 0.815731
0.401591 0.501988 1.06045 0.522068 0.386145 0.228488 0.501988 0.482681 0.917586 0.627485
0.815731 0.84836 0.627485 0.401591 0.522068 0.678688 0.627485 0.501988 0.401591 0.84836
0.678688 0.84836 0.386145 0.297034 0.815731 0.882294 0.482681 0.371293 0.882294 0.815731
0.652585 1.14698 0.501988 0.882294 0.482681 0.815731 0.28561 0.882294 0.815731 0.522068
0.627485 0.482681 0.417654 0.386145 0.84836 1.10287 0.371293 0.386145 0.522068 0.482681
0.815731 0.297034 0.501988 0.627485 0.482681 0.815731 0.627485 0.627485 0.501988 0.371293
1.10287 0.84836 0.652585 1.14698 1.10287 0.386145 1.19286 0.482681 0.882294 0.54295
0.371293 0.482681 0.882294 0.815731 0.371293 0.882294 0.371293 0.522068 0.652585 0.627485
1.06045 0.522068 0.297034 0.371293 0.627485 0.386145 0.627485 0.371293 0.297034 0.678688
0.43436 0.815731 0.2197 0.652585 0.917586 0.652585 0.627485 0.522068 0.297034 0.84836
0.522068 0.386145 0.652585 0.627485 0.501988 0.228488 0.882294 0.627485 0.522068 0.522068
0.371293 0.652585 0.84836 0.482681 0.54295 0.401591 0.678688 0.386145 0.522068 0.482681
>categories:
0 0
>mixtureAssignment:
0 0 0 0 0 0 0 0 0 0 0 0 0 0 0 0 0 0 0 0 0 0 0 0 0 0 0 0 0 0 0 0 0 0 0 0 0 0 0 0 0 0 0 0 0 0 0 0 0 0
0 0 0 0 0 0 0 0 0 0 0 0 0 0 0 0 0 0 0 0 0 0 0 0 0 0 0 0 0 0 0 0 0 0 0 0 0 0 0 0 0 0 0 0 0 0 0 0 0 0
0 0 0 0 0 0 0 0 0 0 0 0 0 0 0 0 0 0 0 0 0 0 0 0 0 0 0 0 0 0 0 0 0 0 0 0 0 0 0 0 0 0 0 0 0 0 0 0 0 0
0 0 0 0 0 0 0 0 0 0 0 0 0 0 0 0 0 0 0 0 0 0 0 0 0 0 0 0 0 0 0 0 0 0 0 0 0 0 0 0 0 0 0 0 0 0 0 0 0 0
0 0 0 0 0 0 0 0 0 0 0 0 0 0 0 0 0 0 0 0 0 0 0 0 0 0 0 0 0 0 0 0 0 0 0 0 0 0 0 0 0 0 0 0 0 0 0 0 0 0
0 0 0 0 0 0 0 0 0 0 0 0 0 0 0 0 0 0 0 0 0 0 0 0 0 0 0 0 0 0 0 0 0 0 0 0 0 0 0 0 0 0 0 0 0 0 0 0 0 0
>numMutationCategories:
1
>numSelectionCategories:
1
>categoryProbabilities:
1 
>selectionIsInMixture:
***
0 
>mutationIsInMixture:
***
0 
>obsPhiSets:
0
>currentSynthesisRateLevel:
***
1.369 0.949 1.30395 1.15248 1.12244 1.58182 1.28205 1.49366 1.06815 0.973579
1.04747 0.894961 0.798053 1.04983 1.58398 0.840118 0.400779 1.44848 0.709243 0.817766
1.22645 0.737798 0.718022 1.34831 0.968199 1.20227 1.23314 0.925488 1.35256 1.00455
1.29713 0.673109 1.0371 0.971759 1.02531 0.874526 1.00858 0.838252 1.03072 1.18798
1.13369 0.65136 0.596604 0.758167 0.925287 1.65895 1.29754 0.883388 1.48531 1.2645
0.829046 0.882578 1.04018 1.17138 1.31521 0.788479 1.46623 0.312641 1.10699 0.802249
1.31371 0.470133 0.887119 0.936747 0.920756 0.610465 0.870707 1.06274 0.619611 0.756953
1.01948 0.894704 1.35092 0.947157 1.17408 1.83714 0.604332 0.89296 1.35955 0.935342
1.36008 0.958374 0.700986 1.0734 0.731224 1.46264 0.828888 1.41404 0.83741 0.919051
0.847697 0.699949 0.997164 0.968092 0.966261 0.942577 1.38571 0.897952 1.20968 0.841501
0.576322 1.02861 0.675513 0.768941 1.37999 0.8691 1.06585 0.373121 1.12912 0.933866
1.35229 1.38238 0.574235 1.09337 0.69892 0.689562 1.02114 0.89011 1.07307 0.578334
0.823508 0.959404 0.836642 0.934954 1.06493 0.768954 0.4454 1.3777 1.33052 0.770547
0.826577 1.23013 0.741027 1.43836 1.05465 0.786532 0.834108 0.830813 1.08163 1.21639
1.07792 0.961045 1.00083 1.18308 1.01027 0.930993 0.825984 0.465807 1.11474 1.34693
0.909448 0.416018 1.33281 1.6688 0.545907 0.531918 1.02434 1.02316 1.29588 0.853514
0.88078 0.789145 0.918594 1.01341 1.53797 1.47282 1.13565 1.6445 0.962389 0.945775
0.978436 1.14089 1.16342 0.680396 1.28602 1.17644 1.06631 1.49563 1.12705 0.774148
1.06731 1.03247 0.918374 0.919523 1.74239 1.4642 0.979724 1.27658 0.860378 1.04372
0.668713 0.403241 0.844334 1.29796 1.50526 0.721201 0.933628 1.2274 1.22511 0.859928
0.80521 0.826963 1.28697 1.29307 0.536555 0.86666 1.21435 1.53784 0.481043 0.659079
0.805081 0.558478 1.25384 0.591926 0.861049 0.766983 1.22899 0.551803 0.888872 1.12485
0.62867 1.00177 1.223 0.974735 0.68834 0.77002 1.05323 1.23086 0.832302 1.58242
0.614656 1.40397 1.11724 1.05109 0.809978 0.656388 0.901054 1.15393 0.919136 1.30347
0.683522 0.983246 0.859875 0.557388 0.447763 0.987385 1.25054 0.839426 0.564809 0.742991
1.0966 1.45987 0.418483 0.570073 1.30158 1.05454 1.54155 1.02228 0.785781 1.16057
1.0028 1.68373 1.39955 1.46911 0.838931 1.41044 1.03021 1.32317 1.0446 0.5513
1.02553 0.532037 1.39748 1.19071 0.7973 0.638244 1.38507 0.821723 0.94949 0.196334
0.700676 1.12091 0.83017 1.05158 1.12903 1.53241 0.941385 0.872492 0.816689 1.07481
0.74752 1.01275 0.552546 1.06328 0.764883 1.43747 0.81878 1.19661 0.904339 1.01537
>noiseOffset:
>observedSynthesisNoise:
>std_NoiseOffset:
>mutation_prior_mean:
***
0 0 0 0 0 0 0 0 0 0
0 0 0 0 0 0 0 0 0 0
0 0 0 0 0 0 0 0 0 0
0 0 0 0 0 0 0 0 0 0
>mutation_prior_sd:
***
0.35 0.35 0.35 0.35 0.35 0.35 0.35 0.35 0.35 0.35
0.35 0.35 0.35 0.35 0.35 0.35 0.35 0.35 0.35 0.35
0.35 0.35 0.35 0.35 0.35 0.35 0.35 0.35 0.35 0.35
0.35 0.35 0.35 0.35 0.35 0.35 0.35 0.35 0.35 0.35
>std_csp:
0.0022518 0.0022518 0.0022518 0.13 0.1 0.08 0.064 0.0167772 0.0167772 0.0167772
0.13 0.0134218 0.0134218 0.08 0.0512 0.0512 0.0512 0.0512 0.0512 0.104
0.00858993 0.00858993 0.00858993 0.13 0.0209715 0.0209715 0.0209715 0.0209715 0.0209715 0.0107374
0.0107374 0.0107374 0.00439805 0.00439805 0.00439805 0.032768 0.032768 0.032768 0.13 0.13
>currentMutationParameter:
***
0.45864 -0.425507 0.143609 -0.353245 -0.00657005 0.513386 -0.787371 -0.823238 -0.157698 -0.298098
-0.308826 1.12186 -0.508578 0.178188 1.02207 -0.480557 0.204522 0.330707 1.36004 -0.668838
-0.945791 -0.280943 -0.936828 0.161157 0.122118 0.580723 0.216491 -0.312238 0.0477005 0.0991108
-0.407994 -0.145433 0.188311 -0.669121 -0.214037 0.507948 -0.751097 -0.243488 -0.573647 -0.900121
>currentSelectionParameter:
***
-0.534009 0.991559 0.779019 0.639508 0.844085 -1.13776 0.893217 -0.236966 0.815895 0.908317
0.803237 -0.0761149 1.12092 -0.786241 -0.239949 1.01959 0.327418 -0.200262 -0.783034 1.1344
-0.0542184 0.969746 1.0264 -0.894884 -0.752803 0.143613 -0.486953 1.04656 0.60664 -0.223739
0.814955 0.730457 -0.225158 1.41191 1.15716 0.245608 1.43426 0.757852 0.921722 1.22162
>covarianceMatrix:
A
0.00278628	0.00144799	0.000938016	-0.00238825	-0.00116719	-0.000839143	
0.00144799	0.0029828	0.00150856	-0.00126007	-0.00240898	-0.00124446	
0.000938016	0.00150856	0.00415085	-0.000712677	-0.00148043	-0.00357228	
-0.00238825	-0.00126007	-0.000712677	0.00254896	0.00112106	0.000844746	
-0.00116719	-0.00240898	-0.00148043	0.00112106	0.00266058	0.00146387	
-0.000839143	-0.00124446	-0.00357228	0.000844746	0.00146387	0.00387225	
***
>covarianceMatrix:
C
0.0197351	-0.0183383	
-0.0183383	0.020394	
***
>covarianceMatrix:
D
0.0125058	-0.0107209	
-0.0107209	0.0109915	
***
>covarianceMatrix:
E
0.0101609	-0.0092908	
-0.0092908	0.00978709	
***
>covarianceMatrix:
F
0.0116958	-0.011225	
-0.011225	0.0116054	
***
>covarianceMatrix:
G
0.0037522	0.00185978	0.00222596	-0.00315911	-0.00171449	-0.00187396	
0.00185978	0.00335212	0.0012904	-0.00151676	-0.00262807	-0.000943203	
0.00222596	0.0012904	0.00395967	-0.00190719	-0.00129575	-0.00301313	
-0.00315911	-0.00151676	-0.00190719	0.00308589	0.00168447	0.00191116	
-0.00171449	-0.00262807	-0.00129575	0.00168447	0.00303068	0.00124961	
-0.00187396	-0.000943203	-0.00301313	0.00191116	0.00124961	0.00320686	
***
>covarianceMatrix:
H
0.0236987	-0.0214613	
-0.0214613	0.0229973	
***
>covarianceMatrix:
I
0.00443764	7.99598e-05	-0.00362906	0.000325569	
7.99598e-05	0.00236916	2.42959e-05	-0.00201468	
-0.00362906	2.42959e-05	0.00330951	-0.000332629	
0.000325569	-0.00201468	-0.000332629	0.00223308	
***
>covarianceMatrix:
K
0.00927147	-0.00824954	
-0.00824954	0.00833902	
***
>covarianceMatrix:
L
0.00224379	8.30404e-05	0.000367329	0.000285025	0.000799344	-0.0017581	0.000131014	-0.000205161	-0.000210185	-0.000615201	
8.30404e-05	0.00162249	0.000576374	0.00033099	-0.000220019	-3.45062e-05	-0.0014827	-0.000543186	-0.000257656	0.000314507	
0.000367329	0.000576374	0.000979325	0.000217896	-0.000174126	-0.000345491	-0.000482829	-0.000711558	-0.00026187	0.000148658	
0.000285025	0.00033099	0.000217896	0.000421928	6.96075e-05	-0.000221975	-0.000229278	-0.000134066	-0.00028911	-1.88149e-05	
0.000799344	-0.000220019	-0.000174126	6.96075e-05	0.00108217	-0.000715692	0.000253296	0.000150389	-8.69693e-05	-0.000864211	
-0.0017581	-3.45062e-05	-0.000345491	-0.000221975	-0.000715692	0.00158619	-7.96789e-05	0.000241597	0.000228661	0.000637586	
0.000131014	-0.0014827	-0.000482829	-0.000229278	0.000253296	-7.96789e-05	0.00162267	0.000554265	0.000224415	-0.000297522	
-0.000205161	-0.000543186	-0.000711558	-0.000134066	0.000150389	0.000241597	0.000554265	0.000661918	0.000211063	-0.000111454	
-0.000210185	-0.000257656	-0.00026187	-0.00028911	-8.69693e-05	0.000228661	0.000224415	0.000211063	0.00036627	0.000113643	
-0.000615201	0.000314507	0.000148658	-1.88149e-05	-0.000864211	0.000637586	-0.000297522	-0.000111454	0.000113643	0.000896354	
***
>covarianceMatrix:
N
0.010555	-0.00933583	
-0.00933583	0.00964449	
***
>covarianceMatrix:
P
0.00314884	0.00176648	0.0018983	-0.00255955	-0.00146835	-0.00150499	
0.00176648	0.00612109	0.00105464	-0.00163268	-0.00548816	-0.000820004	
0.0018983	0.00105464	0.00342679	-0.00147429	-0.00063444	-0.00260688	
-0.00255955	-0.00163268	-0.00147429	0.00251415	0.00176444	0.00143674	
-0.00146835	-0.00548816	-0.00063444	0.00176444	0.00624997	0.000864804	
-0.00150499	-0.000820004	-0.00260688	0.00143674	0.000864804	0.00259973	
***
>covarianceMatrix:
Q
0.0138363	-0.0121922	
-0.0121922	0.013201	
***
>covarianceMatrix:
R
0.00448491	0.000953537	0.00250283	0.00132653	0.00214991	-0.00337438	-0.000769779	-0.00201305	-0.0016632	-0.00156832	
0.000953537	0.00297958	0.000789497	0.000350524	0.00106314	-0.00072037	-0.00209679	-0.000639668	-0.000682438	-0.000971166	
0.00250283	0.000789497	0.00449123	0.0021099	0.00338644	-0.00189585	-0.000818964	-0.00341385	-0.00245384	-0.00328994	
0.00132653	0.000350524	0.0021099	0.00776138	0.00417769	-0.000736497	0.000231829	-0.00150046	-0.0060976	-0.00300874	
0.00214991	0.00106314	0.00338644	0.00417769	0.00833915	-0.00160825	-0.00113852	-0.00297223	-0.00453766	-0.00720802	
-0.00337438	-0.00072037	-0.00189585	-0.000736497	-0.00160825	0.00319151	0.00085323	0.00193051	0.00139138	0.00153156	
-0.000769779	-0.00209679	-0.000818964	0.000231829	-0.00113852	0.00085323	0.00253041	0.00105187	0.000454963	0.00169074	
-0.00201305	-0.000639668	-0.00341385	-0.00150046	-0.00297223	0.00193051	0.00105187	0.00350547	0.00237192	0.00343178	
-0.0016632	-0.000682438	-0.00245384	-0.0060976	-0.00453766	0.00139138	0.000454963	0.00237192	0.00660646	0.0040377	
-0.00156832	-0.000971166	-0.00328994	-0.00300874	-0.00720802	0.00153156	0.00169074	0.00343178	0.0040377	0.0079962	
***
>covarianceMatrix:
S
0.00690418	0.0021702	0.00259967	-0.00628164	-0.00194165	-0.00236273	
0.0021702	0.00730874	0.00442389	-0.00190472	-0.00602457	-0.00390109	
0.00259967	0.00442389	0.00664304	-0.00246713	-0.00395811	-0.00552409	
-0.00628164	-0.00190472	-0.00246713	0.00654775	0.00193266	0.00250412	
-0.00194165	-0.00602457	-0.00395811	0.00193266	0.00579424	0.003813	
-0.00236273	-0.00390109	-0.00552409	0.00250412	0.003813	0.00580526	
***
>covarianceMatrix:
T
0.00224373	0.00171546	0.00127118	-0.00182222	-0.00128927	-0.000960615	
0.00171546	0.00300297	0.00110963	-0.0014471	-0.00246709	-0.000902222	
0.00127118	0.00110963	0.00237876	-0.00108582	-0.000829915	-0.00182573	
-0.00182222	-0.0014471	-0.00108582	0.00175409	0.00117653	0.000942317	
-0.00128927	-0.00246709	-0.000829915	0.00117653	0.00269959	0.0010008	
-0.000960615	-0.000902222	-0.00182573	0.000942317	0.0010008	0.0019779	
***
>covarianceMatrix:
V
0.00220065	0.000305175	0.000642686	-0.00148026	3.08202e-05	-0.000120716	
0.000305175	0.00442233	0.00147542	0.000120622	-0.00377215	-0.00118127	
0.000642686	0.00147542	0.00221913	-0.00030969	-0.00100596	-0.00152562	
-0.00148026	0.000120622	-0.00030969	0.00148285	-0.000253085	5.94815e-05	
3.08202e-05	-0.00377215	-0.00100596	-0.000253085	0.00376325	0.00103217	
-0.000120716	-0.00118127	-0.00152562	5.94815e-05	0.00103217	0.00147754	
***
>covarianceMatrix:
Y
0.0170417	-0.0154575	
-0.0154575	0.0162146	
***
>covarianceMatrix:
Z
0.0277011	-0.02396	
-0.02396	0.0237419	
***
