>groupList:
A C D E F G H I K L
N P Q R S T V Y Z 
>stdDevSynthesisRate:
0.697484 
>numParam:
40
>numMixtures:
1
>std_stdDevSynthesisRate:
0.248832
>std_phi:
***
0.17576 0.371293 0.371293 0.169 0.371293 0.297034 0.28561 0.371293 0.371293 0.28561
0.1352 0.1352 0.371293 0.371293 0.371293 0.371293 1.06045 0.482681 0.627485 0.482681
0.815731 0.371293 0.815731 0.627485 0.482681 0.627485 0.297034 0.1352 0.371293 0.815731
0.28561 0.482681 1.06045 1.06045 0.815731 0.371293 0.815731 0.297034 0.371293 0.371293
0.28561 0.371293 0.371293 0.482681 0.297034 0.371293 0.627485 0.371293 0.482681 0.815731
1.06045 0.28561 0.371293 0.482681 1.06045 0.386145 0.482681 0.482681 0.501988 0.482681
0.627485 0.501988 0.627485 0.482681 0.482681 0.627485 0.482681 0.482681 0.815731 0.371293
0.627485 0.815731 0.482681 0.482681 1.37858 0.627485 0.482681 0.815731 0.627485 0.627485
0.371293 0.482681 1.06045 0.371293 0.482681 0.482681 0.815731 0.815731 0.815731 0.482681
0.815731 0.371293 0.482681 0.482681 0.371293 0.627485 0.627485 0.627485 0.627485 0.627485
0.627485 0.627485 0.482681 0.482681 1.06045 0.297034 0.371293 0.627485 0.482681 0.371293
0.627485 0.815731 0.627485 0.627485 0.815731 0.371293 0.482681 1.06045 1.37858 0.371293
0.371293 0.815731 0.371293 0.627485 0.482681 0.482681 0.815731 0.371293 0.627485 0.84836
0.482681 0.482681 0.627485 0.627485 0.386145 0.228488 0.482681 0.482681 0.482681 0.627485
0.627485 0.371293 
>categories:
0 0
>mixtureAssignment:
0 0 0 0 0 0 0 0 0 0 0 0 0 0 0 0 0 0 0 0 0 0 0 0 0 0 0 0 0 0 0 0 0 0 0 0 0 0 0 0 0 0 0 0 0 0 0 0 0 0
0 0 0 0 0 0 0 0 0 0 0 0 0 0 0 0 0 0 0 0 0 0 0 0 0 0 0 0 0 0 0 0 0 0 0 0 0 0 0 0 0 0 0 0 0 0 0 0 0 0
0 0 0 0 0 0 0 0 0 0 0 0 0 0 0 0 0 0 0 0 0 0 0 0 0 0 0 0 0 0 0 0 0 0 0 0 0 0 0 0 0 0 
>numMutationCategories:
1
>numSelectionCategories:
1
>categoryProbabilities:
1 
>selectionIsInMixture:
***
0 
>mutationIsInMixture:
***
0 
>obsPhiSets:
0
>currentSynthesisRateLevel:
***
2.37365 1.90675 2.53009 2.4121 1.97031 1.65108 1.7491 1.94937 0.984114 2.16453
2.39996 2.61156 1.60679 1.27 1.46274 1.65868 0.565485 1.55379 1.71129 1.36881
0.635496 1.27713 0.573291 0.626026 0.770491 0.874195 1.77763 2.09346 1.55391 0.637304
1.37831 0.365791 0.460065 0.425321 0.593462 2.12279 0.84038 1.41971 0.858212 0.742965
1.27806 1.56441 1.1783 0.447841 1.3353 0.599901 0.477037 0.729179 0.735895 0.402877
0.412384 0.724552 0.871185 0.611405 0.221484 0.487944 1.27097 0.708261 0.576129 0.740924
0.619264 0.853081 0.74528 0.64393 0.490536 0.569105 0.698702 1.22659 0.360007 1.44361
0.533346 0.724916 0.964684 0.666406 0.299684 0.494276 0.77699 0.66065 0.598994 0.74626
2.57481 0.586159 0.293403 0.599888 0.613332 0.724607 0.281199 0.460447 0.371438 0.635348
0.188129 1.12979 1.0829 0.823407 1.13388 0.512797 0.4945 0.546434 0.468824 0.833629
0.974092 0.314636 0.763391 2.20117 0.346975 2.49146 0.69848 0.512014 0.991551 0.599496
0.453008 0.376523 0.417782 0.451123 0.287272 1.27008 0.572096 0.204926 0.333396 0.577607
0.493575 0.561141 0.646932 0.275212 0.390427 0.504016 0.393981 0.734066 0.981212 0.668657
0.368504 0.542393 0.313963 0.41065 0.40307 0.724909 0.362179 0.597284 0.687868 0.312169
0.333703 1.69902 
>noiseOffset:
>observedSynthesisNoise:
>std_NoiseOffset:
>mutation_prior_mean:
***
0 0 0 0 0 0 0 0 0 0
0 0 0 0 0 0 0 0 0 0
0 0 0 0 0 0 0 0 0 0
0 0 0 0 0 0 0 0 0 0
>mutation_prior_sd:
***
0.35 0.35 0.35 0.35 0.35 0.35 0.35 0.35 0.35 0.35
0.35 0.35 0.35 0.35 0.35 0.35 0.35 0.35 0.35 0.35
0.35 0.35 0.35 0.35 0.35 0.35 0.35 0.35 0.35 0.35
0.35 0.35 0.35 0.35 0.35 0.35 0.35 0.35 0.35 0.35
>std_csp:
0.08 0.08 0.08 0.482681 0.815731 0.371293 0.482681 0.1 0.1 0.1
0.627485 0.1 0.1 0.28561 0.08 0.08 0.08 0.08 0.08 0.371293
0.064 0.064 0.064 0.482681 0.08 0.08 0.08 0.08 0.08 0.08
0.08 0.08 0.064 0.064 0.064 0.08 0.08 0.08 0.627485 0.482681
>currentMutationParameter:
***
-0.209604 0.543121 -0.0209018 0.158731 0.799303 -0.521603 -0.156396 -0.453995 -0.117336 1.04595
0.764408 0.723235 0.235735 -0.392126 0.0439734 0.358555 -0.0884224 0.401024 0.187158 0.725145
0.0866771 0.253788 -0.378212 -0.0683804 -0.348292 0.706182 -0.559038 0.750661 -0.0837368 -0.457554
0.540682 -0.469764 -0.50893 0.763685 0.0330172 0.833224 0.169505 -0.168758 0.265089 0.319281
>currentSelectionParameter:
***
1.06221 -0.0852192 1.74898 -0.679274 -0.449025 0.504405 -0.848106 -1.1818 0.706107 -0.255284
-0.795194 1.82702 -0.339205 1.01751 2.43631 -0.781786 0.514196 -0.979955 2.33006 -0.941508
-2.13626 0.9139 0.11838 -0.59758 0.701345 1.76772 1.88593 -0.246728 2.69308 0.748631
-0.285374 0.911076 1.09807 -0.520581 0.993528 0.802774 -0.00597697 1.05323 -0.749073 -0.683524
>covarianceMatrix:
A
0.00344964	0.000505215	0.00152353	-0.00244627	-0.000284963	-0.000290105	
0.000505215	0.00218248	0.000394093	-0.000204843	-0.00117173	-2.12328e-05	
0.00152353	0.000394093	0.00559041	-0.000961205	-0.000220096	-0.00533202	
-0.00244627	-0.000204843	-0.000961205	0.00330801	0.000138976	0.000823145	
-0.000284963	-0.00117173	-0.000220096	0.000138976	0.00134497	-8.13868e-05	
-0.000290105	-2.12328e-05	-0.00533202	0.000823145	-8.13868e-05	0.00953077	
***
>covarianceMatrix:
C
0.0127912	-0.0121924	
-0.0121924	0.0170739	
***
>covarianceMatrix:
D
0.00668116	-0.00545926	
-0.00545926	0.0068082	
***
>covarianceMatrix:
E
0.0045392	-0.00321793	
-0.00321793	0.00371391	
***
>covarianceMatrix:
F
0.00773594	-0.00703875	
-0.00703875	0.010198	
***
>covarianceMatrix:
G
0.0025	0	0	0	0	0	
0	0.0025	0	0	0	0	
0	0	0.0025	0	0	0	
0	0	0	0.0025	0	0	
0	0	0	0	0.0025	0	
0	0	0	0	0	0.0025	
***
>covarianceMatrix:
H
0.0132597	-0.0116064	
-0.0116064	0.0157145	
***
>covarianceMatrix:
I
0.0177691	8.69939e-05	-0.0209933	-0.000643717	
8.69939e-05	0.00327632	0.000105085	-0.00220958	
-0.0209933	0.000105085	0.0383367	0.000476268	
-0.000643717	-0.00220958	0.000476268	0.00286335	
***
>covarianceMatrix:
K
0.00602401	-0.00497337	
-0.00497337	0.00718393	
***
>covarianceMatrix:
L
0.00348919	-0.00029653	-8.56698e-06	-0.000577767	0.00121398	-0.00124074	-0.00023605	0.00103398	-5.94939e-05	-0.00106702	
-0.00029653	0.00125105	0.00024065	0.00057557	-0.000577985	-0.00103633	-0.00048587	-0.000415184	-0.00032486	0.000940612	
-8.56698e-06	0.00024065	0.000770865	0.00017843	3.84496e-05	-0.000581742	-0.000203993	-0.000208297	-0.000163239	3.79964e-05	
-0.000577767	0.00057557	0.00017843	0.00131059	-0.000685814	-0.000905624	-0.000356818	-0.000408912	-0.000449982	0.000923594	
0.00121398	-0.000577985	3.84496e-05	-0.000685814	0.00239271	-0.000407525	0.000110041	0.000248738	8.94676e-05	-0.00186362	
-0.00124074	-0.00103633	-0.000581742	-0.000905624	-0.000407525	0.00469818	0.00137845	0.000440399	0.00116476	-0.000337483	
-0.00023605	-0.00048587	-0.000203993	-0.000356818	0.000110041	0.00137845	0.0011959	0.000268923	0.000552443	-0.000530986	
0.00103398	-0.000415184	-0.000208297	-0.000408912	0.000248738	0.000440399	0.000268923	0.0013648	0.000261145	-0.000326976	
-5.94939e-05	-0.00032486	-0.000163239	-0.000449982	8.94676e-05	0.00116476	0.000552443	0.000261145	0.00111407	-0.000433981	
-0.00106702	0.000940612	3.79964e-05	0.000923594	-0.00186362	-0.000337483	-0.000530986	-0.000326976	-0.000433981	0.00354621	
***
>covarianceMatrix:
N
0.00785937	-0.00685587	
-0.00685587	0.00990153	
***
>covarianceMatrix:
P
0.00566708	-4.882e-05	0.00111307	-0.00487875	0.000610878	-0.000794667	
-4.882e-05	0.00532635	0.00151408	-0.000289088	-0.00579901	-0.00116013	
0.00111307	0.00151408	0.00308318	-0.00164511	-0.00133458	-0.00301029	
-0.00487875	-0.000289088	-0.00164511	0.00778528	0.000553184	0.00263956	
0.000610878	-0.00579901	-0.00133458	0.000553184	0.010084	0.00184636	
-0.000794667	-0.00116013	-0.00301029	0.00263956	0.00184636	0.00482113	
***
>covarianceMatrix:
Q
0.00812247	-0.00598661	
-0.00598661	0.00762406	
***
>covarianceMatrix:
R
0.00159942	0.000643201	0.00116936	0.000381274	0.000715716	-0.000802839	0.000997104	-0.000878136	-0.000169828	0.000236995	
0.000643201	0.00222069	0.000856093	-4.92062e-05	0.000880623	-0.000566136	-0.00161104	-0.000865357	3.04591e-05	-0.000686115	
0.00116936	0.000856093	0.00314149	0.000161875	0.00121012	-0.000770406	0.00122545	-0.00223716	-9.94117e-05	0.000600793	
0.000381274	-4.92062e-05	0.000161875	0.00173987	0.000380752	-0.000175102	0.00075025	-0.000208309	-0.000849085	-0.000455861	
0.000715716	0.000880623	0.00121012	0.000380752	0.00207171	-0.00061168	-0.000534836	-0.00132974	-0.000297013	-0.00118157	
-0.000802839	-0.000566136	-0.000770406	-0.000175102	-0.00061168	0.00113399	-0.000140153	0.000760196	0.000159434	0.000180023	
0.000997104	-0.00161104	0.00122545	0.00075025	-0.000534836	-0.000140153	0.00732142	-7.33859e-05	-0.000156013	0.00341792	
-0.000878136	-0.000865357	-0.00223716	-0.000208309	-0.00132974	0.000760196	-7.33859e-05	0.00314305	0.000266482	0.000605802	
-0.000169828	3.04591e-05	-9.94117e-05	-0.000849085	-0.000297013	0.000159434	-0.000156013	0.000266482	0.00102186	0.000498061	
0.000236995	-0.000686115	0.000600793	-0.000455861	-0.00118157	0.000180023	0.00341792	0.000605802	0.000498061	0.00433594	
***
>covarianceMatrix:
S
0.00198179	-0.000381595	0.000880524	-0.000793433	0.000228127	-0.000289024	
-0.000381595	0.00161971	-0.000292455	0.000323963	-0.000421977	3.27467e-05	
0.000880524	-0.000292455	0.00181164	-0.000607625	0.000167185	-0.000492209	
-0.000793433	0.000323963	-0.000607625	0.00168321	-8.81086e-05	0.000352014	
0.000228127	-0.000421977	0.000167185	-8.81086e-05	0.00117222	1.27127e-05	
-0.000289024	3.27467e-05	-0.000492209	0.000352014	1.27127e-05	0.00138382	
***
>covarianceMatrix:
T
0.00309349	0.000284526	0.000967662	-0.00231198	-0.000170014	0.000489898	
0.000284526	0.00263259	0.000116	-0.000122802	-0.00153721	-0.000136207	
0.000967662	0.000116	0.00302166	-0.000336812	8.81169e-05	-0.00259565	
-0.00231198	-0.000122802	-0.000336812	0.00319699	5.22939e-05	-1.52442e-05	
-0.000170014	-0.00153721	8.81169e-05	5.22939e-05	0.00159159	-0.00013928	
0.000489898	-0.000136207	-0.00259565	-1.52442e-05	-0.00013928	0.00496342	
***
>covarianceMatrix:
V
0.00563367	0.000179241	0.00210422	-0.00501354	6.2355e-05	-0.00146211	
0.000179241	0.00146056	0.000515407	2.92719e-05	-0.000778109	-0.000411092	
0.00210422	0.000515407	0.00331317	-0.00154598	-0.00024788	-0.00214795	
-0.00501354	2.92719e-05	-0.00154598	0.00714929	3.33561e-05	0.00153363	
6.2355e-05	-0.000778109	-0.00024788	3.33561e-05	0.00112751	0.00038064	
-0.00146211	-0.000411092	-0.00214795	0.00153363	0.00038064	0.0028213	
***
>covarianceMatrix:
Y
0.0109598	-0.00904027	
-0.00904027	0.0122448	
***
>covarianceMatrix:
Z
0.0157814	-0.0170076	
-0.0170076	0.0270955	
***
