>groupList:
A C D E F G H I K L
N P Q R S T V Y Z 
>stdDevSynthesisRate:
0.632716 
>numParam:
40
>numMixtures:
1
>std_stdDevSynthesisRate:
0.248832
>std_phi:
***
0.169 0.371293 0.371293 0.169 0.371293 0.28561 0.371293 0.371293 0.386145 0.297034
0.1352 0.1352 0.371293 0.371293 0.371293 0.28561 1.37858 0.482681 0.627485 0.482681
0.815731 0.371293 0.815731 0.627485 0.482681 0.627485 0.371293 0.169 0.371293 0.815731
0.371293 0.627485 1.06045 1.06045 0.815731 0.371293 0.815731 0.371293 0.371293 0.371293
0.28561 0.371293 0.482681 0.482681 0.371293 0.371293 0.815731 0.371293 0.627485 0.815731
1.37858 0.28561 0.482681 0.482681 1.06045 0.482681 0.482681 0.482681 0.627485 0.482681
0.627485 0.627485 0.627485 0.627485 0.627485 0.627485 0.482681 0.482681 0.815731 0.371293
0.815731 0.815731 0.482681 0.482681 1.37858 0.627485 0.482681 0.815731 0.627485 0.627485
0.371293 0.627485 1.37858 0.371293 0.482681 0.482681 1.06045 1.06045 0.815731 0.627485
1.06045 0.371293 0.482681 0.627485 0.371293 0.627485 0.627485 0.627485 0.627485 0.627485
0.627485 0.815731 0.482681 0.482681 1.37858 0.371293 0.482681 0.815731 0.627485 0.371293
0.627485 0.815731 0.815731 0.815731 1.06045 0.371293 0.482681 1.06045 1.37858 0.371293
0.371293 0.815731 0.371293 0.815731 0.482681 0.482681 1.06045 0.371293 0.627485 1.06045
0.482681 0.627485 0.815731 0.627485 0.482681 0.297034 0.627485 0.482681 0.482681 0.627485
0.815731 0.371293 
>categories:
0 0
>mixtureAssignment:
0 0 0 0 0 0 0 0 0 0 0 0 0 0 0 0 0 0 0 0 0 0 0 0 0 0 0 0 0 0 0 0 0 0 0 0 0 0 0 0 0 0 0 0 0 0 0 0 0 0
0 0 0 0 0 0 0 0 0 0 0 0 0 0 0 0 0 0 0 0 0 0 0 0 0 0 0 0 0 0 0 0 0 0 0 0 0 0 0 0 0 0 0 0 0 0 0 0 0 0
0 0 0 0 0 0 0 0 0 0 0 0 0 0 0 0 0 0 0 0 0 0 0 0 0 0 0 0 0 0 0 0 0 0 0 0 0 0 0 0 0 0 
>numMutationCategories:
1
>numSelectionCategories:
1
>categoryProbabilities:
1 
>selectionIsInMixture:
***
0 
>mutationIsInMixture:
***
0 
>obsPhiSets:
0
>currentSynthesisRateLevel:
***
2.8672 2.33976 2.33776 2.75473 2.31987 2.0947 2.24448 2.12347 1.20157 2.62337
2.52745 3.16616 1.9362 1.68699 1.73803 1.59725 0.632783 1.62667 1.40542 1.53451
0.945809 1.5258 0.487379 0.860288 1.02393 1.02267 1.77962 2.79329 1.84468 0.592674
1.63347 0.517623 0.707165 0.358614 0.523807 2.29091 1.03332 1.77864 1.05786 0.724776
1.42924 1.79896 1.11636 0.739123 1.31337 0.637726 0.735974 0.93736 0.844411 0.7082
0.416383 0.709286 1.005 0.745219 0.160083 0.52272 1.09235 0.954122 0.70817 0.885815
0.507775 0.74615 0.871491 0.617513 0.742278 0.601258 0.845311 1.10728 0.31876 1.37287
0.95094 0.908829 0.798523 0.707213 0.258563 0.508615 0.76326 0.476874 0.475855 0.602451
3.23764 0.555704 0.2908 0.712573 0.810152 0.696935 0.352817 0.527494 0.334423 0.595426
0.377434 1.09083 1.08968 0.885185 1.50053 0.702129 0.712285 0.548549 0.743892 0.789922
1.25847 0.234459 0.981298 2.53505 0.277364 3.04767 0.606744 0.644495 1.02992 0.604107
0.456632 0.568986 0.450523 0.321716 0.345686 1.68581 0.642186 0.208735 0.677324 0.62267
0.709945 0.817387 0.529262 0.376032 0.43835 0.489497 0.280532 0.725378 1.01054 0.797255
0.369525 0.585123 0.432571 0.443372 0.464286 0.843139 0.349103 0.631142 0.640241 0.348264
0.297338 2.18301 
>noiseOffset:
>observedSynthesisNoise:
>std_NoiseOffset:
>mutation_prior_mean:
***
0 0 0 0 0 0 0 0 0 0
0 0 0 0 0 0 0 0 0 0
0 0 0 0 0 0 0 0 0 0
0 0 0 0 0 0 0 0 0 0
>mutation_prior_sd:
***
0.35 0.35 0.35 0.35 0.35 0.35 0.35 0.35 0.35 0.35
0.35 0.35 0.35 0.35 0.35 0.35 0.35 0.35 0.35 0.35
0.35 0.35 0.35 0.35 0.35 0.35 0.35 0.35 0.35 0.35
0.35 0.35 0.35 0.35 0.35 0.35 0.35 0.35 0.35 0.35
>std_csp:
0.064 0.064 0.064 0.627485 0.815731 0.28561 0.482681 0.1 0.1 0.1
0.627485 0.1 0.1 0.28561 0.0512 0.0512 0.0512 0.0512 0.0512 0.28561
0.08 0.08 0.08 0.627485 0.0512 0.0512 0.0512 0.0512 0.0512 0.08
0.08 0.08 0.064 0.064 0.064 0.08 0.08 0.08 0.627485 0.627485
>currentMutationParameter:
***
0.0973307 0.63228 0.0924531 0.249045 0.59728 -0.450348 -0.173485 -0.256534 0.207273 1.10453
0.739756 1.00945 0.28858 -0.519332 0.49345 0.233347 -0.083578 0.225085 0.446841 0.643302
-0.0497574 0.553755 -0.435352 -0.117492 -0.290193 0.678767 -0.602006 0.673769 0.0963411 -0.310996
0.587542 -0.3915 -0.334237 0.737528 -0.0505297 0.623313 0.176065 -0.0901991 0.203681 0.2519
>currentSelectionParameter:
***
0.630497 -0.19093 1.51941 -0.73783 -0.207615 0.393812 -0.720607 -1.24214 0.192345 -0.290482
-0.826986 1.0699 -0.355372 0.928289 1.47839 -0.550368 0.535105 -0.655379 1.70623 -0.698332
-1.88131 0.0701025 0.108633 -0.498969 0.529793 1.49797 1.6169 -0.152694 2.1412 0.550777
-0.313826 0.716648 0.864477 -0.418882 0.983022 0.882897 -0.0477977 0.868043 -0.594197 -0.533692
>covarianceMatrix:
A
0.00275503	0.000787576	0.00178621	-0.00246499	-0.000467701	-0.00148019	
0.000787576	0.00188649	0.00108532	-0.000361077	-0.00120633	-0.000952441	
0.00178621	0.00108532	0.00479648	-0.00120224	-0.000745007	-0.00457381	
-0.00246499	-0.000361077	-0.00120224	0.00359021	0.000315996	0.00179966	
-0.000467701	-0.00120633	-0.000745007	0.000315996	0.00118947	0.000849667	
-0.00148019	-0.000952441	-0.00457381	0.00179966	0.000849667	0.0075756	
***
>covarianceMatrix:
C
0.0134073	-0.0118362	
-0.0118362	0.0172179	
***
>covarianceMatrix:
D
0.00606144	-0.00517786	
-0.00517786	0.00711465	
***
>covarianceMatrix:
E
0.00357223	-0.00223523	
-0.00223523	0.0028048	
***
>covarianceMatrix:
F
0.00716841	-0.00610405	
-0.00610405	0.0100172	
***
>covarianceMatrix:
G
0.0025	0	0	0	0	0	
0	0.0025	0	0	0	0	
0	0	0.0025	0	0	0	
0	0	0	0.0025	0	0	
0	0	0	0	0.0025	0	
0	0	0	0	0	0.0025	
***
>covarianceMatrix:
H
0.0099296	-0.00825805	
-0.00825805	0.0123713	
***
>covarianceMatrix:
I
0.0187349	0.00111952	-0.0233806	-0.000305707	
0.00111952	0.00322274	-0.00155558	-0.00206877	
-0.0233806	-0.00155558	0.0441611	0.000136759	
-0.000305707	-0.00206877	0.000136759	0.00279391	
***
>covarianceMatrix:
K
0.00610055	-0.00519012	
-0.00519012	0.00768507	
***
>covarianceMatrix:
L
0.00327082	8.06871e-05	0.000804359	-0.000190899	0.000845884	-0.00157362	-0.000242228	-0.000575767	-0.000101818	0.000327515	
8.06871e-05	0.0011499	0.000432074	0.000985454	0.000323048	-9.98447e-05	-0.000790567	-0.000306888	-0.000785047	-0.000357599	
0.000804359	0.000432074	0.00183032	0.000256768	0.00152386	0.000445256	-0.000643844	-0.0015648	-0.000645761	-0.000912537	
-0.000190899	0.000985454	0.000256768	0.00152689	0.000460424	-3.07928e-05	-0.00070767	-0.00020654	-0.00111205	-0.000694507	
0.000845884	0.000323048	0.00152386	0.000460424	0.00399801	0.00160143	-0.000859829	-0.00148669	-0.00116096	-0.00333401	
-0.00157362	-9.98447e-05	0.000445256	-3.07928e-05	0.00160143	0.00499922	-0.000205898	-0.000324917	-0.000352496	-0.00125165	
-0.000242228	-0.000790567	-0.000643844	-0.00070767	-0.000859829	-0.000205898	0.00107752	0.000705334	0.00103675	0.000724869	
-0.000575767	-0.000306888	-0.0015648	-0.00020654	-0.00148669	-0.000324917	0.000705334	0.00196871	0.000716268	0.00127157	
-0.000101818	-0.000785047	-0.000645761	-0.00111205	-0.00116096	-0.000352496	0.00103675	0.000716268	0.00143531	0.00113625	
0.000327515	-0.000357599	-0.000912537	-0.000694507	-0.00333401	-0.00125165	0.000724869	0.00127157	0.00113625	0.00490922	
***
>covarianceMatrix:
N
0.00559985	-0.004347	
-0.004347	0.00654889	
***
>covarianceMatrix:
P
0.00420435	0.000303908	0.000385028	-0.00397829	0.000150608	6.78e-05	
0.000303908	0.00475867	0.000879272	-0.00109135	-0.00469279	-0.000362052	
0.000385028	0.000879272	0.00196057	-0.000919249	-0.00081559	-0.00169071	
-0.00397829	-0.00109135	-0.000919249	0.00824186	0.00185167	0.00112671	
0.000150608	-0.00469279	-0.00081559	0.00185167	0.00857492	0.000626462	
6.78e-05	-0.000362052	-0.00169071	0.00112671	0.000626462	0.00403037	
***
>covarianceMatrix:
Q
0.006544	-0.00461573	
-0.00461573	0.0060015	
***
>covarianceMatrix:
R
0.00152618	0.00064374	0.00154213	0.000429635	0.0012825	-0.0010092	0.000555771	-0.00117846	-0.000234501	-0.00109699	
0.00064374	0.003868	0.00191278	0.000520834	0.00173802	-0.000290131	-0.00213033	-0.000768434	-0.000327035	-0.000166252	
0.00154213	0.00191278	0.00508483	0.00043512	0.00291911	-0.000725256	0.000622591	-0.0044005	-0.000257969	-0.00140514	
0.000429635	0.000520834	0.00043512	0.00121598	0.000792719	-0.000255317	0.000241881	0.00012359	-0.000689513	-0.000899523	
0.0012825	0.00173802	0.00291911	0.000792719	0.00442501	-0.000775929	0.000858798	-0.00198018	-0.000664064	-0.00380798	
-0.0010092	-0.000290131	-0.000725256	-0.000255317	-0.000775929	0.00124345	-0.00011184	0.000731453	0.000197943	0.00116707	
0.000555771	-0.00213033	0.000622591	0.000241881	0.000858798	-0.00011184	0.00525381	-0.000544603	-0.000163324	-0.00156045	
-0.00117846	-0.000768434	-0.0044005	0.00012359	-0.00198018	0.000731453	-0.000544603	0.00601722	-4.48211e-05	0.00192853	
-0.000234501	-0.000327035	-0.000257969	-0.000689513	-0.000664064	0.000197943	-0.000163324	-4.48211e-05	0.000637019	0.00102608	
-0.00109699	-0.000166252	-0.00140514	-0.000899523	-0.00380798	0.00116707	-0.00156045	0.00192853	0.00102608	0.0078076	
***
>covarianceMatrix:
S
0.00147089	0.000127461	0.000519801	-0.000410759	4.25193e-05	-0.000330283	
0.000127461	0.00166989	1.43196e-05	-5.10706e-05	-0.000448708	2.42053e-05	
0.000519801	1.43196e-05	0.00187535	-0.00034533	0.000100932	-0.000924437	
-0.000410759	-5.10706e-05	-0.00034533	0.0011947	-2.18843e-05	0.00030224	
4.25193e-05	-0.000448708	0.000100932	-2.18843e-05	0.00114176	-6.99794e-05	
-0.000330283	2.42053e-05	-0.000924437	0.00030224	-6.99794e-05	0.001862	
***
>covarianceMatrix:
T
0.00229479	0.000326436	0.00116529	-0.00210288	-0.000205488	-0.00115709	
0.000326436	0.00229284	0.000208871	-0.000159523	-0.00160865	0.000139198	
0.00116529	0.000208871	0.00311973	-0.00104637	3.80577e-05	-0.00318163	
-0.00210288	-0.000159523	-0.00104637	0.00333051	0.000160791	0.00182339	
-0.000205488	-0.00160865	3.80577e-05	0.000160791	0.00181031	-0.000421209	
-0.00115709	0.000139198	-0.00318163	0.00182339	-0.000421209	0.00535086	
***
>covarianceMatrix:
V
0.00537917	0.000652481	0.000941433	-0.00471872	-0.000435022	-0.000157545	
0.000652481	0.00187501	0.000579509	-0.000135812	-0.00111905	-0.000303255	
0.000941433	0.000579509	0.00297434	-2.93949e-05	-0.000262739	-0.00242641	
-0.00471872	-0.000135812	-2.93949e-05	0.00705898	0.000294537	0.000156115	
-0.000435022	-0.00111905	-0.000262739	0.000294537	0.00112653	0.000241461	
-0.000157545	-0.000303255	-0.00242641	0.000156115	0.000241461	0.00383523	
***
>covarianceMatrix:
Y
0.0091242	-0.00720402	
-0.00720402	0.00983823	
***
>covarianceMatrix:
Z
0.0142691	-0.0149559	
-0.0149559	0.0250006	
***
