>groupList:
A C D E F G H I K L
N P Q R S T V Y Z 
>stdDevSynthesisRate:
0.855409 0.845504 
>numParam:
40
>numMixtures:
2
>std_stdDevSynthesisRate:
0.073728
>std_phi:
***
1.10287 1.06045 1.06045 1.10287 1.06045 1.61275 2.423 2.09657 0.652585 0.501988
0.627485 0.482681 1.37858 2.01594 0.627485 2.72555 0.84836 1.10287 0.627485 1.10287
1.49108 2.32981 1.86385 0.308916 1.9384 2.09657 0.401591 0.297034 0.501988 1.86385
1.49108 1.43373 1.9384 1.86385 0.652585 0.652585 0.371293 2.423 0.371293 0.28561
0.882294 1.37858 0.678688 1.79216 2.51992 1.14698 0.28561 0.371293 2.51992 1.9384
2.01594 1.86385 2.01594 0.371293 1.37858 2.51992 0.678688 0.308916 2.62072 0.882294
1.9384 0.627485 1.43373 1.9384 1.55072 1.55072 0.815731 1.9384 2.32981 0.627485
1.55072 1.43373 2.32981 1.86385 0.371293 1.19286 1.14698 0.678688 1.06045 0.882294
1.61275 0.84836 1.86385 1.86385 0.482681 1.43373 2.01594 1.67726 1.9384 1.9384
1.14698 1.79216 0.522068 1.9384 1.37858 1.86385 1.86385 1.86385 1.43373 1.19286
0.417654 1.49108 2.51992 1.9384 0.371293 0.84836 1.43373 1.86385 1.9384 0.882294
1.06045 1.55072 1.9384 1.9384 1.79216 1.9384 1.9384 0.371293 0.95429 1.86385
1.37858 0.705835 1.9384 1.86385 2.01594 1.55072 2.01594 1.9384 0.882294 1.43373
2.01594 1.19286 1.49108 0.564668 0.84836 1.9384 1.06045 2.18044 1.43373 1.9384
0.882294 0.84836 0.678688 2.423 2.32981 1.86385 1.86385 1.79216 1.86385 2.32981
1.24058 1.61275 2.01594 1.9384 0.815731 1.9384 1.49108 2.01594 1.79216 0.815731
0.678688 1.49108 1.55072 1.10287 1.55072 1.49108 0.482681 1.14698 1.06045 0.882294
1.9384 0.386145 1.19286 0.371293 0.815731 1.49108 0.678688 1.43373 0.627485 2.51992
1.86385 1.10287 1.43373 1.10287 0.84836 1.55072 0.652585 1.9384 0.84836 1.86385
1.86385 0.84836 1.9384 1.43373 0.501988 1.49108 2.01594 1.37858 0.678688 0.386145
1.24058 1.61275 0.84836 2.32981 1.37858 0.815731 0.815731 1.19286 1.06045 2.01594
0.482681 2.32981 1.55072 1.49108 0.627485 0.386145 2.01594 1.61275 1.55072 1.49108
2.01594 1.9384 1.55072 0.84836 1.19286 1.9384 1.86385 1.79216 1.37858 0.84836
1.9384 1.06045 1.9384 1.43373 1.43373 0.501988 0.501988 1.49108 1.24058 1.9384
0.84836 1.49108 1.43373 1.06045 0.917586 1.9384 0.371293 1.9384 2.32981 1.86385
2.01594 1.43373 0.678688 1.37858 2.51992 1.19286 1.2902 1.86385 2.423 0.84836
1.9384 1.06045 1.14698 1.37858 2.09657 0.815731 1.61275 1.55072 1.19286 1.49108
2.09657 0.84836 1.14698 1.49108 1.06045 1.10287 2.01594 1.06045 1.86385 0.371293
2.01594 1.37858 1.37858 2.01594 1.06045 1.14698 1.43373 1.24058 2.01594 1.10287
1.86385 1.19286 0.882294 0.815731 0.917586 1.49108 1.49108 1.49108 1.9384 1.10287
1.9384 0.815731 1.37858 0.705835 1.86385 0.815731 1.06045 0.652585 0.882294 1.86385
1.9384 1.86385 1.55072 2.51992 1.79216 1.9384 1.14698 1.14698 0.652585 1.61275
1.49108 1.43373 0.815731 1.43373 1.14698 1.37858 0.627485 1.10287 1.86385 1.55072
0.652585 1.9384 3.02875 1.06045 1.19286 1.10287 1.79216 1.37858 0.627485 1.67726
1.61275 1.55072 0.84836 1.49108 1.19286 1.55072 1.86385 2.423 1.19286 1.43373
1.86385 1.10287 1.49108 1.55072 1.61275 2.32981 1.61275 0.84836 1.37858 0.501988
1.86385 1.55072 1.49108 1.55072 1.24058 1.49108 2.09657 1.19286 1.9384 1.49108
1.86385 1.43373 1.55072 2.01594 0.501988 0.627485 1.10287 1.55072 0.815731 1.49108
1.14698 1.49108 1.06045 0.815731 1.9384 1.49108 1.49108 1.9384 1.9384 2.01594
0.652585 0.84836 1.14698 1.10287 1.37858 1.9384 2.01594 1.9384 1.14698 0.84836
1.9384 1.61275 2.01594 1.61275 1.55072 0.815731 1.14698 1.10287 0.522068 1.43373
1.86385 1.55072 2.09657 1.10287 1.14698 0.882294 1.14698 1.49108 0.84836 2.01594
0.815731 1.86385 1.10287 1.43373 1.61275 1.19286 1.06045 1.49108 1.24058 0.882294
1.19286 2.423 1.06045 1.9384 1.79216 0.678688 2.32981 2.423 1.49108 1.19286
1.86385 1.49108 1.24058 1.55072 1.06045 1.9384 1.86385 2.01594 1.14698 0.815731
1.19286 0.882294 0.501988 1.10287 1.19286 1.06045 0.652585 1.79216 1.9384 0.627485
2.32981 1.43373 1.79216 0.84836 1.14698 1.06045 1.06045 2.51992 2.01594 0.627485
1.06045 1.55072 1.86385 1.86385 1.9384 0.815731 1.14698 0.84836 0.917586 1.55072
0.678688 1.61275 0.652585 1.55072 1.9384 0.84836 1.86385 1.86385 1.19286 2.01594
1.86385 1.61275 1.9384 0.652585 1.49108 2.51992 1.49108 1.14698 1.79216 0.815731
1.10287 2.62072 1.49108 1.49108 1.10287 0.882294 1.06045 0.917586 2.32981 0.482681
2.423 1.55072 1.86385 1.43373 1.37858 1.55072 1.9384 0.401591 0.917586 1.49108
1.37858 0.482681 0.522068 1.49108 2.01594 1.9384 0.386145 1.43373 1.9384 1.49108
2.01594 1.86385 1.67726 0.297034 1.9384 1.43373 1.43373 0.678688 2.01594 0.627485
0.627485 1.37858 1.9384 1.9384 1.19286 1.49108 1.67726 1.86385 0.917586 2.32981
1.55072 0.652585 0.627485 1.86385 3.1499 1.86385 1.86385 1.49108 1.86385 1.9384
1.9384 0.28561 1.43373 2.32981 2.01594 0.882294 1.49108 2.423 2.01594 1.55072
1.9384 1.19286 1.9384 1.06045 1.43373 1.55072 1.86385 1.61275 1.9384 2.01594
0.627485 2.01594 1.49108 2.01594 1.49108 1.79216 0.627485 0.652585 1.37858 1.06045
0.652585 2.01594 0.84836 1.49108 0.482681 1.19286 0.678688 1.86385 1.19286 1.19286
1.49108 2.09657 1.49108 1.37858 1.10287 1.43373 1.43373 1.14698 1.49108 0.882294
1.86385 1.86385 0.84836 1.9384 1.24058 2.09657 0.627485 0.501988 0.627485 0.482681
2.09657 0.627485 3.1499 0.815731 1.10287 0.652585 2.09657 0.308916 1.9384 0.401591
0.308916 0.386145 1.86385 0.678688 0.371293 0.28561 1.37858 1.79216 2.51992 0.371293
0.371293 0.652585 0.321272 2.62072 0.882294 1.43373 0.627485 1.86385 1.61275 0.678688
2.01594 0.522068 0.371293 1.14698 0.652585 1.06045 0.882294 0.401591 1.43373 1.86385
1.9384 1.14698 1.06045 1.9384 0.297034 0.882294 0.882294 1.79216 0.815731 2.423
0.652585 0.815731 0.652585 0.84836 2.423 1.37858 0.815731 1.14698 0.482681 1.55072
1.37858 1.86385 0.522068 0.84836 0.371293 1.43373 2.423 1.43373 1.55072 1.10287
1.86385 0.815731 0.815731 1.9384 2.32981 0.482681 0.627485 1.14698 0.652585 1.06045
1.10287 1.06045 1.79216 0.84836 0.401591 1.10287 0.678688 1.55072 0.652585 0.28561
1.9384 0.652585 0.482681 0.882294 0.501988 2.01594 1.06045 1.06045 1.06045 0.882294
0.522068 1.37858 2.01594 1.37858 2.32981 1.86385 1.9384 2.423 1.24058 1.06045
0.501988 1.49108 1.10287 1.06045 1.43373 0.482681 0.84836 0.501988 1.37858 1.86385
0.652585 1.37858 1.19286 1.43373 0.678688 1.06045 2.51992 0.678688 0.882294 0.84836
1.19286 1.49108 0.84836 0.371293 0.84836 0.482681 1.06045 0.815731 1.43373 1.43373
0.815731 0.627485 1.06045 0.882294 0.501988 0.917586 0.882294 0.17576 2.51992 0.54295
1.61275 1.37858 0.652585 0.815731 1.10287 0.627485 1.37858 1.79216 0.371293 1.55072
0.501988 0.84836 0.815731 0.627485 2.423 2.51992 0.84836 0.882294 1.14698 0.678688
1.19286 0.652585 1.06045 1.06045 1.06045 1.06045 0.371293 0.386145 0.652585 0.501988
0.371293 0.522068 0.815731 1.06045 0.815731 0.28561 1.06045 0.678688 1.79216 0.678688
0.627485 1.14698 0.371293 0.652585 1.06045 0.84836 2.09657 0.882294 0.522068 2.01594
0.652585 0.482681 0.501988 0.652585 0.627485 0.627485 0.652585 0.501988 1.79216 0.917586
0.482681 0.84836 
***
1.14698 1.14698 1.10287 1.19286 1.10287 1.79216 1.9384 1.86385 0.627485 0.652585
0.627485 0.522068 1.43373 1.9384 0.678688 2.423 0.882294 1.10287 0.627485 1.37858
1.79216 1.55072 1.86385 0.386145 1.79216 1.86385 0.401591 0.28561 0.482681 1.19286
1.49108 1.37858 2.01594 1.79216 0.652585 0.678688 0.371293 1.86385 0.386145 0.28561
0.815731 1.37858 0.678688 1.79216 2.32981 1.06045 0.297034 0.371293 1.86385 1.86385
1.86385 1.86385 1.86385 0.371293 1.43373 1.86385 0.652585 0.308916 2.423 1.06045
1.37858 0.627485 1.49108 1.79216 1.49108 1.49108 0.678688 1.86385 1.9384 0.627485
1.37858 1.79216 1.9384 1.9384 0.386145 1.43373 1.14698 0.84836 1.06045 0.917586
1.79216 0.917586 1.79216 1.61275 0.482681 1.10287 1.55072 1.61275 1.86385 1.79216
1.49108 1.43373 0.627485 1.86385 1.37858 1.86385 1.55072 1.86385 1.49108 1.24058
0.43436 1.43373 2.423 1.49108 0.371293 0.882294 1.79216 1.9384 1.86385 1.06045
1.10287 1.79216 1.9384 2.09657 1.55072 1.79216 1.43373 0.308916 1.06045 1.49108
1.43373 0.84836 1.86385 1.79216 1.9384 1.55072 1.86385 1.86385 1.10287 1.49108
1.86385 1.19286 1.43373 0.652585 1.06045 1.86385 1.14698 1.9384 1.19286 1.9384
1.06045 1.14698 0.734069 1.86385 1.86385 1.79216 1.86385 1.43373 1.79216 1.61275
1.10287 1.79216 1.86385 1.86385 0.84836 1.79216 1.37858 1.86385 1.49108 1.06045
0.678688 1.79216 1.49108 1.10287 1.43373 1.14698 0.522068 1.14698 1.14698 1.10287
1.79216 0.386145 1.37858 0.308916 0.815731 1.49108 0.84836 1.43373 0.627485 1.86385
1.49108 1.19286 1.43373 1.37858 0.882294 1.79216 0.652585 1.79216 0.815731 1.49108
1.49108 0.84836 1.9384 1.55072 0.482681 1.86385 2.09657 1.43373 0.705835 0.401591
1.43373 1.79216 0.917586 1.9384 1.37858 0.882294 0.815731 1.14698 1.06045 1.79216
0.482681 1.9384 1.43373 1.49108 0.522068 0.386145 2.01594 1.43373 1.43373 1.55072
1.86385 1.86385 1.49108 1.10287 1.19286 1.43373 2.09657 1.79216 1.43373 1.14698
1.49108 1.14698 1.9384 1.14698 1.79216 0.501988 0.652585 1.43373 1.49108 1.86385
0.84836 1.24058 1.43373 1.14698 0.882294 1.9384 0.371293 1.86385 1.86385 1.86385
1.79216 1.79216 0.882294 1.43373 2.32981 1.14698 1.37858 1.49108 1.9384 0.882294
1.9384 0.882294 1.19286 1.37858 1.86385 0.84836 1.49108 1.19286 1.43373 1.55072
1.86385 0.882294 1.43373 1.37858 0.917586 1.14698 1.79216 1.06045 1.86385 0.401591
1.86385 1.37858 1.10287 1.86385 1.19286 1.49108 1.55072 1.49108 1.49108 1.14698
1.55072 1.14698 0.84836 0.882294 1.14698 1.55072 1.43373 1.43373 1.86385 1.14698
1.43373 0.815731 1.14698 0.815731 1.79216 0.882294 1.10287 0.652585 1.14698 1.86385
1.79216 1.9384 1.55072 1.86385 1.43373 1.86385 1.43373 1.14698 0.815731 1.49108
1.79216 1.55072 0.815731 1.49108 1.14698 1.14698 0.652585 1.19286 1.86385 1.43373
0.815731 1.86385 2.423 1.19286 1.49108 1.06045 1.49108 1.55072 0.522068 1.79216
1.43373 1.61275 0.917586 1.49108 1.43373 1.55072 1.55072 1.9384 1.2902 1.49108
1.86385 1.43373 1.43373 1.79216 1.49108 1.79216 1.55072 0.84836 1.49108 0.501988
1.9384 1.86385 1.9384 1.49108 1.49108 1.43373 1.86385 1.19286 1.79216 1.43373
1.43373 1.37858 1.43373 1.86385 0.522068 0.627485 1.06045 1.43373 0.84836 1.79216
1.43373 1.49108 1.10287 0.815731 1.79216 1.61275 1.43373 1.79216 1.86385 1.86385
0.84836 0.917586 1.06045 1.14698 1.14698 1.86385 1.79216 1.79216 1.37858 0.815731
1.61275 1.43373 1.79216 1.43373 1.43373 1.10287 1.37858 1.14698 0.522068 1.55072
1.49108 1.49108 1.9384 1.10287 1.14698 0.917586 1.10287 1.49108 1.10287 1.86385
0.815731 1.49108 1.43373 1.43373 1.43373 1.19286 1.10287 1.43373 1.14698 0.84836
1.37858 2.32981 1.14698 1.43373 1.49108 0.678688 2.01594 1.9384 1.43373 1.43373
1.49108 1.55072 1.55072 1.55072 0.917586 1.79216 1.79216 1.86385 1.14698 0.84836
1.43373 0.84836 0.54295 1.14698 1.37858 1.14698 0.882294 1.43373 1.86385 0.652585
1.86385 1.37858 1.55072 0.882294 1.37858 1.10287 1.06045 2.32981 1.9384 0.627485
1.06045 1.55072 1.9384 1.55072 1.86385 0.84836 1.19286 0.882294 1.10287 1.43373
0.705835 1.43373 0.678688 1.49108 1.79216 0.882294 1.86385 1.9384 1.43373 1.86385
1.9384 1.55072 1.86385 0.815731 1.49108 1.86385 1.49108 1.10287 1.43373 0.815731
1.06045 1.86385 1.49108 1.49108 1.19286 0.84836 1.06045 1.14698 1.9384 0.482681
1.86385 1.55072 1.9384 1.43373 1.43373 1.55072 1.79216 0.401591 1.14698 1.43373
1.37858 0.501988 0.54295 1.55072 1.86385 1.86385 0.386145 1.37858 1.79216 1.49108
1.9384 1.79216 1.24058 0.321272 1.49108 1.43373 1.55072 0.815731 1.86385 0.678688
0.627485 1.19286 1.79216 1.86385 1.14698 1.86385 1.9384 2.01594 1.10287 2.51992
1.43373 0.705835 0.678688 1.86385 2.423 1.86385 1.86385 1.43373 1.55072 1.86385
1.79216 0.28561 1.86385 1.86385 1.86385 0.815731 1.55072 1.86385 1.86385 1.49108
1.79216 1.43373 1.79216 1.10287 1.49108 1.43373 1.49108 1.49108 1.79216 1.9384
0.652585 1.9384 1.49108 1.9384 1.55072 1.79216 0.522068 0.652585 1.43373 1.06045
0.882294 1.86385 0.882294 1.49108 0.482681 1.37858 0.815731 1.86385 1.14698 1.37858
1.79216 1.9384 1.43373 1.43373 1.06045 1.49108 1.43373 1.49108 1.43373 0.84836
1.79216 1.9384 0.917586 2.09657 1.37858 1.86385 0.627485 0.522068 0.627485 0.54295
2.01594 0.678688 2.72555 0.917586 1.10287 0.652585 1.9384 0.401591 1.9384 0.417654
0.297034 0.501988 1.49108 0.705835 0.371293 0.237628 1.49108 2.01594 2.51992 0.371293
0.371293 0.84836 0.321272 2.423 0.917586 1.43373 0.627485 1.9384 1.9384 0.678688
1.9384 0.652585 0.371293 1.19286 0.678688 1.06045 0.882294 0.482681 1.37858 1.9384
1.9384 1.2902 1.10287 2.01594 0.308916 1.19286 1.14698 1.55072 0.815731 1.9384
0.705835 0.815731 0.678688 0.815731 1.9384 1.43373 0.882294 1.10287 0.501988 1.43373
1.49108 2.09657 0.501988 0.917586 0.371293 1.43373 2.18044 1.49108 1.74435 0.882294
1.61275 0.84836 0.917586 1.9384 2.01594 0.522068 0.627485 1.06045 0.678688 1.14698
1.19286 0.882294 1.9384 1.14698 0.386145 1.10287 0.678688 1.61275 0.705835 0.28561
1.86385 0.705835 0.482681 0.917586 0.652585 1.9384 1.14698 0.84836 1.06045 1.14698
0.522068 1.61275 1.61275 1.14698 1.86385 1.9384 1.9384 1.86385 1.61275 1.19286
0.627485 1.37858 1.14698 1.10287 1.43373 0.501988 0.84836 0.627485 1.49108 1.86385
0.678688 1.55072 1.43373 1.49108 0.84836 0.917586 2.01594 0.815731 1.19286 0.84836
1.49108 1.61275 0.84836 0.401591 0.95429 0.501988 1.10287 0.84836 1.43373 1.10287
0.815731 0.705835 1.24058 0.992461 0.678688 1.03216 1.10287 0.169 1.49108 0.652585
1.61275 1.55072 0.627485 0.95429 0.95429 0.815731 1.61275 1.86385 0.401591 1.55072
0.522068 0.917586 0.815731 0.678688 1.9384 1.9384 0.917586 0.917586 1.55072 0.882294
1.19286 0.652585 1.10287 1.06045 0.917586 1.06045 0.371293 0.401591 0.652585 0.522068
0.321272 0.522068 0.84836 1.24058 0.882294 0.297034 0.882294 0.678688 1.49108 0.678688
0.627485 1.24058 0.386145 0.678688 1.24058 0.84836 2.423 0.882294 0.627485 2.01594
0.652585 0.501988 0.54295 0.678688 0.627485 0.652585 0.95429 0.652585 1.86385 0.95429
0.522068 0.84836 
>categories:
0 0
1 1
>mixtureAssignment:
0 0 0 0 0 0 0 0 0 0 0 0 0 0 0 0 0 0 0 0 0 0 0 0 0 0 0 0 0 0 0 0 0 0 0 0 0 0 0 0 0 0 0 0 0 0 0 0 0 0
0 0 0 0 0 0 0 0 0 0 0 0 0 0 0 0 0 0 0 0 0 0 0 0 0 0 0 0 0 0 0 0 0 0 0 0 0 0 0 0 0 0 0 0 0 0 0 0 0 0
0 0 0 0 0 0 0 0 0 0 0 0 0 0 0 0 0 0 0 0 0 0 0 0 0 0 0 0 0 0 0 0 0 0 0 0 0 0 0 0 0 0 0 0 0 0 0 0 0 0
0 0 0 0 0 0 0 0 0 0 0 0 0 0 0 0 0 0 0 0 0 0 0 0 0 0 0 0 0 0 0 0 0 0 0 0 0 0 0 0 0 0 0 0 0 0 0 0 0 0
0 0 0 0 0 0 0 0 0 0 0 0 0 0 0 0 0 0 0 0 0 0 0 0 0 0 0 0 0 0 0 0 0 0 0 0 0 0 0 0 0 0 0 0 0 0 0 0 0 0
0 0 0 0 0 0 0 0 0 0 0 0 0 0 0 0 0 0 0 0 0 0 0 0 0 0 0 0 0 0 0 0 0 0 0 0 0 0 0 0 0 0 0 0 0 0 0 0 0 0
0 0 0 0 0 0 0 0 0 0 0 0 0 0 0 0 0 0 0 0 0 0 0 0 0 0 0 0 0 0 0 0 0 0 0 0 0 0 0 0 0 0 0 0 0 0 0 0 0 0
0 0 0 0 0 0 0 0 0 0 0 0 0 0 0 0 0 0 0 0 0 0 0 0 0 0 0 0 0 0 0 0 0 0 0 0 0 0 0 0 0 0 0 0 0 0 0 0 0 0
0 0 0 0 0 0 0 0 0 0 0 0 0 0 0 0 0 0 0 0 0 0 0 0 0 0 0 0 0 0 0 0 0 0 0 0 0 0 0 0 0 0 0 0 0 0 0 0 0 0
0 0 0 0 0 0 0 0 0 0 0 0 0 0 0 0 0 0 0 0 0 0 0 0 0 0 0 0 0 0 0 0 0 0 0 0 0 0 0 0 0 0 0 0 0 0 0 0 0 0
0 0 0 0 0 0 0 0 0 0 0 0 0 0 0 0 0 0 0 0 0 0 0 0 0 0 0 0 0 0 0 0 0 0 0 0 0 0 0 0 0 0 0 0 0 0 0 0 0 0
0 0 0 0 0 0 0 0 0 0 0 0 0 0 0 0 0 0 0 0 0 0 0 0 0 0 0 0 0 0 0 0 0 0 0 0 0 0 0 0 0 0 0 0 0 0 0 0 0 0
0 0 0 0 0 0 0 0 0 0 0 0 0 0 0 0 1 1 1 1 1 1 1 1 1 1 1 1 1 1 1 1 1 1 1 1 1 1 1 1 1 1 1 1 1 1 1 1 1 1
1 1 1 1 1 1 1 1 1 1 1 1 1 1 1 1 1 1 1 1 1 1 1 1 1 1 1 1 1 1 1 1 1 1 1 1 1 1 1 1 1 1 1 1 1 1 1 1 1 1
1 1 1 1 1 1 1 1 1 1 1 1 1 1 1 1 1 1 1 1 1 1 1 1 1 1 1 1 1 1 1 1 1 1 1 1 1 1 1 1 1 1 1 1 1 1 1 1 1 1
1 1 1 1 1 1 1 1 1 1 1 1 1 1 1 1 1 1 1 1 1 1 1 1 1 1 1 1 1 1 1 1 1 1 1 1 1 1 1 1 1 1 1 1 1 1 1 1 1 1
1 1 1 1 1 1 1 1 1 1 1 1 1 1 1 1 1 1 1 1 1 1 1 1 1 1 1 1 1 1 1 1 
>numMutationCategories:
2
>numSelectionCategories:
2
>categoryProbabilities:
0.536747 0.463253 
>selectionIsInMixture:
***
0 
***
1 
>mutationIsInMixture:
***
0 
***
1 
>obsPhiSets:
0
>currentSynthesisRateLevel:
***
0.762474 0.803529 1.39567 2.08538 1.02006 0.690539 0.27465 0.199421 2.45162 2.23065
2.36157 1.11062 1.38688 0.469466 2.04344 0.427507 1.39777 1.94424 1.68973 3.45276
1.39586 0.739058 1.26971 4.46538 0.564429 0.807764 2.35255 6.65429 3.13209 0.930687
0.436534 0.670775 0.863208 0.377596 1.82873 1.06509 3.31638 1.6242 3.52693 3.27182
2.01125 0.254495 1.02425 1.1837 0.470557 1.50738 3.38881 3.84302 0.205937 0.313423
0.140157 1.86906 0.394851 2.29131 2.49446 0.907655 1.5748 4.34831 0.559675 0.670241
1.48757 3.58507 1.23613 0.8769 0.654471 0.474615 2.24578 0.490554 0.526251 2.01029
0.942975 0.616035 0.243398 0.22088 1.88638 0.652836 0.478707 1.58725 1.03312 1.00185
0.155698 1.57638 0.620162 0.215643 3.75488 2.10934 0.528242 0.155804 0.0857533 0.0857191
0.546076 0.39014 1.54511 0.456163 0.963231 1.17171 0.382615 0.156461 0.38407 0.77639
1.29025 0.573104 0.219924 0.574699 3.0237 1.18993 0.516101 0.325005 0.583578 0.885417
2.77358 0.276537 0.301774 0.315174 1.36625 0.319768 0.0636608 4.827 0.863598 0.216121
0.656067 1.30528 0.177057 0.13981 0.466544 0.680068 0.224429 0.189157 1.24064 1.68943
0.203039 0.524802 0.475865 1.44139 0.803817 0.262749 0.769168 0.389927 2.21891 0.767613
0.713804 1.16626 1.50371 0.901844 0.182966 0.235807 1.42059 1.02788 0.24871 0.181825
0.624192 0.332717 0.211264 0.428572 3.22807 1.34191 0.589233 0.222691 0.366408 1.00713
1.10641 0.457783 0.570961 1.06116 0.522727 0.673318 2.66256 0.7611 0.996601 0.948953
0.313489 2.42231 1.07757 4.54412 3.03011 0.674891 1.47635 0.53244 1.92103 0.322988
0.757023 0.543218 0.582199 0.302177 1.30715 0.717616 0.982933 0.478862 2.63676 0.311201
0.436477 1.73982 0.139688 0.510049 2.78534 0.231957 0.421104 0.609787 1.53162 3.30493
0.511679 0.232435 1.3113 0.457244 1.41403 0.830013 1.18228 0.784374 1.79571 0.300068
3.14232 0.521738 0.347512 0.324096 1.97326 2.15748 0.482445 0.908636 0.464704 0.359259
0.253436 0.175205 0.751041 1.30939 0.394357 0.691781 0.421716 0.197284 0.765399 0.949218
0.433039 1.04451 0.279733 1.82409 0.285032 2.43371 1.46597 0.675387 0.617553 0.435018
1.29219 0.311508 1.37618 1.21196 0.910938 0.183983 3.47947 0.137446 0.272044 0.208439
0.257805 0.283858 0.793195 1.0318 0.527295 0.601338 0.694343 0.394629 0.240844 0.605502
0.663898 2.52563 0.494405 0.30482 0.194874 1.34674 0.545409 0.728355 0.621645 0.643722
0.645023 1.32549 0.575617 0.818582 1.31117 0.62777 0.115788 0.972484 0.18959 1.65193
0.323577 0.740723 1.44534 0.143532 0.74664 0.497856 0.310802 0.338667 1.11247 0.757083
0.496922 0.639644 1.10944 1.47182 1.12527 0.509345 0.249983 0.642936 0.135172 0.598792
0.384699 1.70678 1.5956 1.29376 0.348791 0.547685 0.649721 1.50238 0.640645 0.966281
0.376879 0.206311 0.430373 3.66435 1.82256 0.22746 0.930312 0.769496 2.2688 0.125866
0.325258 0.617415 2.92779 0.619266 0.342574 1.1858 1.68692 0.932096 0.470308 0.657702
1.47795 0.864814 1.03723 0.681592 0.514047 1.86761 0.250343 0.587116 1.73664 0.409038
0.344236 0.268838 0.567372 0.478037 0.476905 0.282496 0.930229 0.550851 0.430592 0.302776
0.136071 0.942989 0.648709 0.41742 0.450131 0.738564 0.661339 1.13582 0.331538 3.77304
0.155966 0.177735 0.186508 0.267275 1.00264 0.641057 0.70095 0.887128 0.468 0.276129
1.6085 2.18622 0.298863 0.196726 2.43128 2.11505 1.97469 0.197998 1.26874 0.154545
0.658266 0.778065 0.553123 1.31627 0.610438 0.396475 0.751788 0.130644 0.643993 0.0706557
1.35802 1.38589 0.597736 0.850282 0.658174 0.756708 0.183553 0.342475 0.500151 1.94757
0.393244 0.287387 0.38348 0.253831 0.311317 0.894257 0.54442 0.645925 1.97048 0.444166
0.519118 0.380409 0.426961 0.97769 0.518079 0.634951 1.67841 0.718085 0.780899 0.243371
1.30703 0.951832 0.337125 0.565723 0.318224 0.861318 1.12545 0.629767 0.46257 2.45408
0.44579 1.06027 0.988703 1.02543 1.224 0.973423 0.549903 0.653367 1.1536 0.41679
0.572145 0.272915 0.445531 0.594112 1.47625 0.343936 0.438463 0.195298 1.03079 1.31976
0.696028 0.772851 1.63896 0.496524 1.25693 0.674123 1.20504 0.275459 0.361717 1.78804
0.491427 1.00192 0.424374 1.41214 0.454285 0.908934 1.04487 0.467271 0.119617 2.01776
1.34997 0.375707 0.358006 0.234278 0.263556 1.08912 0.78751 2.52034 1.09626 0.289797
0.987842 0.353879 1.44572 0.636959 0.490077 1.12607 0.205125 0.106561 0.283338 0.127031
0.215847 0.559582 0.169949 1.55969 0.596779 0.241843 0.686322 1.01074 0.862911 1.01646
1.23616 0.454856 1.32472 0.469264 0.766539 1.22087 0.993046 0.808646 0.108509 2.80396
0.427827 0.191226 0.489589 0.506828 0.784056 0.4417 0.238258 3.75245 0.535796 0.409396
0.824332 1.97244 2.35942 0.324366 0.463238 0.162302 2.33689 1.2548 0.516621 0.625413
0.348114 0.244744 0.550282 2.8956 1.05187 0.361604 1.13467 1.23758 0.299005 1.46578
2.06546 0.638092 0.393942 0.639371 0.807319 0.516019 0.480148 0.417708 1.17728 0.600314
0.407953 1.17994 1.13753 0.102456 1.01341 0.211507 0.532102 0.232949 0.367133 0.163393
0.275802 2.13151 0.529882 0.250869 0.349723 2.53525 0.278566 1.77768 0.187351 0.276015
0.615458 0.48003 0.210794 0.800747 0.594298 0.331432 0.147136 0.449911 0.344266 0.57279
1.76688 0.113019 0.225464 0.100149 0.335546 0.173115 0.985436 2.13617 0.248625 0.760162
1.64397 0.102775 0.549578 0.346583 2.67628 0.687094 1.33355 0.488653 0.226915 0.817808
0.659899 0.163018 0.333512 1.62419 0.810094 0.660756 0.690041 0.439452 0.559937 2.7138
0.441082 0.531808 1.24103 0.204694 0.745678 0.430701 2.10411 3.04082 2.21919 1.15596
0.166471 1.73612 0.946489 1.30321 1.07984 2.46395 0.672122 3.86574 0.969359 2.77467
5.38896 3.03958 0.578609 1.06037 3.05516 3.52274 0.710232 0.737419 0.984179 3.52443
2.79301 1.60671 4.42451 0.269543 1.3014 1.73057 2.96054 0.336635 0.372567 1.50104
0.572471 1.99174 2.15936 0.616085 1.36902 1.5027 1.00174 3.08951 0.956413 1.17155
0.418634 0.55657 2.32012 0.241875 5.69043 0.71691 0.845966 1.08041 1.79228 1.07478
0.93098 3.22587 1.07014 2.50291 0.211209 0.597356 1.02422 1.84828 3.3474 0.579349
1.28293 0.427255 2.56251 0.676623 3.61215 0.741331 0.659604 0.809682 0.294877 1.37611
0.322094 1.18011 1.00889 0.705625 0.351534 3.92382 1.85293 2.76235 1.13651 1.60627
0.673076 1.46734 1.38748 1.17884 4.08317 1.12572 1.39166 0.215837 1.07392 1.91193
0.3862 1.71795 2.83468 1.22115 1.22186 0.332248 1.08955 1.72349 1.8385 0.649399
2.111 0.621497 0.759019 1.99581 0.860459 0.662824 0.373601 0.518708 0.358477 0.752114
1.5519 1.52376 1.2414 0.871303 1.25569 4.09705 2.29799 2.05365 1.13057 0.196268
1.23667 0.638751 0.213046 0.936597 1.11906 1.1471 1.75589 1.48015 0.95276 1.7559
0.460918 1.44254 1.78124 2.04473 0.786488 2.21144 0.783348 1.07884 2.13485 1.29907
1.83867 1.30978 0.80153 0.969816 2.3088 0.54649 1.59861 2.96024 1.68952 1.00005
0.631862 0.566003 3.83472 1.21281 1.14548 1.39925 0.384438 1.37419 2.62943 0.483801
1.45706 0.832238 1.8303 1.40836 0.230147 0.31992 0.904099 0.908278 0.673393 0.763137
0.721417 2.14554 0.779808 1.95224 1.2245 1.31088 2.67721 2.66426 2.48324 2.74611
2.75531 2.30588 2.11601 0.57182 1.03121 2.22779 2.36746 2.40237 1.78698 3.64351
1.43321 0.499016 2.56103 1.20914 0.427653 1.12815 0.188431 1.87095 1.17951 0.345976
2.83537 1.99098 1.24186 1.65315 1.92833 1.73471 0.486423 1.69268 1.09753 0.574782
1.10704 2.61374 
***
0.19838 0.37146 0.540441 1.08387 0.16494 0.109416 0.207638 0.0783623 1.1163 1.19388
0.968584 0.603534 0.737636 0.21315 0.79942 0.432194 0.654092 0.966668 1.06789 0.637553
0.293664 0.242836 0.37979 1.82477 0.26924 0.322558 1.17704 2.81386 1.11436 0.44687
0.160553 0.325685 0.202974 0.171758 0.64709 0.487092 1.54794 0.487038 1.44464 1.4557
0.803545 0.136183 0.726139 0.27943 0.331144 0.830623 1.72563 1.58862 0.165046 0.320376
0.0940782 0.366039 0.0715628 1.51187 1.01003 0.490497 0.961603 1.79357 0.114202 0.525501
1.27529 1.46157 0.232934 0.414401 0.143324 0.11194 0.819535 0.278705 0.126326 0.634201
0.500314 0.226116 0.247312 0.108054 0.89917 0.306041 0.250036 0.962858 0.548312 0.468207
0.149708 0.616375 0.768059 0.252015 1.44306 1.00252 0.455745 0.144505 0.0919608 0.126746
0.210202 0.122363 0.852482 0.224739 0.47227 0.714565 0.155589 0.0878102 0.343787 0.377955
0.587213 0.715381 0.277128 0.185862 1.5532 0.520555 0.231393 0.191867 0.307331 0.386068
0.831173 0.0897258 0.160569 0.23686 0.815591 0.277126 0.0961267 2.35598 0.371248 0.218193
0.182933 0.63479 0.0871701 0.178655 0.608799 0.268251 0.17293 0.126467 0.304741 0.827222
0.249088 0.164172 0.602134 0.708357 0.43547 0.261602 0.496297 0.154469 0.675737 0.18466
0.556504 0.444485 0.833188 0.186646 0.155287 0.163434 0.765767 0.58522 0.133842 0.3066
0.254195 0.12485 0.165429 0.190378 0.982529 0.6537 0.422673 0.156529 0.249303 0.291627
0.513245 0.277173 0.0987642 0.793402 0.159501 0.315128 1.15393 0.264864 0.588962 0.41373
0.170747 1.00661 0.290713 2.40156 1.25342 0.318041 0.44231 0.209308 0.769847 0.13991
0.301246 0.226669 0.371889 0.323388 0.531663 0.164917 0.513365 0.115042 1.31729 0.162369
0.193247 0.73696 0.0995305 0.218448 1.81642 0.313219 0.259223 0.268482 0.897054 1.37391
0.16653 0.0811109 0.31572 0.371923 1.46111 0.34115 0.571883 0.363116 0.900719 0.0410291
1.29406 0.189544 0.385199 0.186994 0.818637 1.02467 0.128057 0.320611 0.761121 0.222334
0.211292 0.0764864 0.221509 0.429905 0.315021 0.264418 0.241387 0.163225 0.524823 0.377871
0.249702 0.419846 0.0881495 0.480453 0.424856 1.30685 0.731507 0.313508 0.39253 0.193162
0.48351 0.258754 0.89348 0.609979 0.56296 0.140822 1.69135 0.0811019 0.428569 0.0582434
0.142601 0.207378 0.388345 0.442533 0.454006 0.147617 0.184555 0.142377 0.196058 0.570415
0.630701 0.683712 0.415904 0.233405 0.125745 0.661072 0.136671 0.231202 0.266123 0.312371
0.253963 0.816182 0.423884 0.231551 0.978034 0.416479 0.0771544 0.340721 0.152116 0.748313
0.108852 0.414233 0.695647 0.15415 0.369003 0.291912 0.343988 0.0446306 0.743882 0.294871
0.134434 0.190033 0.577466 0.389255 0.446263 0.508936 0.18795 0.252345 0.148057 0.372463
0.165027 1.14023 0.648634 0.536006 0.145231 0.464147 0.366258 0.79455 0.597481 0.682781
0.249978 0.180264 0.279444 1.11567 0.398445 0.171989 0.312809 0.595917 0.825812 0.273631
0.208199 0.140479 2.21803 0.239699 0.375195 1.12434 0.67736 0.348873 0.7883 0.332212
0.712681 0.184468 1.0137 0.365619 0.368842 0.660907 0.115685 0.139292 0.911971 0.28915
0.19539 0.128957 0.389985 0.260314 0.188922 0.152587 0.419038 0.248091 0.295398 0.426409
0.0831614 0.17674 0.247178 0.166401 0.224221 0.202671 0.291095 0.660231 0.349874 1.74972
0.137085 0.300123 0.1674 0.191868 0.201623 0.295977 0.319886 0.360918 0.15743 0.200986
0.356391 1.03238 0.304075 0.132616 1.60815 0.810311 0.689238 0.124681 0.447665 0.280436
0.390488 0.127186 0.426413 0.471975 0.199729 0.338909 0.271362 0.551898 0.435594 0.0925977
0.535485 0.447612 0.584813 0.585453 0.56104 0.34642 0.202574 0.0939761 0.34804 0.941074
0.135855 0.137736 0.171097 0.31522 0.173637 0.336138 0.161773 0.381378 0.841563 0.281075
0.261856 0.328455 0.114915 0.313702 0.245724 0.530225 0.882312 0.172883 0.504614 0.138836
0.65881 0.205264 0.288353 0.114599 0.328337 0.374206 0.623955 0.371465 0.25198 1.32709
0.191663 0.757454 0.304018 0.492736 0.894909 0.832272 0.234485 0.308836 0.580985 0.472857
0.326353 0.187958 0.179395 0.251813 0.668079 0.117507 0.160632 0.0226871 0.1269 0.689108
0.274115 0.463795 0.981581 0.427508 0.427621 0.545335 0.501893 0.161976 0.233751 0.456777
0.298163 0.417855 0.225888 0.479257 0.316507 0.428636 0.480499 0.257357 0.175614 0.852046
0.690741 0.166451 0.108945 0.104935 0.140236 0.515056 0.200209 1.16413 0.412302 0.155701
0.514779 0.141145 0.781238 0.377305 0.127772 0.583967 0.231018 0.139949 0.438495 0.172589
0.166155 0.353073 0.149516 0.682567 0.128877 0.143238 0.251618 0.502468 0.685528 0.505033
0.592767 0.480433 0.690296 0.149024 0.182 0.936818 0.432719 0.462772 0.0928624 1.17983
0.200162 0.169585 0.145695 0.190414 0.356837 0.235964 0.156636 1.75487 0.455183 0.115597
0.286257 0.964795 1.2596 0.167912 0.151214 0.0334261 1.23733 0.95005 0.245291 0.143506
0.133504 0.57802 0.163415 1.41195 0.381631 0.441712 0.104266 0.675195 0.21528 0.820983
0.99682 0.281851 0.17557 0.101806 0.201913 0.106274 0.146303 0.496486 0.207596 0.219275
0.338948 0.550355 0.57165 0.0900338 0.256733 0.30142 0.16244 0.106605 0.184293 0.0455237
0.246684 0.98218 0.155137 0.4052 0.128174 1.6951 0.148344 0.782098 0.120938 0.314075
0.173669 0.420457 0.0925119 0.273804 0.284377 0.125063 0.371186 0.156768 0.174555 0.0745765
0.750593 0.118709 0.129744 0.122531 0.223571 0.130462 0.514922 0.943285 0.455824 0.479558
0.828341 0.10575 0.176615 0.182809 1.25136 0.285144 0.591625 0.246512 0.204233 0.287905
0.137786 0.0973701 0.164888 0.50502 0.345363 0.260436 0.255539 0.353817 0.177429 0.799955
0.161912 0.229891 0.653856 0.101484 0.534953 0.290765 0.899401 1.15963 1.1896 0.516909
0.270659 0.871754 0.425031 0.698105 1.2915 0.88897 0.0367566 1.8564 0.214279 1.36125
2.4057 1.29564 0.540692 0.488934 1.43169 1.49766 0.252569 0.560175 0.319352 1.71291
1.35275 0.736933 1.86456 0.493196 0.38321 0.417304 1.05134 0.478469 0.146248 0.89726
0.166641 0.933656 0.951087 0.262741 1.06473 0.76615 0.728403 1.71314 0.48411 0.852541
0.0942545 0.391846 0.821974 0.164645 2.37287 0.403086 0.225534 0.327897 1.40176 0.566933
0.64649 1.8134 0.474509 1.2506 0.0753625 0.357167 0.354115 0.601515 1.43499 0.877493
0.271047 0.103494 1.05368 0.338935 1.70138 0.544049 0.411261 0.472083 0.0376307 0.554499
0.30498 0.498852 0.326381 0.485546 0.282665 1.35984 0.639714 1.36487 0.620482 0.625257
0.277552 1.47517 0.370378 0.660751 1.86091 0.259565 0.673811 0.152653 0.453523 0.914952
0.137421 0.793269 1.84327 0.494856 0.572905 0.269665 0.758466 0.852078 1.53494 0.215771
1.32534 0.172948 0.604113 0.836318 0.718419 0.294452 0.149377 0.563165 0.0730484 0.427446
0.756431 0.362501 0.414351 0.412177 0.945745 2.263 1.76922 0.951945 0.522553 0.159084
0.97635 0.427113 0.235975 0.33993 0.333755 0.554178 0.556452 0.631326 0.305978 0.70759
0.147435 0.424031 0.647754 1.01215 0.348067 1.21398 0.385324 0.508352 0.867669 0.779873
0.764594 0.789075 0.213447 0.335679 0.708536 0.208023 0.865224 1.42118 1.01695 0.373285
0.112332 0.257677 1.88228 0.374277 0.461997 0.550048 0.219454 0.766047 1.28422 0.217942
0.718761 0.402903 1.23656 0.653341 0.288007 0.181997 0.483567 0.366511 0.267043 0.346065
0.301032 1.11978 0.522878 0.804825 0.651323 0.755221 1.2429 1.31431 0.898276 1.30279
1.05599 1.23114 0.914017 0.24479 0.475906 1.13409 1.62668 1.39413 0.779064 1.46385
0.97219 0.294117 1.12986 0.643393 0.257536 0.519332 0.076814 0.932498 0.512567 0.161442
1.11707 0.917956 0.46544 0.877401 1.26778 0.980146 0.291489 0.692576 0.807328 0.189126
0.516399 1.0028 
>noiseOffset:
>observedSynthesisNoise:
>std_NoiseOffset:
>mutation_prior_mean:
***
0 0 0 0 0 0 0 0 0 0
0 0 0 0 0 0 0 0 0 0
0 0 0 0 0 0 0 0 0 0
0 0 0 0 0 0 0 0 0 0
***
0 0 0 0 0 0 0 0 0 0
0 0 0 0 0 0 0 0 0 0
0 0 0 0 0 0 0 0 0 0
0 0 0 0 0 0 0 0 0 0
>mutation_prior_sd:
***
0.35 0.35 0.35 0.35 0.35 0.35 0.35 0.35 0.35 0.35
0.35 0.35 0.35 0.35 0.35 0.35 0.35 0.35 0.35 0.35
0.35 0.35 0.35 0.35 0.35 0.35 0.35 0.35 0.35 0.35
0.35 0.35 0.35 0.35 0.35 0.35 0.35 0.35 0.35 0.35
***
0.35 0.35 0.35 0.35 0.35 0.35 0.35 0.35 0.35 0.35
0.35 0.35 0.35 0.35 0.35 0.35 0.35 0.35 0.35 0.35
0.35 0.35 0.35 0.35 0.35 0.35 0.35 0.35 0.35 0.35
0.35 0.35 0.35 0.35 0.35 0.35 0.35 0.35 0.35 0.35
>std_csp:
0.00351844 0.00351844 0.00351844 0.1 0.08 0.064 0.0512 0.0107374 0.0107374 0.0107374
0.1 6.33825e-05 6.33825e-05 0.064 0.0209715 0.0209715 0.0209715 0.0209715 0.0209715 0.08
0.0022518 0.0022518 0.0022518 0.08 0.064 0.064 0.064 0.064 0.064 0.0134218
0.0134218 0.0134218 0.00144115 0.00144115 0.00144115 0.00439805 0.00439805 0.00439805 0.1 0.1
>currentMutationParameter:
***
-0.44393 0.882497 0.750338 0.597167 0.962716 -1.03421 0.774116 -0.667875 0.580908 0.61443
0.931098 0.397088 1.20478 -1.23508 0.487141 0.999478 0.722227 0.145404 -0.291683 0.825583
-0.380868 0.901249 0.356623 -0.912828 -1.15747 0.0343005 -0.730439 0.728036 -0.00531621 -0.379722
0.689506 0.616662 -0.351083 1.12674 0.890019 0.542621 1.05247 0.689377 0.696306 0.722506
***
-0.422721 0.898755 0.956983 0.847797 1.19499 -1.16224 0.3575 -0.69882 0.865462 0.63093
1.01813 0.818765 1.28822 -1.02519 0.499071 0.877259 0.688681 -0.0110814 -0.00506344 0.920464
-0.546208 0.842521 0.297103 -0.764354 -0.907727 0.204716 -0.692532 1.12571 0.422628 -0.502123
0.894285 0.60361 -0.291333 1.055 0.714739 0.405376 1.04709 0.517368 0.689935 0.853579
>currentSelectionParameter:
***
0.446122 -0.162355 0.468654 -0.410951 -0.167141 0.352857 -0.734276 -0.376853 -0.115421 0.172661
-0.391346 0.66709 -0.566067 0.563794 0.172861 -0.57103 -0.21204 -0.270993 0.966975 -0.383989
-0.696778 -0.227986 -0.18912 0.0603418 0.458688 0.78353 0.436439 0.0356037 0.606302 0.21025
-0.153468 0.026582 0.374392 -0.356219 0.226342 0.370483 -0.282186 -0.0930625 -0.418972 -0.335428
***
0.986443 -0.395421 0.717736 -0.962713 -0.620524 0.93005 -0.943383 -0.752599 -0.3113 0.548042
-1.00895 1.36535 -1.24562 0.958572 0.663393 -0.848011 -0.174273 -0.233513 1.64684 -0.84958
-1.53262 -0.424995 -0.610784 0.0799995 0.85056 1.30297 1.14129 -0.281309 1.00288 0.595451
-0.603415 -0.174754 0.578168 -0.694965 0.933852 1.02747 -0.534688 0.227458 -0.789375 -0.626715
>covarianceMatrix:
A
0.000363947	7.29552e-05	9.39773e-05	-9.50724e-07	-7.50361e-05	-4.13614e-05	-0.00021245	-3.39536e-05	-2.85727e-06	-0.000122174	7.42667e-05	-2.78127e-05	
7.29552e-05	0.00061173	-0.000129319	-0.000230184	-0.000145716	-0.000144795	-7.37118e-05	-0.000309711	9.73747e-05	0.000287039	0.00016065	0.000184972	
9.39773e-05	-0.000129319	0.000638698	0.000347645	0.000169279	9.56102e-05	1.09243e-05	0.000102686	-0.000318334	-0.000680783	-0.000195327	-0.000298185	
-9.50724e-07	-0.000230184	0.000347645	0.00145296	0.000589644	0.000683848	5.27735e-05	0.000118115	-0.000196362	-0.00148584	-0.0005324	-0.000726736	
-7.50361e-05	-0.000145716	0.000169279	0.000589644	0.00145066	0.000511416	-4.17975e-05	9.2108e-05	-0.000231141	-0.000835051	-0.00120161	-0.000635393	
-4.13614e-05	-0.000144795	9.56102e-05	0.000683848	0.000511416	0.00139801	3.23021e-06	7.67522e-05	-0.000121697	-0.000522977	-0.000418086	-0.00107332	
-0.00021245	-7.37118e-05	1.09243e-05	5.27735e-05	-4.17975e-05	3.23021e-06	0.00026817	6.44267e-05	3.65649e-05	3.18911e-05	5.52111e-05	-2.08148e-05	
-3.39536e-05	-0.000309711	0.000102686	0.000118115	9.2108e-05	7.67522e-05	6.44267e-05	0.000256306	-4.47067e-05	-0.00016177	-6.13673e-05	-0.000100068	
-2.85727e-06	9.73747e-05	-0.000318334	-0.000196362	-0.000231141	-0.000121697	3.65649e-05	-4.47067e-05	0.000346187	0.000461561	0.000316949	0.000303098	
-0.000122174	0.000287039	-0.000680783	-0.00148584	-0.000835051	-0.000522977	3.18911e-05	-0.00016177	0.000461561	0.00247705	0.000892035	0.000991374	
7.42667e-05	0.00016065	-0.000195327	-0.0005324	-0.00120161	-0.000418086	5.52111e-05	-6.13673e-05	0.000316949	0.000892035	0.00141423	0.000744659	
-2.78127e-05	0.000184972	-0.000298185	-0.000726736	-0.000635393	-0.00107332	-2.08148e-05	-0.000100068	0.000303098	0.000991374	0.000744659	0.00177525	
***
>covarianceMatrix:
C
0.00219329	0.000596816	-0.00101102	-0.000860182	
0.000596816	0.00552582	-0.000877828	-0.00382126	
-0.00101102	-0.000877828	0.00222914	0.00127982	
-0.000860182	-0.00382126	0.00127982	0.00605284	
***
>covarianceMatrix:
D
0.00166028	0.000202391	-0.000590238	-0.000303541	
0.000202391	0.0029161	-0.000261967	-0.00168436	
-0.000590238	-0.000261967	0.00133772	0.000338387	
-0.000303541	-0.00168436	0.000338387	0.00284305	
***
>covarianceMatrix:
E
0.00143103	0.000125763	-0.000852629	-0.000168899	
0.000125763	0.00240171	-0.000285175	-0.00191164	
-0.000852629	-0.000285175	0.00139562	0.00036788	
-0.000168899	-0.00191164	0.00036788	0.00304795	
***
>covarianceMatrix:
F
0.000880021	0.000154975	-0.000679285	-0.000218916	
0.000154975	0.0032486	0.000140436	-0.00285672	
-0.000679285	0.000140436	0.00118798	-0.000202503	
-0.000218916	-0.00285672	-0.000202503	0.00419297	
***
>covarianceMatrix:
G
0.000481339	0.000325688	0.000142212	0.000108119	0.000130147	9.7534e-05	-0.000237726	-0.000191256	-4.74412e-05	-6.16225e-06	-6.63824e-05	5.67631e-05	
0.000325688	0.000760825	0.000189546	3.62406e-05	9.97632e-05	0.000152821	-0.000159961	-0.000378971	-4.01469e-05	6.56033e-06	-4.22418e-05	0.000170504	
0.000142212	0.000189546	0.000892115	-9.44404e-05	6.98426e-05	2.22441e-05	-8.17402e-05	-0.000188729	-0.000447676	0.000126631	-6.85262e-05	8.70786e-05	
0.000108119	3.62406e-05	-9.44404e-05	0.000824298	0.000368941	0.000297773	-7.21925e-05	1.66011e-05	0.000162632	-0.0004189	-9.1326e-05	-0.000313345	
0.000130147	9.97632e-05	6.98426e-05	0.000368941	0.00119508	0.0004761	-7.98857e-05	-8.76365e-05	-9.41133e-05	-0.000162042	-0.000459408	-0.000310611	
9.7534e-05	0.000152821	2.22441e-05	0.000297773	0.0004761	0.00152223	-9.52105e-05	-7.65795e-05	-7.34783e-07	-0.000150525	-0.000210526	-0.00076037	
-0.000237726	-0.000159961	-8.17402e-05	-7.21925e-05	-7.98857e-05	-9.52105e-05	0.000249602	0.000178251	9.30627e-05	-1.14275e-05	2.32433e-05	-2.55118e-05	
-0.000191256	-0.000378971	-0.000188729	1.66011e-05	-8.76365e-05	-7.65795e-05	0.000178251	0.000407389	0.000167086	6.27347e-06	9.07381e-05	-0.000207128	
-4.74412e-05	-4.01469e-05	-0.000447676	0.000162632	-9.41133e-05	-7.34783e-07	9.30627e-05	0.000167086	0.000506272	-0.000112303	0.000118698	-9.31799e-05	
-6.16225e-06	6.56033e-06	0.000126631	-0.0004189	-0.000162042	-0.000150525	-1.14275e-05	6.27347e-06	-0.000112303	0.000584877	0.000300956	0.000484193	
-6.63824e-05	-4.22418e-05	-6.85262e-05	-9.1326e-05	-0.000459408	-0.000210526	2.32433e-05	9.07381e-05	0.000118698	0.000300956	0.000731044	0.000436861	
5.67631e-05	0.000170504	8.70786e-05	-0.000313345	-0.000310611	-0.00076037	-2.55118e-05	-0.000207128	-9.31799e-05	0.000484193	0.000436861	0.00192321	
***
>covarianceMatrix:
H
0.00320736	-0.000418213	-0.00191577	0.000221636	
-0.000418213	0.00778138	0.000100757	-0.00635741	
-0.00191577	0.000100757	0.00268524	-0.000110779	
0.000221636	-0.00635741	-0.000110779	0.00914928	
***
>covarianceMatrix:
I
0.00063486	-0.000161523	5.76827e-05	-0.000238558	-0.000635438	0.000114864	0.000290508	0.000268834	
-0.000161523	0.000524403	9.02036e-06	-1.09132e-06	0.000212705	-0.00039955	-0.000204981	0.000180851	
5.76827e-05	9.02036e-06	0.00131789	-0.000247769	-0.000116665	1.84053e-05	-0.00133945	2.89144e-05	
-0.000238558	-1.09132e-06	-0.000247769	0.00123628	0.000200675	2.57902e-05	-0.00010191	-0.000803862	
-0.000635438	0.000212705	-0.000116665	0.000200675	0.0010319	-0.000215565	-0.000187878	-0.000446768	
0.000114864	-0.00039955	1.84053e-05	2.57902e-05	-0.000215565	0.000501881	0.000139021	-0.000256243	
0.000290508	-0.000204981	-0.00133945	-0.00010191	-0.000187878	0.000139021	0.00420196	-0.000793265	
0.000268834	0.000180851	2.89144e-05	-0.000803862	-0.000446768	-0.000256243	-0.000793265	0.00259128	
***
>covarianceMatrix:
K
0.001394	0.000187815	-0.000888064	-0.000349174	
0.000187815	0.0024502	-0.000388445	-0.00182939	
-0.000888064	-0.000388445	0.00152792	0.000706241	
-0.000349174	-0.00182939	0.000706241	0.00295252	
***
>covarianceMatrix:
L
0.000246164	9.34763e-05	5.36519e-05	9.23493e-05	7.66163e-07	2.3657e-05	2.85824e-05	-2.00501e-05	4.31499e-05	8.47813e-05	-0.000203125	-6.45195e-05	-3.86851e-05	-6.49667e-05	4.06546e-05	2.40463e-05	2.27654e-05	1.88952e-05	6.49983e-06	-2.12269e-05	
9.34763e-05	0.000301922	0.000141438	7.61539e-05	-1.21788e-05	0.000210537	1.54031e-05	3.49308e-05	8.75538e-05	0.000154875	-7.27923e-05	-0.000158568	-9.67352e-05	5.88284e-06	1.03996e-06	-9.65162e-05	-3.7085e-05	-2.01368e-05	-6.25484e-05	1.7926e-05	
5.36519e-05	0.000141438	0.000235352	6.57654e-05	-1.05345e-07	0.000174205	8.73953e-05	0.00013838	9.38353e-05	0.000169473	-2.25291e-05	-8.68144e-05	-0.000141806	-2.23867e-05	-2.70224e-05	-0.000143788	-4.179e-05	-4.07284e-05	-1.91551e-05	1.10831e-05	
9.23493e-05	7.61539e-05	6.57654e-05	0.000181671	3.22353e-06	1.51389e-05	1.19706e-05	-2.25681e-05	1.11321e-05	0.00014979	-0.000106722	-4.24186e-05	-2.19402e-05	-0.00011309	2.71016e-05	2.97116e-05	2.42112e-05	2.25775e-05	1.38097e-05	-4.77057e-05	
7.66163e-07	-1.21788e-05	-1.05345e-07	3.22353e-06	0.000186875	-0.000134099	-3.27164e-05	-9.55343e-05	-3.49714e-05	-7.38398e-05	5.74061e-05	-1.76063e-05	-5.42151e-06	-3.49211e-05	-0.000115584	6.71513e-05	7.57786e-05	8.52008e-05	-4.00194e-06	-6.68346e-06	
2.3657e-05	0.000210537	0.000174205	1.51389e-05	-0.000134099	0.000732236	0.000237373	0.000361571	0.000213971	0.000348705	-7.25206e-05	-0.000123328	-0.000162122	3.96139e-05	5.23718e-06	-0.000445333	-8.14036e-05	-0.000177314	-5.1066e-05	3.05553e-05	
