>groupList:
A C D E F G H I K L
N P Q R S T V Y Z 
>stdDevSynthesisRate:
0.855409 0.845504 
>numParam:
40
>numMixtures:
2
>std_stdDevSynthesisRate:
0.073728
>std_phi:
***
1.10287 1.06045 1.06045 1.10287 1.06045 1.61275 2.423 2.09657 0.652585 0.501988
0.627485 0.482681 1.37858 2.01594 0.815731 2.72555 0.84836 1.10287 0.627485 1.10287
1.49108 2.32981 1.86385 0.308916 1.9384 2.09657 0.522068 0.297034 0.501988 1.86385
1.49108 1.43373 2.51992 1.86385 0.652585 0.652585 0.371293 2.423 0.371293 0.28561
0.882294 1.37858 0.678688 1.79216 2.51992 1.14698 0.28561 0.371293 2.51992 1.9384
2.62072 2.423 2.01594 0.371293 1.37858 2.51992 0.678688 0.401591 2.62072 0.882294
1.9384 0.627485 1.43373 1.9384 1.55072 1.55072 0.815731 1.9384 2.32981 0.627485
1.55072 1.43373 2.32981 1.86385 0.371293 1.55072 1.14698 0.678688 1.06045 0.882294
2.09657 0.84836 1.86385 1.86385 0.482681 1.43373 2.01594 1.67726 1.9384 1.9384
1.14698 1.79216 0.522068 1.9384 1.37858 1.86385 1.86385 1.86385 1.43373 1.19286
0.417654 1.49108 2.51992 1.9384 0.371293 0.84836 1.43373 1.86385 1.9384 0.882294
1.06045 1.55072 1.9384 1.9384 1.79216 1.9384 1.9384 0.297034 0.95429 1.86385
1.37858 0.705835 1.9384 1.86385 2.01594 1.55072 2.01594 1.9384 0.882294 1.43373
2.01594 1.19286 1.49108 0.564668 0.84836 1.9384 1.06045 2.18044 1.43373 1.9384
0.882294 0.84836 0.678688 2.423 2.32981 1.86385 1.86385 1.79216 1.86385 2.32981
1.24058 2.09657 2.01594 1.9384 0.815731 1.9384 1.49108 2.01594 1.79216 0.815731
0.678688 1.49108 1.55072 1.10287 1.55072 1.49108 0.482681 1.14698 1.06045 0.882294
1.9384 0.386145 1.19286 0.297034 0.815731 1.49108 0.678688 1.43373 0.627485 2.51992
1.86385 1.10287 1.43373 1.43373 0.84836 1.55072 0.652585 1.9384 0.84836 1.49108
1.86385 0.84836 2.51992 1.43373 0.501988 1.49108 2.01594 1.37858 0.678688 0.386145
1.24058 2.09657 0.84836 2.32981 1.37858 0.815731 0.815731 1.19286 1.06045 2.01594
0.482681 2.32981 1.55072 1.49108 0.627485 0.386145 2.01594 1.61275 1.55072 1.9384
2.01594 1.9384 1.55072 0.84836 1.19286 1.9384 1.86385 1.79216 1.37858 0.84836
1.9384 1.06045 1.9384 1.43373 1.43373 0.501988 0.652585 1.49108 1.24058 1.9384
0.84836 1.49108 1.43373 1.06045 0.917586 1.9384 0.371293 1.9384 2.32981 1.86385
2.01594 1.43373 0.678688 1.37858 2.51992 1.19286 1.2902 1.86385 2.423 0.84836
1.9384 1.06045 1.14698 1.37858 2.09657 0.815731 1.61275 1.55072 1.19286 1.49108
2.09657 0.84836 1.14698 1.49108 1.06045 1.10287 2.01594 1.06045 1.86385 0.371293
2.01594 1.37858 1.37858 2.01594 1.06045 1.14698 1.43373 1.24058 2.01594 1.10287
1.86385 1.55072 0.882294 0.815731 0.917586 1.49108 1.49108 1.49108 1.9384 1.10287
1.9384 0.815731 1.37858 0.705835 1.86385 0.815731 1.06045 0.652585 0.882294 1.86385
1.9384 1.86385 1.55072 2.51992 1.79216 1.9384 1.14698 1.14698 0.652585 1.61275
1.9384 1.43373 0.815731 1.43373 1.14698 1.37858 0.627485 1.10287 1.86385 1.55072
0.652585 1.9384 3.02875 1.06045 1.19286 1.10287 1.79216 1.37858 0.627485 1.67726
1.61275 1.55072 0.84836 1.49108 1.19286 1.55072 1.86385 2.423 1.19286 1.43373
2.423 1.10287 1.49108 1.55072 1.61275 2.32981 1.61275 0.84836 1.37858 0.501988
1.86385 1.55072 1.9384 1.55072 1.24058 1.49108 2.09657 1.19286 1.9384 1.49108
1.86385 1.43373 1.55072 2.01594 0.501988 0.627485 1.10287 1.55072 0.815731 1.49108
1.49108 1.49108 1.06045 0.815731 1.9384 1.49108 1.49108 1.9384 1.9384 2.01594
0.652585 0.84836 1.14698 1.10287 1.37858 1.9384 2.01594 1.9384 1.14698 0.84836
1.9384 1.61275 2.01594 1.61275 1.55072 0.815731 1.14698 1.10287 0.522068 1.43373
1.86385 1.55072 2.09657 1.10287 1.14698 0.882294 1.14698 1.49108 0.84836 2.62072
0.815731 1.86385 1.10287 1.43373 1.61275 1.19286 1.06045 1.49108 1.24058 0.882294
1.19286 2.423 1.06045 1.9384 1.79216 0.678688 2.32981 2.423 1.49108 1.19286
1.86385 1.49108 1.24058 1.55072 1.06045 1.9384 1.86385 2.01594 1.14698 0.815731
1.19286 0.882294 0.501988 1.10287 1.19286 1.06045 0.652585 1.79216 1.9384 0.627485
2.32981 1.43373 1.79216 0.84836 1.49108 1.06045 1.06045 2.51992 2.01594 0.627485
1.06045 1.55072 1.86385 1.86385 1.9384 0.815731 1.14698 0.84836 0.917586 1.55072
0.678688 1.61275 0.652585 1.55072 1.9384 0.84836 1.86385 1.86385 1.19286 2.01594
1.86385 1.61275 1.9384 0.652585 1.49108 2.51992 1.49108 1.14698 1.79216 0.815731
1.10287 2.62072 1.49108 1.49108 1.10287 0.882294 1.06045 0.917586 2.32981 0.482681
2.423 1.55072 1.86385 1.43373 1.37858 1.55072 1.9384 0.401591 0.917586 1.49108
1.37858 0.482681 0.522068 1.49108 2.01594 1.9384 0.386145 1.43373 1.9384 1.49108
2.01594 1.86385 1.67726 0.297034 1.9384 1.43373 1.43373 0.678688 2.01594 0.627485
0.627485 1.37858 1.9384 1.9384 1.19286 1.49108 2.18044 1.86385 0.917586 2.32981
1.55072 0.652585 0.627485 1.86385 3.1499 1.86385 1.86385 1.49108 1.86385 1.9384
1.9384 0.28561 1.86385 2.32981 2.01594 0.882294 1.49108 2.423 2.01594 2.01594
1.9384 1.19286 1.9384 1.06045 1.43373 1.55072 1.86385 1.61275 1.9384 2.01594
0.627485 2.01594 1.49108 2.01594 1.9384 1.79216 0.627485 0.652585 1.37858 1.06045
0.652585 2.01594 0.84836 1.49108 0.482681 1.19286 0.678688 1.86385 1.19286 1.19286
1.49108 2.09657 1.49108 1.37858 1.10287 1.43373 1.43373 1.14698 1.49108 0.882294
1.86385 1.86385 0.84836 1.9384 1.24058 2.09657 0.627485 0.501988 0.627485 0.482681
2.09657 0.627485 3.1499 0.815731 1.10287 0.652585 2.09657 0.401591 1.9384 0.401591
0.308916 0.386145 1.86385 0.678688 0.371293 0.28561 1.37858 1.79216 2.51992 0.371293
0.371293 0.652585 0.321272 2.62072 0.882294 1.43373 0.627485 1.86385 1.61275 0.678688
2.01594 0.522068 0.371293 1.14698 0.652585 1.06045 0.882294 0.401591 1.43373 1.86385
1.9384 1.14698 1.06045 1.9384 0.297034 0.882294 0.882294 1.79216 0.815731 2.423
0.652585 0.815731 0.652585 0.84836 2.423 1.37858 0.815731 1.14698 0.482681 1.55072
1.37858 1.86385 0.522068 0.84836 0.371293 1.43373 2.423 1.43373 1.55072 0.882294
1.86385 0.815731 0.815731 1.9384 2.32981 0.482681 0.627485 1.14698 0.652585 1.06045
1.10287 1.06045 1.79216 0.84836 0.401591 1.10287 0.678688 1.55072 0.652585 0.28561
1.9384 0.652585 0.482681 0.882294 0.501988 2.01594 0.84836 1.06045 1.06045 0.882294
0.522068 1.37858 2.62072 1.37858 2.32981 1.86385 1.9384 2.423 1.61275 1.06045
0.501988 1.49108 1.10287 1.06045 1.14698 0.482681 0.84836 0.501988 1.37858 1.86385
0.652585 1.37858 1.19286 1.43373 0.678688 1.06045 2.51992 0.678688 0.882294 0.84836
1.19286 1.49108 0.84836 0.371293 0.84836 0.482681 1.06045 0.815731 1.43373 1.14698
0.815731 0.627485 1.06045 0.882294 0.501988 0.917586 0.882294 0.17576 2.01594 0.54295
1.61275 1.37858 0.652585 0.815731 1.10287 0.627485 1.37858 1.79216 0.371293 1.55072
0.501988 0.84836 0.815731 0.627485 2.423 2.51992 0.84836 0.882294 1.14698 0.678688
1.19286 0.652585 1.06045 1.06045 1.06045 1.06045 0.371293 0.386145 0.652585 0.501988
0.371293 0.522068 0.815731 1.06045 0.815731 0.28561 1.06045 0.678688 1.79216 0.678688
0.627485 1.14698 0.371293 0.652585 1.06045 0.84836 2.09657 0.882294 0.522068 2.01594
0.652585 0.482681 0.501988 0.652585 0.627485 0.627485 0.652585 0.501988 1.79216 0.917586
0.482681 0.84836 
***
1.14698 1.14698 1.10287 1.19286 1.10287 1.79216 1.9384 1.86385 0.627485 0.652585
0.627485 0.522068 1.43373 1.9384 0.678688 2.423 0.882294 1.43373 0.627485 1.37858
1.79216 1.55072 1.86385 0.386145 1.79216 1.86385 0.401591 0.28561 0.482681 1.55072
1.49108 1.37858 2.01594 1.79216 0.652585 0.882294 0.371293 1.86385 0.386145 0.28561
0.815731 1.37858 0.882294 1.79216 2.32981 1.06045 0.297034 0.371293 1.86385 1.86385
1.86385 1.86385 1.86385 0.371293 1.43373 1.86385 0.84836 0.401591 2.423 1.06045
1.37858 0.627485 1.49108 1.79216 1.49108 1.49108 0.678688 1.86385 2.51992 0.627485
1.37858 1.79216 1.9384 1.9384 0.386145 1.43373 1.14698 0.84836 1.06045 0.917586
1.79216 0.917586 1.79216 1.61275 0.482681 1.10287 1.55072 1.61275 1.86385 1.79216
1.49108 1.43373 0.627485 1.86385 1.37858 1.86385 2.01594 1.86385 1.49108 1.24058
0.43436 1.86385 2.423 1.9384 0.371293 0.882294 1.79216 1.9384 1.86385 1.06045
1.10287 1.79216 1.9384 2.09657 1.55072 1.79216 1.86385 0.308916 1.06045 1.49108
1.43373 0.84836 1.86385 1.79216 1.9384 1.55072 1.86385 1.86385 1.10287 1.49108
1.86385 1.19286 1.43373 0.652585 1.06045 1.86385 1.14698 1.9384 1.19286 2.51992
1.06045 1.14698 0.734069 1.86385 1.86385 1.79216 1.86385 1.43373 1.79216 2.09657
1.10287 1.79216 1.86385 1.86385 0.84836 1.79216 1.37858 1.86385 1.9384 1.06045
0.678688 1.79216 1.49108 1.43373 1.86385 1.49108 0.522068 1.14698 1.14698 1.10287
1.79216 0.386145 1.37858 0.308916 0.815731 1.49108 0.84836 1.43373 0.627485 1.86385
1.9384 1.19286 1.43373 1.37858 0.882294 1.79216 0.652585 1.79216 0.815731 1.49108
1.9384 0.84836 1.9384 1.55072 0.482681 1.86385 2.09657 1.43373 0.705835 0.401591
1.43373 1.79216 0.917586 1.9384 1.37858 0.882294 0.815731 1.49108 1.06045 1.79216
0.482681 1.9384 1.43373 1.49108 0.522068 0.386145 2.01594 1.43373 1.43373 2.01594
1.86385 1.86385 1.49108 1.10287 1.55072 1.43373 2.09657 1.79216 1.43373 1.14698
1.49108 1.14698 1.9384 1.14698 1.79216 0.501988 0.652585 1.43373 1.49108 1.86385
0.84836 1.61275 1.43373 1.14698 0.882294 1.9384 0.371293 1.86385 1.86385 1.86385
1.79216 1.79216 0.882294 1.43373 2.32981 1.49108 1.37858 1.9384 1.9384 1.14698
1.9384 0.882294 1.19286 1.37858 1.86385 0.84836 1.9384 1.19286 1.43373 1.55072
1.86385 0.882294 1.43373 1.37858 0.917586 1.14698 1.79216 1.06045 1.86385 0.522068
1.86385 1.37858 1.43373 1.86385 1.19286 1.49108 1.55072 1.49108 1.9384 1.14698
1.55072 1.49108 0.84836 0.882294 1.14698 1.55072 1.43373 1.86385 1.86385 1.14698
1.86385 0.815731 1.14698 0.815731 1.79216 0.882294 1.10287 0.652585 1.14698 1.86385
1.79216 1.9384 1.55072 2.423 1.43373 1.86385 1.43373 1.14698 0.815731 1.49108
1.79216 1.55072 0.815731 1.9384 1.14698 1.14698 0.652585 1.19286 1.86385 1.43373
0.815731 1.86385 2.423 1.19286 1.49108 1.06045 1.9384 1.55072 0.522068 1.79216
1.43373 1.61275 0.917586 1.49108 1.43373 1.55072 1.55072 1.9384 1.2902 1.49108
1.86385 1.43373 1.43373 1.79216 1.49108 1.79216 1.55072 0.84836 1.49108 0.501988
1.9384 1.86385 1.9384 1.9384 1.49108 1.43373 1.86385 1.19286 1.79216 1.43373
1.86385 1.37858 1.43373 1.86385 0.522068 0.627485 1.06045 1.86385 0.84836 1.79216
1.43373 1.49108 1.10287 0.815731 1.79216 1.61275 1.43373 1.79216 1.86385 1.86385
0.84836 0.917586 1.06045 1.14698 1.49108 1.86385 1.79216 1.79216 1.37858 1.06045
1.61275 1.43373 1.79216 1.43373 1.43373 1.10287 1.37858 1.49108 0.522068 1.55072
1.49108 1.49108 1.9384 1.10287 1.49108 0.917586 1.10287 1.49108 1.10287 1.86385
0.815731 1.49108 1.43373 1.43373 1.43373 1.55072 1.10287 1.43373 1.14698 0.84836
1.37858 2.32981 1.14698 1.86385 1.49108 0.678688 2.01594 2.51992 1.43373 1.43373
1.49108 1.55072 1.55072 1.55072 0.917586 1.79216 1.79216 1.86385 1.14698 0.84836
1.43373 1.10287 0.54295 1.14698 1.37858 1.14698 0.882294 1.86385 1.86385 0.652585
1.86385 1.37858 1.55072 0.882294 1.37858 1.10287 1.06045 2.32981 1.9384 0.627485
1.06045 1.55072 1.9384 1.55072 1.86385 0.84836 1.19286 0.882294 1.10287 1.43373
0.705835 1.86385 0.678688 1.49108 1.79216 0.882294 1.86385 1.9384 1.43373 1.86385
1.9384 1.55072 1.86385 0.815731 1.9384 1.86385 1.49108 1.10287 1.43373 0.815731
1.06045 1.86385 1.49108 1.49108 1.19286 0.84836 1.06045 1.14698 1.9384 0.482681
1.86385 1.55072 1.9384 1.43373 1.43373 1.55072 1.79216 0.522068 1.14698 1.43373
1.37858 0.501988 0.54295 1.55072 1.86385 1.86385 0.386145 1.37858 1.79216 1.49108
1.9384 1.79216 1.24058 0.321272 1.9384 1.43373 1.55072 0.815731 1.86385 0.678688
0.627485 1.19286 1.79216 1.86385 1.14698 1.86385 1.9384 2.01594 1.10287 2.51992
1.43373 0.705835 0.678688 1.86385 2.423 1.86385 1.86385 1.43373 1.55072 1.86385
1.79216 0.28561 1.86385 1.86385 1.86385 0.815731 1.55072 1.86385 1.86385 1.49108
1.79216 1.43373 1.79216 1.10287 1.49108 1.86385 1.49108 1.49108 1.79216 1.9384
0.652585 1.9384 1.49108 1.9384 1.55072 1.79216 0.678688 0.652585 1.43373 1.06045
0.882294 1.86385 0.882294 1.49108 0.482681 1.37858 0.815731 1.86385 1.14698 1.37858
1.79216 1.9384 1.86385 1.43373 1.06045 1.49108 1.43373 1.49108 1.43373 0.84836
1.79216 1.9384 0.917586 2.09657 1.37858 1.86385 0.627485 0.522068 0.627485 0.54295
2.01594 0.678688 2.72555 0.917586 1.10287 0.652585 1.9384 0.401591 1.9384 0.417654
0.297034 0.501988 1.49108 0.705835 0.371293 0.237628 1.49108 2.01594 2.51992 0.371293
0.371293 0.84836 0.321272 2.423 1.19286 1.43373 0.627485 1.9384 1.9384 0.678688
1.9384 0.652585 0.371293 1.19286 0.678688 1.06045 0.882294 0.482681 1.37858 1.9384
1.9384 1.2902 1.10287 2.01594 0.308916 1.19286 1.14698 1.55072 0.815731 1.9384
0.705835 0.815731 0.678688 0.815731 1.9384 1.43373 0.882294 1.10287 0.501988 1.43373
1.49108 2.09657 0.501988 0.917586 0.371293 1.43373 2.18044 1.49108 1.74435 0.882294
1.61275 0.84836 0.917586 1.9384 2.01594 0.522068 0.627485 1.06045 0.678688 1.14698
1.19286 0.882294 1.9384 1.14698 0.386145 1.10287 0.678688 2.09657 0.705835 0.28561
1.86385 0.705835 0.482681 0.917586 0.652585 1.9384 1.14698 1.10287 1.06045 1.14698
0.522068 1.61275 2.09657 1.14698 1.86385 1.9384 1.9384 2.423 1.61275 1.19286
0.501988 1.37858 1.14698 1.10287 1.43373 0.501988 0.84836 0.627485 1.49108 1.86385
0.678688 1.55072 1.43373 1.49108 0.84836 0.917586 2.01594 0.815731 1.19286 0.84836
1.49108 1.61275 0.84836 0.401591 0.95429 0.501988 1.10287 0.84836 1.43373 1.43373
0.815731 0.705835 1.24058 0.992461 0.678688 1.34181 1.10287 0.169 1.49108 0.652585
1.61275 1.55072 0.627485 0.95429 0.95429 0.815731 1.61275 1.86385 0.401591 1.55072
0.522068 0.917586 0.815731 0.678688 2.51992 1.9384 0.917586 1.19286 1.55072 0.882294
1.19286 0.652585 1.10287 1.06045 0.917586 1.06045 0.371293 0.401591 0.652585 0.522068
0.321272 0.522068 0.84836 1.24058 0.882294 0.297034 0.882294 0.678688 1.49108 0.678688
0.627485 1.24058 0.386145 0.678688 1.24058 0.84836 2.423 0.882294 0.627485 2.01594
0.652585 0.501988 0.54295 0.678688 0.627485 0.652585 0.95429 0.652585 1.86385 1.24058
0.522068 0.84836 
>categories:
0 0
1 1
>mixtureAssignment:
0 0 0 0 0 0 0 0 0 0 0 0 0 0 0 0 0 0 0 0 0 0 0 0 0 0 0 0 0 0 0 0 0 0 0 0 0 0 0 0 0 0 0 0 0 0 0 0 0 0
0 0 0 0 0 0 0 0 0 0 0 0 0 0 0 0 0 0 0 0 0 0 0 0 0 0 0 0 0 0 0 0 0 0 0 0 0 0 0 0 0 0 0 0 0 0 0 0 0 0
0 0 0 0 0 0 0 0 0 0 0 0 0 0 0 0 0 0 0 0 0 0 0 0 0 0 0 0 0 0 0 0 0 0 0 0 0 0 0 0 0 0 0 0 0 0 0 0 0 0
0 0 0 0 0 0 0 0 0 0 0 0 0 0 0 0 0 0 0 0 0 0 0 0 0 0 0 0 0 0 0 0 0 0 0 0 0 0 0 0 0 0 0 0 0 0 0 0 0 0
0 0 0 0 0 0 0 0 0 0 0 0 0 0 0 0 0 0 0 0 0 0 0 0 0 0 0 0 0 0 0 0 0 0 0 0 0 0 0 0 0 0 0 0 0 0 0 0 0 0
0 0 0 0 0 0 0 0 0 0 0 0 0 0 0 0 0 0 0 0 0 0 0 0 0 0 0 0 0 0 0 0 0 0 0 0 0 0 0 0 0 0 0 0 0 0 0 0 0 0
0 0 0 0 0 0 0 0 0 0 0 0 0 0 0 0 0 0 0 0 0 0 0 0 0 0 0 0 0 0 0 0 0 0 0 0 0 0 0 0 0 0 0 0 0 0 0 0 0 0
0 0 0 0 0 0 0 0 0 0 0 0 0 0 0 0 0 0 0 0 0 0 0 0 0 0 0 0 0 0 0 0 0 0 0 0 0 0 0 0 0 0 0 0 0 0 0 0 0 0
0 0 0 0 0 0 0 0 0 0 0 0 0 0 0 0 0 0 0 0 0 0 0 0 0 0 0 0 0 0 0 0 0 0 0 0 0 0 0 0 0 0 0 0 0 0 0 0 0 0
0 0 0 0 0 0 0 0 0 0 0 0 0 0 0 0 0 0 0 0 0 0 0 0 0 0 0 0 0 0 0 0 0 0 0 0 0 0 0 0 0 0 0 0 0 0 0 0 0 0
0 0 0 0 0 0 0 0 0 0 0 0 0 0 0 0 0 0 0 0 0 0 0 0 0 0 0 0 0 0 0 0 0 0 0 0 0 0 0 0 0 0 0 0 0 0 0 0 0 0
0 0 0 0 0 0 0 0 0 0 0 0 0 0 0 0 0 0 0 0 0 0 0 0 0 0 0 0 0 0 0 0 0 0 0 0 0 0 0 0 0 0 0 0 0 0 0 0 0 0
0 0 0 0 0 0 0 0 0 0 0 0 0 0 0 0 1 1 1 1 1 1 1 1 1 1 1 1 1 1 1 1 1 1 1 1 1 1 1 1 1 1 1 1 1 1 1 1 1 1
1 1 1 1 1 1 1 1 1 1 1 1 1 1 1 1 1 1 1 1 1 1 1 1 1 1 1 1 1 1 1 1 1 1 1 1 1 1 1 1 1 1 1 1 1 1 1 1 1 1
1 1 1 1 1 1 1 1 1 1 1 1 1 1 1 1 1 1 1 1 1 1 1 1 1 1 1 1 1 1 1 1 1 1 1 1 1 1 1 1 1 1 1 1 1 1 1 1 1 1
1 1 1 1 1 1 1 1 1 1 1 1 1 1 1 1 1 1 1 1 1 1 1 1 1 1 1 1 1 1 1 1 1 1 1 1 1 1 1 1 1 1 1 1 1 1 1 1 1 1
1 1 1 1 1 1 1 1 1 1 1 1 1 1 1 1 1 1 1 1 1 1 1 1 1 1 1 1 1 1 1 1 
>numMutationCategories:
2
>numSelectionCategories:
2
>categoryProbabilities:
0.551998 0.448002 
>selectionIsInMixture:
***
0 
***
1 
>mutationIsInMixture:
***
0 
***
1 
>obsPhiSets:
0
>currentSynthesisRateLevel:
***
0.721688 0.803529 1.39567 2.08538 1.02006 0.755575 0.27465 0.10302 2.45162 2.23065
2.36157 1.48246 1.38688 0.469466 2.1091 0.125798 1.60668 1.57444 1.68973 2.03879
1.39586 0.739058 1.26971 4.46538 0.564429 0.807764 2.75523 6.65429 3.13209 0.930687
0.436534 0.670775 0.863208 0.577829 1.82873 1.06509 3.31638 0.938426 3.52693 3.27182
2.01125 0.254495 1.02425 1.1837 0.470557 1.50738 3.67507 3.84302 0.205937 0.313423
0.397041 1.86906 0.394851 2.29131 2.49446 0.907655 1.5748 4.34831 0.559675 0.670241
1.48757 3.58507 0.766115 0.8769 0.464564 0.223084 1.53747 0.490554 0.540612 1.99896
0.942975 0.616035 0.243398 0.22088 2.07198 0.652836 0.478707 1.58725 1.03312 1.00185
0.155698 1.57638 1.18228 0.215643 3.75488 1.47836 1.42504 0.155804 0.292778 0.326862
0.546076 0.292105 1.5653 0.456163 0.963231 1.17171 0.358925 0.17216 0.38407 0.77639
1.29025 0.573104 0.203889 0.574699 3.0237 0.749873 0.516101 0.325005 0.583578 0.885417
2.77358 0.339486 0.301774 0.315174 1.20673 0.319768 0.0636608 4.827 0.863598 0.216121
0.656067 1.30528 0.255117 0.13981 0.466544 0.680068 0.224429 0.206405 1.24064 1.68943
0.203039 0.524802 0.996231 1.44139 1.25113 0.262749 0.769168 0.389927 0.580979 0.767613
0.713804 1.16626 1.50371 0.907707 0.633746 0.235807 1.42059 1.02788 0.24871 0.181825
0.624192 0.332717 0.211264 0.428572 3.22807 1.34191 0.589233 0.222691 0.366408 1.00713
1.0106 0.457783 0.570961 1.06116 0.522727 0.673318 2.66256 0.7611 0.996601 0.948953
0.313489 2.42231 1.07757 4.54412 3.03011 0.674891 1.13522 0.685512 1.92103 0.322988
0.823916 0.518679 0.823884 0.347212 1.30715 0.717616 1.17574 0.478862 2.63676 0.32603
0.436477 1.73982 0.139688 0.510049 3.75842 0.231957 0.421104 0.609787 1.25538 3.30493
0.511679 0.232435 1.3113 0.457244 1.41403 0.830013 1.18228 0.784374 1.79571 0.300068
3.22559 1.07103 1.09286 0.324096 1.97326 2.35506 0.482445 0.908636 0.464704 0.359259
0.309335 0.159411 0.751041 1.0389 0.394357 0.341812 0.51468 0.197284 0.765399 0.93148
0.427931 1.04451 0.279733 1.82409 0.377801 2.28411 1.49712 0.675387 0.617553 0.435018
1.26203 0.311508 1.37618 1.21196 0.81483 0.0868795 3.69984 0.137446 0.272044 0.208439
0.257805 0.283858 0.793195 1.0318 0.527295 0.601338 0.694343 0.394629 0.330395 0.605502
1.56185 1.71524 0.649021 0.976012 0.194874 1.34674 0.545409 0.528115 0.621645 0.643722
0.627659 1.32549 0.575617 0.818582 1.31117 0.62777 0.175193 1.00632 0.18959 1.77585
0.323577 0.740723 1.32925 0.473655 0.571066 0.497856 0.310802 0.338667 1.11247 0.757083
0.496922 0.639644 1.10944 1.37285 1.06462 0.509345 0.249983 0.641079 0.135172 0.598792
0.384699 1.70678 1.5956 1.29376 0.348791 0.50565 0.625857 1.50238 0.640645 0.419523
0.588803 0.206311 0.430373 3.66435 1.8991 0.303039 0.803648 0.769496 2.2688 0.634108
0.304073 0.617415 4.98494 0.619266 0.342574 1.1858 1.68692 0.932096 0.470308 0.657702
1.47795 0.864814 1.03723 0.681592 0.514047 1.86761 0.250343 0.587116 1.95048 0.409038
0.344236 0.268838 1.21255 0.496756 0.546826 0.594224 0.930229 0.550851 0.430592 0.302776
0.136071 0.942989 0.648709 0.41742 0.450131 0.738564 0.661339 1.13582 0.331538 3.77304
0.155966 0.439865 0.186508 0.267275 0.3138 0.641057 0.70095 0.887128 0.468 0.276129
1.6085 1.87564 0.298863 0.196726 2.61981 2.11505 1.90762 0.197998 1.09857 0.154545
0.658266 0.778065 0.808528 0.860829 0.610438 0.749263 0.479987 0.130644 0.643993 0.0706557
1.35802 1.38589 0.597736 0.850282 1.2254 0.756708 0.183553 0.192089 0.500151 1.94757
0.393244 0.287387 0.38348 0.253831 0.311317 0.894257 0.54442 0.645925 1.97048 0.444166
0.519118 0.380409 0.426961 0.789932 0.425517 1.11008 2.18641 0.718085 0.780899 0.243371
1.30703 0.951832 0.337125 0.565723 0.332754 0.861318 1.86584 0.629767 1.32277 2.45408
0.414289 1.06027 1.05035 1.02543 0.626241 0.973423 0.549903 0.627163 1.1536 0.41679
0.572145 0.272915 0.445531 0.594112 1.47625 0.399475 0.438463 0.195298 1.03079 1.31976
0.696028 0.971175 1.51491 0.527905 1.19823 1.00231 1.20504 0.275459 0.361717 1.78804
0.491427 1.00192 0.424374 1.41214 0.454285 0.908934 1.04487 0.467271 0.119617 2.01776
1.34997 0.375707 0.358006 0.211864 0.263556 1.08912 0.78751 3.3895 1.09626 0.289797
0.987842 0.353879 1.44572 0.731084 0.374711 1.12607 0.205125 0.106561 0.502104 0.245761
0.215847 0.559582 0.169949 1.55969 0.596779 0.241843 0.686322 1.01074 0.862911 1.01646
1.23616 0.454856 1.7026 0.469264 0.73112 1.22087 0.8913 0.808646 0.24888 2.80396
0.427827 0.192162 0.489589 0.506828 0.784056 0.4417 0.238258 3.75245 0.535796 0.722585
0.824332 2.45136 2.35942 0.324366 0.48831 0.162302 2.33689 1.2548 0.280571 0.625413
0.348114 0.244744 0.550282 2.8956 1.05187 0.361604 1.13467 1.23758 0.299005 1.46578
2.22995 0.638092 0.393942 0.280133 0.807319 0.196286 0.480148 0.275842 1.17728 0.600314
0.916241 1.18476 1.13753 0.233106 1.01341 0.211507 0.532102 0.35587 0.367133 0.114898
0.277262 2.07518 0.529882 0.250869 0.349723 2.67066 0.278566 0.294415 0.187351 0.276015
0.615458 0.48003 0.210794 1.03167 0.291788 0.157251 0.147136 0.449911 0.344266 0.174187
1.76688 0.113019 0.225464 0.100149 0.335546 0.173115 0.985436 2.13617 0.24877 0.862956
1.64397 0.456012 0.549578 0.699095 2.67628 0.687094 1.33355 0.488653 0.226915 0.790976
0.659899 0.163018 0.333512 1.62419 0.810094 0.457206 0.690041 0.439452 0.559937 2.7138
0.441082 0.531808 1.03257 0.204694 0.745678 0.430701 2.10411 3.04082 2.21919 1.47435
0.166471 1.51881 0.946489 1.30321 1.07984 2.42244 0.672122 3.86574 0.969359 2.77467
5.38896 3.03958 0.578609 1.06037 3.05516 3.52274 0.710232 0.737419 0.22352 3.52443
2.79301 1.60671 4.01118 0.269543 0.47226 1.73057 2.96054 1.12301 0.372567 1.50104
0.492841 1.99174 2.15936 0.616085 1.36902 1.2021 1.00174 3.08951 0.956413 1.75007
0.418634 0.55657 2.32012 0.241875 5.69043 0.71691 0.845966 1.08041 1.79228 1.07478
0.93098 3.80323 1.07014 2.50291 0.211209 1.00912 1.02422 1.84828 3.3474 0.579349
1.28293 0.427255 2.56251 1.25698 3.61215 0.741331 0.659604 0.809682 0.294877 1.31525
0.440588 1.18011 1.00889 0.705625 0.351534 4.28995 1.8932 2.76235 1.13651 1.60627
0.673076 1.14032 0.788058 1.17884 4.08317 1.12572 1.39166 0.215837 1.33484 1.85555
0.3862 1.48516 2.83468 1.22115 1.2316 0.332248 1.08955 1.72349 1.61255 0.649399
3.61276 0.621497 0.759019 2.62476 1.3221 0.662824 0.373601 0.518708 0.473784 0.938586
1.5519 1.52376 1.2414 0.871303 1.28085 4.09705 2.29799 2.06412 1.13057 0.196268
1.23667 0.638751 0.213046 0.936597 1.11906 1.1471 1.75589 1.48015 0.95276 1.7559
0.460918 1.44254 1.78124 1.96684 0.786488 2.20197 0.783348 1.07884 2.13485 1.29907
1.83867 1.30978 0.80153 0.969816 2.3088 0.503668 1.59861 2.96024 1.68952 1.00005
0.336074 0.566003 3.83472 1.21281 1.14548 1.39925 0.302712 1.37419 2.53227 0.483801
1.66245 0.832238 2.54814 1.40836 0.230147 0.31992 0.904099 0.908278 0.299613 0.763137
0.721417 1.56169 1.2573 1.95224 1.2245 1.69762 2.4519 2.66426 2.48324 2.74611
2.75531 2.30588 2.11601 0.815278 1.03121 2.22779 2.36746 1.63509 1.78698 3.64351
1.43321 0.499016 2.56103 1.20914 0.427653 0.974134 0.188431 2.20412 1.28832 0.345976
2.83537 1.99098 1.09356 1.65315 1.92833 1.73471 0.616377 1.69268 1.09753 0.264841
1.10704 2.61374 
***
0.304078 0.218162 0.540441 1.08387 0.16494 0.109416 0.207638 0.0596107 1.1163 1.19388
0.968584 0.603534 0.737636 0.21315 0.79942 0.490585 0.461596 0.966668 1.08897 0.634197
0.293664 0.242836 0.37979 1.82477 0.26924 0.322558 1.17704 2.81386 1.11436 0.44687
0.176396 0.325685 0.202974 0.171758 0.64709 0.629589 1.58552 0.487038 1.44464 1.4557
0.803545 0.136183 0.726139 0.701006 0.26686 0.830623 1.72563 1.58862 0.165046 0.320376
0.0940782 0.366039 0.0715628 1.49256 1.01003 0.490497 0.961603 2.1027 0.254304 0.525501
1.27529 1.46157 0.232934 0.383523 0.143324 0.11194 0.819535 0.278705 0.214609 0.778893
0.500314 0.226116 0.247312 0.108054 0.895708 0.306041 0.250036 0.962858 0.548312 0.398882
0.149708 0.375161 0.528623 0.132818 1.44306 1.00252 0.384146 0.144505 0.125257 0.126746
0.210202 0.122363 0.852482 0.102019 0.47227 0.714565 0.155589 0.0878102 0.343787 0.305556
0.596023 0.715381 0.277128 0.196934 2.04491 0.520555 0.231393 0.191867 0.307331 0.386068
0.900071 0.0897258 0.160569 0.23686 0.815591 0.277126 0.0794301 2.43233 0.241245 0.218193
0.182933 0.600517 0.0871701 0.169371 0.608799 0.268251 0.17293 0.0823679 0.304741 0.913029
0.249088 0.294397 0.602134 0.784318 0.460573 0.261602 0.452864 0.154469 0.675737 0.18466
0.556504 0.444485 0.833188 0.0796831 0.115055 0.205121 0.765767 0.58522 0.133842 0.206138
0.254195 0.12485 0.162647 0.15742 0.982529 0.6537 0.422673 0.0799744 0.249303 0.291627
0.486072 0.277173 0.0886561 0.793402 0.159501 0.315128 1.15393 0.264864 0.409963 0.368296
0.170747 1.1012 0.290713 1.93892 1.25342 0.216709 0.590908 0.261806 0.590288 0.13991
0.315383 0.226669 0.34903 0.323388 0.531663 0.164917 0.513365 0.115042 1.31729 0.162369
0.193247 0.712791 0.0995305 0.218448 1.43342 0.313219 0.160458 0.255103 0.911552 1.37391
0.126111 0.0811109 0.330809 0.371923 1.46111 0.34115 0.571883 0.363116 0.900719 0.072536
1.29406 0.189544 0.159619 0.186994 0.818637 1.02467 0.128057 0.320611 0.574041 0.215954
0.211292 0.0764864 0.187145 0.429905 0.315021 0.122465 0.506023 0.163225 0.71768 0.377871
0.164488 0.419846 0.0881495 0.480453 0.424856 1.30685 0.731507 0.255625 0.238736 0.295171
0.48351 0.258754 0.89348 0.609979 0.56296 0.140822 1.69135 0.0811019 0.428569 0.0582434
0.108963 0.163561 0.388779 0.442533 0.454006 0.237627 0.152497 0.142377 0.520629 0.570415
0.630701 0.843918 0.415904 0.233405 0.125745 0.661072 0.13721 0.231202 0.390509 0.312371
0.253963 0.816182 0.423884 0.452088 0.903024 0.416479 0.0771544 0.392832 0.152116 0.748313
0.108852 0.414233 0.583774 0.0551847 0.369003 0.370477 0.343988 0.0446306 0.743882 0.294871
0.134434 0.190033 0.45476 0.389255 0.487708 0.508936 0.18795 0.235762 0.148057 0.372463
0.165027 1.14023 1.12358 0.536006 0.145231 0.464147 0.366258 0.606888 0.587492 0.22609
0.17381 0.199811 0.279444 1.11567 0.398445 0.171989 0.312809 0.595917 0.862522 0.273631
0.208199 0.0929313 2.21803 0.239699 0.375195 0.661542 0.67736 0.214787 0.7883 0.288569
0.712681 0.184468 1.01616 0.365619 0.368842 0.660907 0.139038 0.139292 0.911971 0.28915
0.19539 0.128957 0.415605 0.260314 0.259983 0.152587 0.402062 0.248091 0.295398 0.426409
0.0831614 0.17674 0.287652 0.166401 0.224221 0.292522 0.291095 0.660231 0.349874 1.74972
0.137085 0.300123 0.1674 0.191868 0.201623 0.295977 0.190432 0.360918 0.15743 0.200986
1.02829 0.890799 0.304075 0.132616 1.60815 0.810311 0.689238 0.088247 0.447665 0.280436
0.390488 0.127186 0.426413 0.471975 0.213624 0.179526 0.271362 0.551898 0.435594 0.0925977
0.535485 0.447612 0.584813 0.585453 0.56104 0.34642 0.202574 0.0939761 0.34804 0.9707
0.203521 0.137736 0.0782406 0.31522 0.183107 0.336138 0.161773 0.381378 0.841563 0.281075
0.261856 0.328455 0.114915 0.313702 0.191111 0.401516 0.882312 0.172883 0.504614 0.314503
0.737168 0.586654 0.288353 0.193438 0.328337 0.374206 0.623955 0.534684 0.25198 1.32709
0.222627 0.757454 0.31815 0.492736 0.894909 0.451829 0.234485 0.312669 0.580985 0.472857
0.326353 0.187958 0.338142 0.270337 0.641435 0.117507 0.160632 0.0226871 0.1269 0.689108
0.274115 0.39857 0.981581 0.444257 0.427621 0.262887 0.501893 0.0746399 0.136249 0.456777
0.298163 0.56816 0.225888 0.479257 0.448359 0.428636 0.480499 0.257357 0.03975 0.852046
0.690741 0.226976 0.108945 0.061405 0.0587095 0.434136 0.200209 1.56942 0.412302 0.155701
0.514779 0.238391 0.781238 0.344075 0.127772 0.583967 0.153234 0.0872869 0.404602 0.172589
0.166155 0.353073 0.149516 0.783885 0.128877 0.387884 0.301695 0.502468 0.685528 0.544491
0.592767 0.480433 0.690296 0.149024 0.100708 0.936818 0.432719 0.462772 0.0928624 1.17983
0.455019 0.169585 0.145695 0.190414 0.356837 0.235964 0.171521 1.99363 0.455183 0.115597
0.286257 0.768091 1.2304 0.144006 0.108142 0.0334261 1.23733 0.95005 0.245291 0.143506
0.0783749 0.57802 0.163415 1.41195 0.381631 0.441712 0.104266 0.675195 0.21528 0.852191
0.887431 0.281851 0.17557 0.101806 0.149721 0.106274 0.146303 0.496486 0.207596 0.142124
0.338948 0.550355 0.57165 0.0900338 0.256733 0.30142 0.16244 0.376752 0.184293 0.092372
0.246684 0.978517 0.155137 0.116372 0.128174 1.01686 0.328031 0.782098 0.120938 0.314075
0.173669 0.420457 0.0925119 0.273804 0.284377 0.125063 0.325159 0.156768 0.174555 0.0745765
0.750593 0.118709 0.129744 0.122531 0.0845485 0.130462 0.514922 0.640085 0.455824 0.479558
0.828341 0.10575 0.176615 0.182809 1.25136 0.285144 0.591625 0.246512 0.236151 0.287905
0.137786 0.0973701 0.164888 0.680963 0.345363 0.292621 0.255539 0.353817 0.177429 0.799955
0.171072 0.229891 0.400976 0.101484 0.534953 0.253068 1.00083 1.15321 1.1896 0.516909
0.270659 0.871754 0.204884 0.369745 1.06417 0.88897 0.0367566 1.8564 0.214279 1.36125
2.4057 1.29564 0.404343 0.488934 1.43169 1.49766 0.252569 0.560175 0.319352 1.71291
1.31854 0.736933 1.99591 0.493196 0.397467 1.17159 1.05134 0.478469 0.0602034 0.89726
0.166641 0.933656 0.951087 0.262741 0.884603 0.76615 0.728403 1.71314 0.48411 0.365488
0.100367 0.391846 0.756157 0.164645 2.37287 0.3405 0.225534 0.746241 1.29237 0.758986
0.64649 1.8134 0.474509 1.2506 0.0753625 0.357167 0.354115 0.601515 1.43499 0.737209
0.271047 0.103494 1.27198 0.338935 1.58892 0.544049 0.366085 0.472083 0.0507915 0.359972
0.161301 0.498852 0.326381 0.485546 0.0876131 1.35984 0.639714 1.36487 0.530042 0.625257
0.277552 1.47517 0.694089 0.660751 1.86091 0.259565 0.673811 0.152653 0.453523 1.13383
0.137421 0.793269 1.84327 0.494856 0.572905 0.269665 0.758466 0.852078 1.53494 0.215771
1.32534 0.199833 0.435819 0.836318 0.718419 0.144651 0.0903762 0.326623 0.0730484 0.427446
0.652407 0.402863 0.414351 0.412177 0.945745 2.263 1.6642 0.951945 0.522553 0.159084
0.97635 0.427113 0.235975 0.226503 0.251288 0.554178 0.556452 0.631326 0.305978 0.8162
0.147435 0.424031 0.704504 1.01215 0.348067 1.21398 0.288362 0.508352 0.867669 0.779873
0.799094 0.789075 0.213447 0.335679 0.708536 0.208023 0.961787 1.42118 1.01695 0.438235
0.352537 0.257677 1.88228 0.374277 0.524222 0.459622 0.219454 1.00802 1.28422 0.217942
0.769012 0.402903 1.23656 0.653341 0.288007 0.181997 0.483567 0.588217 0.267043 0.653099
0.415121 1.11978 0.522878 0.804825 0.651323 0.755221 1.45124 1.31431 0.898276 1.30279
1.05599 1.23114 0.914017 0.24479 0.475906 1.0741 1.62668 1.10881 0.779064 1.46385
0.97219 0.294117 1.16931 0.643393 0.257536 0.519332 0.0969033 0.932498 0.512567 0.161442
1.11707 0.917956 0.46544 0.798411 1.26778 0.980146 0.283198 0.692576 0.724577 0.403481
0.516399 1.34232 
>noiseOffset:
>observedSynthesisNoise:
>std_NoiseOffset:
>mutation_prior_mean:
***
0 0 0 0 0 0 0 0 0 0
0 0 0 0 0 0 0 0 0 0
0 0 0 0 0 0 0 0 0 0
0 0 0 0 0 0 0 0 0 0
***
0 0 0 0 0 0 0 0 0 0
0 0 0 0 0 0 0 0 0 0
0 0 0 0 0 0 0 0 0 0
0 0 0 0 0 0 0 0 0 0
>mutation_prior_sd:
***
0.35 0.35 0.35 0.35 0.35 0.35 0.35 0.35 0.35 0.35
0.35 0.35 0.35 0.35 0.35 0.35 0.35 0.35 0.35 0.35
0.35 0.35 0.35 0.35 0.35 0.35 0.35 0.35 0.35 0.35
0.35 0.35 0.35 0.35 0.35 0.35 0.35 0.35 0.35 0.35
***
0.35 0.35 0.35 0.35 0.35 0.35 0.35 0.35 0.35 0.35
0.35 0.35 0.35 0.35 0.35 0.35 0.35 0.35 0.35 0.35
0.35 0.35 0.35 0.35 0.35 0.35 0.35 0.35 0.35 0.35
0.35 0.35 0.35 0.35 0.35 0.35 0.35 0.35 0.35 0.35
>std_csp:
0.00351844 0.00351844 0.00351844 0.1 0.08 0.064 0.0512 0.0107374 0.0107374 0.0107374
0.1 6.33825e-05 6.33825e-05 0.064 0.0209715 0.0209715 0.0209715 0.0209715 0.0209715 0.08
0.0022518 0.0022518 0.0022518 0.08 0.064 0.064 0.064 0.064 0.064 0.0134218
0.0134218 0.0134218 0.00144115 0.00144115 0.00144115 0.00439805 0.00439805 0.00439805 0.1 0.1
>currentMutationParameter:
***
-0.451343 0.86513 0.765887 0.568174 0.954587 -1.03421 0.774116 -0.667875 0.580908 0.61443
0.931098 0.397088 1.20478 -1.23508 0.487141 0.999478 0.722227 0.145404 -0.291683 0.825583
-0.380868 0.901249 0.356623 -0.912828 -1.15747 0.0343005 -0.730439 0.728036 -0.00531621 -0.379722
0.689506 0.616662 -0.351083 1.12674 0.890019 0.542621 1.05247 0.689377 0.696306 0.63983
***
-0.404735 0.936721 0.959618 0.771062 1.19246 -1.16224 0.3575 -0.69882 0.865462 0.63093
1.01813 0.818765 1.28822 -1.02519 0.499071 0.877259 0.688681 -0.0110814 -0.00506344 0.920464
-0.546208 0.842521 0.297103 -0.764354 -0.907727 0.204716 -0.692532 1.12571 0.422628 -0.502123
0.894285 0.60361 -0.291333 1.055 0.714739 0.405376 1.04709 0.517368 0.689935 0.915715
>currentSelectionParameter:
***
0.427503 -0.167366 0.446576 -0.350094 -0.175789 0.352857 -0.734276 -0.376853 -0.115421 0.172661
-0.391346 0.66709 -0.566067 0.563794 0.172861 -0.57103 -0.21204 -0.270993 0.966975 -0.383989
-0.696778 -0.227986 -0.18912 0.0603418 0.458688 0.78353 0.436439 0.0356037 0.606302 0.21025
-0.153468 0.026582 0.374392 -0.356219 0.226342 0.370483 -0.282186 -0.0930625 -0.418972 -0.284718
***
0.969379 -0.402036 0.704517 -0.978978 -0.608612 0.93005 -0.943383 -0.752599 -0.3113 0.548042
-1.00895 1.36535 -1.24562 0.958572 0.663393 -0.848011 -0.174273 -0.233513 1.64684 -0.84958
-1.53262 -0.424995 -0.610784 0.0799995 0.85056 1.30297 1.14129 -0.281309 1.00288 0.595451
-0.603415 -0.174754 0.578168 -0.694965 0.933852 1.02747 -0.534688 0.227458 -0.789375 -0.688694
>covarianceMatrix:
A
0.000802953	0.000120624	0.00061201	0.000414544	-0.000208665	0.0002259	-0.00038216	7.05786e-05	-0.000352865	-0.000578896	0.000321936	-0.000572135	
0.000120624	0.00102701	-0.00019262	-0.000222435	0.000120157	-0.000576146	-6.03624e-05	-0.000502105	0.000210213	0.000162231	-0.000120918	0.000510567	
0.00061201	-0.00019262	0.00211388	0.00102571	-0.000370015	0.00079148	-0.000203578	0.000356321	-0.00108786	-0.00139922	0.00048643	-0.00137025	
0.000414544	-0.000222435	0.00102571	0.00214325	0.000225579	0.000857236	-8.51322e-05	0.000274106	-0.000487861	-0.0017708	0.000205138	-0.00107978	
-0.000208665	0.000120157	-0.000370015	0.000225579	0.0023453	-0.000302476	-9.28944e-05	-0.000190328	1.72344e-05	-0.000107024	-0.00181418	0.000419638	
0.0002259	-0.000576146	0.00079148	0.000857236	-0.000302476	0.00304019	9.74579e-06	0.000471792	-0.00049002	-0.000610479	0.000439656	-0.00247415	
-0.00038216	-6.03624e-05	-0.000203578	-8.51322e-05	-9.28944e-05	9.74579e-06	0.000418502	-2.41774e-06	0.000288731	0.000293109	2.99996e-05	0.000256242	
7.05786e-05	-0.000502105	0.000356321	0.000274106	-0.000190328	0.000471792	-2.41774e-06	0.000426778	-0.000239065	-0.000315799	0.000264895	-0.000535049	
-0.000352865	0.000210213	-0.00108786	-0.000487861	1.72344e-05	-0.00049002	0.000288731	-0.000239065	0.00100422	0.00079212	7.88449e-06	0.00108404	
-0.000578896	0.000162231	-0.00139922	-0.0017708	-0.000107024	-0.000610479	0.000293109	-0.000315799	0.00079212	0.00299233	4.47184e-06	0.00161596	
0.000321936	-0.000120918	0.00048643	0.000205138	-0.00181418	0.000439656	2.99996e-05	0.000264895	7.88449e-06	4.47184e-06	0.00208533	-0.000346426	
-0.000572135	0.000510567	-0.00137025	-0.00107978	0.000419638	-0.00247415	0.000256242	-0.000535049	0.00108404	0.00161596	-0.000346426	0.00374515	
***
>covarianceMatrix:
C
0.00219329	0.000596816	-0.00101102	-0.000860182	
0.000596816	0.00552582	-0.000877828	-0.00382126	
-0.00101102	-0.000877828	0.00222914	0.00127982	
-0.000860182	-0.00382126	0.00127982	0.00605284	
***
>covarianceMatrix:
D
0.00166028	0.000202391	-0.000590238	-0.000303541	
0.000202391	0.0029161	-0.000261967	-0.00168436	
-0.000590238	-0.000261967	0.00133772	0.000338387	
-0.000303541	-0.00168436	0.000338387	0.00284305	
***
>covarianceMatrix:
E
0.00143103	0.000125763	-0.000852629	-0.000168899	
0.000125763	0.00240171	-0.000285175	-0.00191164	
-0.000852629	-0.000285175	0.00139562	0.00036788	
-0.000168899	-0.00191164	0.00036788	0.00304795	
***
>covarianceMatrix:
F
0.000880021	0.000154975	-0.000679285	-0.000218916	
0.000154975	0.0032486	0.000140436	-0.00285672	
-0.000679285	0.000140436	0.00118798	-0.000202503	
-0.000218916	-0.00285672	-0.000202503	0.00419297	
***
>covarianceMatrix:
G
0.000481339	0.000325688	0.000142212	0.000108119	0.000130147	9.7534e-05	-0.000237726	-0.000191256	-4.74412e-05	-6.16225e-06	-6.63824e-05	5.67631e-05	
0.000325688	0.000760825	0.000189546	3.62406e-05	9.97632e-05	0.000152821	-0.000159961	-0.000378971	-4.01469e-05	6.56033e-06	-4.22418e-05	0.000170504	
0.000142212	0.000189546	0.000892115	-9.44404e-05	6.98426e-05	2.22441e-05	-8.17402e-05	-0.000188729	-0.000447676	0.000126631	-6.85262e-05	8.70786e-05	
0.000108119	3.62406e-05	-9.44404e-05	0.000824298	0.000368941	0.000297773	-7.21925e-05	1.66011e-05	0.000162632	-0.0004189	-9.1326e-05	-0.000313345	
0.000130147	9.97632e-05	6.98426e-05	0.000368941	0.00119508	0.0004761	-7.98857e-05	-8.76365e-05	-9.41133e-05	-0.000162042	-0.000459408	-0.000310611	
9.7534e-05	0.000152821	2.22441e-05	0.000297773	0.0004761	0.00152223	-9.52105e-05	-7.65795e-05	-7.34783e-07	-0.000150525	-0.000210526	-0.00076037	
-0.000237726	-0.000159961	-8.17402e-05	-7.21925e-05	-7.98857e-05	-9.52105e-05	0.000249602	0.000178251	9.30627e-05	-1.14275e-05	2.32433e-05	-2.55118e-05	
-0.000191256	-0.000378971	-0.000188729	1.66011e-05	-8.76365e-05	-7.65795e-05	0.000178251	0.000407389	0.000167086	6.27347e-06	9.07381e-05	-0.000207128	
-4.74412e-05	-4.01469e-05	-0.000447676	0.000162632	-9.41133e-05	-7.34783e-07	9.30627e-05	0.000167086	0.000506272	-0.000112303	0.000118698	-9.31799e-05	
-6.16225e-06	6.56033e-06	0.000126631	-0.0004189	-0.000162042	-0.000150525	-1.14275e-05	6.27347e-06	-0.000112303	0.000584877	0.000300956	0.000484193	
-6.63824e-05	-4.22418e-05	-6.85262e-05	-9.1326e-05	-0.000459408	-0.000210526	2.32433e-05	9.07381e-05	0.000118698	0.000300956	0.000731044	0.000436861	
5.67631e-05	0.000170504	8.70786e-05	-0.000313345	-0.000310611	-0.00076037	-2.55118e-05	-0.000207128	-9.31799e-05	0.000484193	0.000436861	0.00192321	
***
>covarianceMatrix:
H
0.00320736	-0.000418213	-0.00191577	0.000221636	
-0.000418213	0.00778138	0.000100757	-0.00635741	
-0.00191577	0.000100757	0.00268524	-0.000110779	
0.000221636	-0.00635741	-0.000110779	0.00914928	
***
>covarianceMatrix:
I
0.000913588	-5.63732e-05	0.000531287	-0.000302692	-0.0008248	-4.25729e-05	-0.000482242	0.000378029	
-5.63732e-05	0.000704912	1.17312e-05	-0.000282699	-0.000146229	-0.000497598	-0.000298652	0.000231638	
0.000531287	1.17312e-05	0.0031781	-0.000354025	-0.000453248	-0.000283065	-0.00363629	0.000171292	
-0.000302692	-0.000282699	-0.000354025	0.00196417	0.00035154	0.000315707	0.000631687	-0.00115264	
-0.0008248	-0.000146229	-0.000453248	0.00035154	0.00175746	4.2691e-05	0.000562096	-0.000378401	
-4.25729e-05	-0.000497598	-0.000283065	0.000315707	4.2691e-05	0.000638299	0.000571662	-0.000242841	
-0.000482242	-0.000298652	-0.00363629	0.000631687	0.000562096	0.000571662	0.00813521	-0.000806811	
0.000378029	0.000231638	0.000171292	-0.00115264	-0.000378401	-0.000242841	-0.000806811	0.00271266	
***
>covarianceMatrix:
K
0.001394	0.000187815	-0.000888064	-0.000349174	
0.000187815	0.0024502	-0.000388445	-0.00182939	
-0.000888064	-0.000388445	0.00152792	0.000706241	
-0.000349174	-0.00182939	0.000706241	0.00295252	
***
>covarianceMatrix:
L
0.000246164	9.34763e-05	5.36519e-05	9.23493e-05	7.66163e-07	2.3657e-05	2.85824e-05	-2.00501e-05	4.31499e-05	8.47813e-05	-0.000203125	-6.45195e-05	-3.86851e-05	-6.49667e-05	4.06546e-05	2.40463e-05	2.27654e-05	1.88952e-05	6.49983e-06	-2.12269e-05	
9.34763e-05	0.000301922	0.000141438	7.61539e-05	-1.21788e-05	0.000210537	1.54031e-05	3.49308e-05	8.75538e-05	0.000154875	-7.27923e-05	-0.000158568	-9.67352e-05	5.88284e-06	1.03996e-06	-9.65162e-05	-3.7085e-05	-2.01368e-05	-6.25484e-05	1.7926e-05	
5.36519e-05	0.000141438	0.000235352	6.57654e-05	-1.05345e-07	0.000174205	8.73953e-05	0.00013838	9.38353e-05	0.000169473	-2.25291e-05	-8.68144e-05	-0.000141806	-2.23867e-05	-2.70224e-05	-0.000143788	-4.179e-05	-4.07284e-05	-1.91551e-05	1.10831e-05	
9.23493e-05	7.61539e-05	6.57654e-05	0.000181671	3.22353e-06	1.51389e-05	1.19706e-05	-2.25681e-05	1.11321e-05	0.00014979	-0.000106722	-4.24186e-05	-2.19402e-05	-0.00011309	2.71016e-05	2.97116e-05	2.42112e-05	2.25775e-05	1.38097e-05	-4.77057e-05	
7.66163e-07	-1.21788e-05	-1.05345e-07	3.22353e-06	0.000186875	-0.000134099	-3.27164e-05	-9.55343e-05	-3.49714e-05	-7.38398e-05	5.74061e-05	-1.76063e-05	-5.42151e-06	-3.49211e-05	-0.000115584	6.71513e-05	7.57786e-05	8.52008e-05	-4.00194e-06	-6.68346e-06	
2.3657e-05	0.000210537	0.000174205	1.51389e-05	-0.000134099	0.000732236	0.000237373	0.000361571	0.000213971	0.000348705	-7.25206e-05	-0.000123328	-0.000162122	3.96139e-05	5.23718e-06	-0.000445333	-8.14036e-05	-0.000177314	-5.1066e-05	3.05553e-05	
