>groupList:
A C D E F G H I K L
N P Q R S T V Y Z 
>stdDevSynthesisRate:
0.961836 
>numParam:
40
>numMixtures:
1
>std_stdDevSynthesisRate:
0.12
>std_phi:
***
1.37858 1.10287 1.10287 1.37858 1.06045 1.9384 2.32981 2.09657 0.627485 0.501988
0.627485 0.482681 1.37858 2.32981 0.652585 2.51992 0.84836 1.06045 0.678688 1.37858
1.79216 2.32981 2.32981 0.386145 1.9384 2.32981 0.401591 0.297034 0.401591 1.86385
1.61275 1.43373 2.32981 1.86385 0.678688 0.678688 0.401591 2.423 0.371293 0.28561
0.815731 1.43373 0.815731 1.79216 2.51992 1.14698 0.28561 0.371293 2.32981 2.01594
2.423 2.32981 2.18044 0.371293 1.37858 2.51992 0.678688 0.371293 2.51992 0.882294
1.55072 0.627485 1.79216 1.86385 1.61275 1.86385 0.705835 2.01594 2.423 0.678688
1.43373 1.79216 2.423 1.86385 0.371293 1.49108 1.19286 0.678688 1.06045 0.882294
2.01594 0.84836 1.9384 1.86385 0.401591 1.43373 1.9384 2.01594 2.01594 2.01594
1.43373 1.86385 0.522068 1.86385 1.37858 2.01594 1.9384 1.67726 1.79216 1.19286
0.401591 1.79216 2.51992 2.32981 0.371293 0.882294 1.79216 1.86385 2.01594 1.06045
1.06045 1.9384 2.32981 2.423 1.79216 1.86385 1.9384 0.297034 1.19286 1.79216
1.43373 0.815731 2.01594 1.9384 2.32981 1.79216 2.32981 1.9384 1.10287 1.79216
2.423 1.43373 1.49108 0.627485 0.917586 2.01594 1.10287 2.01594 1.49108 2.32981
0.84836 0.84836 0.815731 2.51992 2.32981 2.01594 1.9384 1.79216 1.9384 2.32981
1.19286 1.9384 1.9384 1.86385 0.815731 2.32981 1.55072 2.32981 1.86385 0.84836
0.678688 1.86385 1.61275 1.06045 1.86385 1.43373 0.482681 1.24058 1.14698 0.882294
2.32981 0.386145 1.10287 0.308916 0.815731 1.49108 0.815731 1.43373 0.627485 2.32981
1.9384 1.10287 1.37858 1.37858 0.84836 1.86385 0.627485 1.9384 0.882294 1.49108
1.9384 0.84836 2.32981 1.86385 0.501988 1.86385 2.32981 1.37858 0.84836 0.401591
1.43373 1.9384 0.917586 2.423 1.37858 0.815731 0.815731 1.37858 1.10287 2.51992
0.482681 2.32981 1.79216 1.79216 0.627485 0.386145 1.9384 1.55072 1.9384 1.49108
1.9384 2.01594 1.55072 0.882294 1.14698 1.86385 2.51992 1.86385 1.37858 1.10287
1.86385 1.10287 2.01594 1.43373 1.79216 0.501988 0.627485 1.49108 1.49108 2.32981
0.84836 1.43373 1.55072 1.06045 1.10287 2.01594 0.371293 2.01594 2.51992 1.86385
2.01594 1.43373 0.678688 1.37858 2.51992 1.43373 1.43373 1.79216 2.423 0.882294
2.32981 1.06045 1.19286 1.49108 2.01594 0.815731 1.9384 1.49108 1.55072 1.55072
2.01594 0.84836 1.10287 1.43373 1.06045 1.14698 2.423 1.06045 1.9384 0.371293
2.32981 1.37858 1.37858 1.67726 1.06045 1.37858 1.61275 1.37858 1.86385 1.10287
1.55072 1.37858 0.815731 0.84836 1.06045 1.86385 1.79216 1.43373 2.32981 1.10287
1.49108 0.815731 1.43373 0.815731 2.01594 0.815731 1.10287 0.678688 1.06045 2.01594
2.01594 2.423 1.55072 2.423 1.9384 2.09657 1.55072 1.14698 0.84836 1.49108
1.86385 1.43373 0.815731 1.49108 1.37858 1.37858 0.652585 1.03216 1.9384 1.86385
0.652585 1.86385 3.1499 1.06045 1.43373 1.06045 1.67726 1.43373 0.501988 1.86385
1.86385 1.61275 1.06045 1.79216 1.49108 1.61275 1.86385 2.423 1.19286 1.79216
2.32981 1.10287 1.49108 2.01594 1.55072 2.32981 1.55072 0.815731 1.43373 0.482681
1.9384 1.9384 1.86385 1.86385 1.49108 1.43373 2.32981 1.43373 2.01594 1.86385
1.79216 1.37858 1.55072 2.01594 0.501988 0.627485 1.14698 1.86385 0.815731 1.86385
1.37858 1.55072 1.06045 0.815731 1.9384 1.9384 1.43373 1.86385 2.01594 2.01594
0.84836 0.815731 1.14698 1.06045 1.37858 2.01594 2.01594 2.01594 1.24058 0.815731
1.86385 1.86385 2.01594 1.67726 1.43373 0.84836 1.43373 1.14698 0.501988 1.43373
1.79216 1.43373 2.32981 1.10287 1.14698 0.95429 1.10287 1.43373 0.917586 2.423
0.678688 1.86385 1.14698 1.55072 1.55072 1.49108 1.06045 1.43373 1.10287 0.84836
1.43373 2.51992 1.14698 2.01594 1.86385 0.678688 2.32981 2.423 1.37858 1.19286
1.79216 1.79216 1.43373 1.49108 1.06045 1.9384 1.86385 2.32981 1.43373 0.705835
1.14698 0.882294 0.501988 1.14698 1.37858 1.06045 0.815731 1.9384 1.9384 0.627485
2.32981 1.49108 1.86385 0.84836 1.43373 1.06045 1.10287 2.423 2.32981 0.627485
1.06045 1.55072 2.51992 2.01594 1.9384 0.815731 1.14698 1.06045 1.06045 1.79216
0.652585 1.9384 0.652585 1.79216 2.01594 0.815731 1.9384 2.32981 1.14698 2.09657
2.32981 1.79216 2.32981 0.652585 1.49108 2.423 1.61275 1.10287 1.9384 0.815731
1.06045 2.423 1.55072 1.55072 1.24058 0.84836 1.06045 1.10287 2.32981 0.482681
1.86385 2.01594 1.55072 1.79216 1.37858 1.86385 1.9384 0.386145 1.06045 1.37858
1.37858 0.501988 0.627485 1.49108 2.01594 2.01594 0.386145 1.49108 1.9384 1.49108
1.9384 1.86385 1.55072 0.371293 1.9384 1.79216 1.43373 0.705835 2.01594 0.678688
0.522068 1.43373 2.32981 1.9384 1.24058 1.86385 1.9384 2.32981 1.06045 2.51992
1.86385 0.652585 0.627485 2.32981 3.02875 1.9384 2.01594 1.55072 1.55072 2.32981
2.32981 0.28561 1.86385 2.423 2.423 0.882294 1.79216 2.423 2.51992 1.79216
2.01594 1.19286 2.01594 1.06045 1.43373 1.9384 1.55072 1.86385 2.01594 2.32981
0.627485 2.32981 1.86385 2.32981 1.79216 1.86385 0.522068 0.627485 1.43373 1.06045
0.652585 2.32981 0.815731 1.79216 0.482681 1.43373 0.678688 1.9384 1.43373 1.37858
1.79216 2.423 1.86385 1.43373 1.10287 1.37858 1.43373 1.43373 1.43373 0.84836
1.9384 2.32981 0.882294 2.32981 1.49108 1.9384 
>categories:
0 0
>mixtureAssignment:
0 0 0 0 0 0 0 0 0 0 0 0 0 0 0 0 0 0 0 0 0 0 0 0 0 0 0 0 0 0 0 0 0 0 0 0 0 0 0 0 0 0 0 0 0 0 0 0 0 0
0 0 0 0 0 0 0 0 0 0 0 0 0 0 0 0 0 0 0 0 0 0 0 0 0 0 0 0 0 0 0 0 0 0 0 0 0 0 0 0 0 0 0 0 0 0 0 0 0 0
0 0 0 0 0 0 0 0 0 0 0 0 0 0 0 0 0 0 0 0 0 0 0 0 0 0 0 0 0 0 0 0 0 0 0 0 0 0 0 0 0 0 0 0 0 0 0 0 0 0
0 0 0 0 0 0 0 0 0 0 0 0 0 0 0 0 0 0 0 0 0 0 0 0 0 0 0 0 0 0 0 0 0 0 0 0 0 0 0 0 0 0 0 0 0 0 0 0 0 0
0 0 0 0 0 0 0 0 0 0 0 0 0 0 0 0 0 0 0 0 0 0 0 0 0 0 0 0 0 0 0 0 0 0 0 0 0 0 0 0 0 0 0 0 0 0 0 0 0 0
0 0 0 0 0 0 0 0 0 0 0 0 0 0 0 0 0 0 0 0 0 0 0 0 0 0 0 0 0 0 0 0 0 0 0 0 0 0 0 0 0 0 0 0 0 0 0 0 0 0
0 0 0 0 0 0 0 0 0 0 0 0 0 0 0 0 0 0 0 0 0 0 0 0 0 0 0 0 0 0 0 0 0 0 0 0 0 0 0 0 0 0 0 0 0 0 0 0 0 0
0 0 0 0 0 0 0 0 0 0 0 0 0 0 0 0 0 0 0 0 0 0 0 0 0 0 0 0 0 0 0 0 0 0 0 0 0 0 0 0 0 0 0 0 0 0 0 0 0 0
0 0 0 0 0 0 0 0 0 0 0 0 0 0 0 0 0 0 0 0 0 0 0 0 0 0 0 0 0 0 0 0 0 0 0 0 0 0 0 0 0 0 0 0 0 0 0 0 0 0
0 0 0 0 0 0 0 0 0 0 0 0 0 0 0 0 0 0 0 0 0 0 0 0 0 0 0 0 0 0 0 0 0 0 0 0 0 0 0 0 0 0 0 0 0 0 0 0 0 0
0 0 0 0 0 0 0 0 0 0 0 0 0 0 0 0 0 0 0 0 0 0 0 0 0 0 0 0 0 0 0 0 0 0 0 0 0 0 0 0 0 0 0 0 0 0 0 0 0 0
0 0 0 0 0 0 0 0 0 0 0 0 0 0 0 0 0 0 0 0 0 0 0 0 0 0 0 0 0 0 0 0 0 0 0 0 0 0 0 0 0 0 0 0 0 0 0 0 0 0
0 0 0 0 0 0 0 0 0 0 0 0 0 0 0 0 
>numMutationCategories:
1
>numSelectionCategories:
1
>categoryProbabilities:
1 
>selectionIsInMixture:
***
0 
>mutationIsInMixture:
***
0 
>obsPhiSets:
0
>currentSynthesisRateLevel:
***
0.386285 0.786873 0.78648 3.4772 1.24957 0.496212 0.546879 0.105396 2.23662 3.15112
2.4865 1.09497 3.14856 0.719055 2.04798 0.91054 1.32463 1.98095 1.99709 2.13241
0.826759 0.409043 0.739137 4.10423 0.061881 0.241484 2.86161 7.31746 3.08782 0.70687
0.350441 0.253973 0.0907616 0.712129 1.83775 1.34493 3.47703 0.701915 3.23247 3.858
1.96698 0.637565 1.76005 0.750882 0.305801 1.13947 4.5131 4.15922 0.380984 0.246591
0.387427 0.649061 0.110561 3.48211 2.0237 0.376853 1.16838 4.86649 0.660447 0.767656
1.20173 2.32446 1.61733 0.209414 0.353527 0.355017 1.56836 0.583994 0.0358282 1.82107
0.441218 0.21296 0.179253 0.109695 2.39744 0.275661 0.554805 1.80849 0.834476 1.05565
0.354978 0.709167 1.41289 0.557868 3.96286 1.90166 1.18112 0.396116 0.178261 0.386355
0.364802 0.244376 1.82531 0.32483 1.46559 1.11996 0.257993 0.313131 0.243723 1.01514
1.44314 1.50686 0.665888 0.934141 3.89963 1.16266 0.189698 0.76696 0.27183 1.43693
2.40341 0.448982 0.419543 0.284913 0.427632 0.444628 0.384706 6.45894 1.0505 0.347389
0.214795 1.37872 0.134849 0.136026 0.483895 0.555944 0.245063 0.119739 0.912615 1.33474
0.576937 0.422056 1.10339 1.71552 1.33425 0.410772 0.996789 0.132051 1.26084 0.247295
1.3583 0.616914 1.68845 0.060315 0.69809 0.216367 1.57044 0.246954 0.256787 0.19367
1.09107 0.348087 0.275122 0.366041 1.95335 0.842075 0.700989 0.11126 0.173751 1.23031
1.23241 0.292765 0.509507 1.08267 0.549473 0.762056 2.5631 0.886269 0.364327 1.20244
0.212055 3.10118 0.50311 4.63096 3.95631 0.614061 1.50639 1.02072 1.79276 0.30992
0.82539 0.888852 0.454081 0.192931 1.68918 0.458505 0.968941 0.402154 1.3992 0.211259
0.330674 1.23852 0.141569 0.345596 2.79023 0.864983 0.205582 0.671864 1.97595 3.07832
0.693949 0.155114 1.01005 0.506821 2.11094 0.883498 1.35399 0.494549 1.96025 0.0626141
3.07258 0.526955 0.715106 0.452029 2.00327 2.77631 0.207255 0.578319 0.986639 0.232033
0.0334572 0.310607 0.501765 1.3242 0.896334 0.183462 0.225328 0.181683 0.797322 0.389438
0.308099 0.760369 0.0323744 2.51822 0.221173 3.135 1.29812 0.662587 0.731256 0.378859
1.52666 0.478204 0.635186 1.78401 0.630299 0.222078 4.62958 0.296947 0.20669 0.0970728
0.152385 0.155699 0.526102 1.02787 0.442079 0.424842 0.575572 0.376243 0.756154 1.13692
1.29979 2.79621 0.411491 0.752034 0.215485 1.4019 0.375383 0.558431 0.734846 0.244039
0.3061 1.71412 0.603466 0.787873 1.04396 0.623619 0.493034 1.58402 0.167436 1.69693
0.389672 0.7299 0.786163 0.122247 0.881463 0.355661 0.434703 0.259233 0.421721 0.730948
0.237333 0.473289 1.33048 0.91963 1.63573 0.434153 0.542293 0.266693 0.150412 0.537653
0.280926 2.42337 0.200189 1.16995 0.282317 0.73773 1.14144 1.50452 0.988708 0.572165
0.248591 0.0874479 0.375782 1.06816 0.781004 0.232719 0.558343 1.95839 2.4625 0.249393
0.44349 0.410105 4.04702 0.37125 0.383089 1.44872 1.59382 0.459091 0.719987 0.729413
1.20817 0.232638 0.670871 0.395831 0.388401 2.21424 0.0386877 0.37253 1.94614 0.493831
0.412539 0.356385 0.628447 0.428727 0.377395 0.68155 0.41114 0.214671 0.573863 0.387548
0.081155 0.905574 0.314433 0.544838 0.420287 1.32987 0.441757 1.05295 0.249341 4.86503
0.35532 0.264622 0.312494 0.34806 0.839466 0.44714 1.21056 0.345956 0.369362 0.378968
1.17948 1.61311 0.146156 0.409741 3.14173 2.00118 1.32854 0.367119 1.10582 0.325307
0.456073 0.272865 0.776698 1.08359 0.614033 0.140416 0.294145 0.141309 0.722356 0.189226
1.59222 1.23663 1.644 1.03438 0.691243 0.508123 0.810838 0.293931 0.264678 2.66069
0.0988736 0.0491217 0.395449 0.448692 0.271706 1.11628 0.752266 0.762921 1.8482 0.562555
0.95933 0.342554 0.195726 0.520435 0.545731 0.879093 1.22901 0.323617 1.1094 0.281734
1.00673 0.823622 0.890504 0.595833 0.85646 0.396928 1.397 0.236225 0.618719 1.8708
0.316468 0.58725 0.904392 0.995566 1.26757 1.14107 0.503013 0.478594 1.5663 0.428983
0.277453 0.410101 0.653051 0.766029 1.25091 0.128253 0.663833 0.18199 1.30917 0.986015
0.79706 1.18605 2.14271 0.782983 1.03109 0.85645 1.43544 0.537452 0.170124 1.51614
0.63922 1.34283 0.545221 1.39925 0.521054 0.712183 2.17154 0.776574 0.154732 1.87417
0.887422 0.306403 0.0536714 0.515312 0.0643967 1.78515 0.556937 2.12625 0.649175 0.147323
1.37645 0.124331 1.78294 0.629662 0.206909 0.851309 0.221959 0.200464 0.692683 0.229635
0.462236 0.685603 0.271386 1.3057 0.335695 0.145012 0.434921 1.50999 0.907404 1.0346
0.820734 0.654906 1.15757 0.465136 0.548135 1.16169 0.887102 0.942625 0.260016 3.4779
1.20155 0.297713 0.299781 0.488846 0.874057 0.265726 0.267664 4.63185 0.832183 0.589453
0.703819 1.85277 1.8769 0.642352 0.0399015 0.121168 2.44479 2.15595 0.161448 0.448389
0.115083 0.676951 0.641452 2.67406 0.543588 0.307385 1.49431 1.45389 0.197669 1.73128
2.06333 0.411254 0.264411 0.24754 0.571602 0.161313 0.334284 0.372886 0.714723 0.324056
0.284378 1.37473 1.204 0.274492 0.25044 0.219035 0.274771 0.662017 0.386505 0.243774
0.0968031 2.16359 0.349272 0.39127 0.253101 2.49079 0.197429 1.15648 0.212703 0.422635
0.160956 0.581139 0.30617 0.903426 0.653723 0.181733 0.617821 0.43729 0.467688 0.461903
2.07791 0.224306 0.392117 0.423058 0.218892 0.314655 1.18902 2.18076 0.278191 1.35466
2.2828 0.275203 0.928545 0.643557 2.95654 0.660035 1.47778 0.741665 0.47044 0.993863
0.534296 0.138538 0.486116 0.965152 1.14479 0.803469 0.465733 0.415919 0.388689 3.04151
0.123323 0.211703 1.01134 0.145345 0.426933 0.195437 
>noiseOffset:
>observedSynthesisNoise:
>std_NoiseOffset:
>mutation_prior_mean:
***
0 0 0 0 0 0 0 0 0 0
0 0 0 0 0 0 0 0 0 0
0 0 0 0 0 0 0 0 0 0
0 0 0 0 0 0 0 0 0 0
>mutation_prior_sd:
***
0.35 0.35 0.35 0.35 0.35 0.35 0.35 0.35 0.35 0.35
0.35 0.35 0.35 0.35 0.35 0.35 0.35 0.35 0.35 0.35
0.35 0.35 0.35 0.35 0.35 0.35 0.35 0.35 0.35 0.35
0.35 0.35 0.35 0.35 0.35 0.35 0.35 0.35 0.35 0.35
>std_csp:
0.064 0.064 0.064 340.599 3.93738 0.1 0.1 0.0512 0.0512 0.0512
972.786 0.032768 0.032768 0.1 0.0167772 0.0167772 0.0167772 0.0167772 0.0167772 1.79216
0.04096 0.04096 0.04096 1644.01 0.0262144 0.0262144 0.0262144 0.0262144 0.0262144 0.0512
0.0512 0.0512 0.04096 0.04096 0.04096 0.04096 0.04096 0.04096 119.253 748.297
>currentMutationParameter:
***
-0.357018 0.904686 0.789428 0.534466 0.969725 -0.914539 0.771732 -0.675852 0.519033 0.546826
0.77751 0.436943 1.13578 -1.20888 0.577125 0.826098 0.585924 0.116991 -0.220723 0.780868
-0.427014 0.775531 0.290642 -0.92759 -1.08306 0.230146 -0.672412 0.796783 0.036989 -0.387275
0.644298 0.581411 -0.253851 1.04636 0.859317 0.625978 0.995979 0.641461 0.624849 0.712679
>currentSelectionParameter:
***
0.332995 -0.144123 0.356209 -0.34057 -0.208477 0.251109 -0.627555 -0.346089 -0.0460316 0.205633
-0.284137 0.594034 -0.472025 0.537811 0.159284 -0.408226 -0.0831502 -0.218902 0.908505 -0.362727
-0.554346 -0.0280296 -0.0676025 0.0246604 0.321857 0.471181 0.377653 -0.023498 0.64399 0.205747
-0.120821 0.021033 0.271443 -0.27351 0.281308 0.273778 -0.24167 -0.029486 -0.332397 -0.406649
>covarianceMatrix:
A
0.000530475	9.46654e-05	6.01546e-05	-0.000187175	6.20723e-06	3.14065e-06	
9.46654e-05	0.000718986	0.000192063	-2.75328e-05	-0.000199169	-0.000224345	
6.01546e-05	0.000192063	0.00109781	7.22735e-06	-4.62214e-05	-0.00076941	
-0.000187175	-2.75328e-05	7.22735e-06	0.000505314	-2.44147e-05	6.20605e-05	
6.20723e-06	-0.000199169	-4.62214e-05	-2.44147e-05	0.000397258	7.38221e-05	
3.14065e-06	-0.000224345	-0.00076941	6.20605e-05	7.38221e-05	0.00132353	
***
>covarianceMatrix:
C
0.00348032	-0.00226592	
-0.00226592	0.00306806	
***
>covarianceMatrix:
D
0.00332996	-0.00192289	
-0.00192289	0.00203711	
***
>covarianceMatrix:
E
0.0025	0	
0	0.0025	
***
>covarianceMatrix:
F
0.0025	0	
0	0.0025	
***
>covarianceMatrix:
G
0.00089299	0.000639749	0.000543261	-0.000474325	-0.000322779	-0.000352714	
0.000639749	0.00183572	0.000585733	-0.000269816	-0.000918887	-0.00029008	
0.000543261	0.000585733	0.00224678	-0.000329976	-0.000305924	-0.00124994	
-0.000474325	-0.000269816	-0.000329976	0.000620184	0.00035568	0.000330258	
-0.000322779	-0.000918887	-0.000305924	0.00035568	0.000973518	0.000342875	
-0.000352714	-0.00029008	-0.00124994	0.000330258	0.000342875	0.00141811	
***
>covarianceMatrix:
H
0.00520852	-0.00352787	
-0.00352787	0.00451215	
***
>covarianceMatrix:
I
0.00139878	-0.000156874	-0.00126426	-0.000258537	
-0.000156874	0.000784462	6.58955e-06	-0.000565188	
-0.00126426	6.58955e-06	0.0021647	-3.09851e-05	
-0.000258537	-0.000565188	-3.09851e-05	0.00134384	
***
>covarianceMatrix:
K
0.0031097	-0.00130612	
-0.00130612	0.00279046	
***
>covarianceMatrix:
L
0.00133661	0.000430939	0.000130872	0.000221669	-2.47874e-05	-0.0012417	-0.000338042	-0.000164051	-0.00022948	0.000527279	
0.000430939	0.00107565	0.000143483	0.000195612	0.00028669	-0.000487734	-0.000648287	-2.44382e-06	-3.01619e-05	-0.000345099	
0.000130872	0.000143483	0.000560923	0.00014673	0.000383514	-0.000100292	-0.000140815	-0.000395693	-0.000153025	-0.00047327	
0.000221669	0.000195612	0.00014673	0.000489284	5.74446e-05	-0.000121139	-0.000105065	-7.80354e-05	-0.000269329	-4.06662e-05	
-2.47874e-05	0.00028669	0.000383514	5.74446e-05	0.00191245	0.000187682	-0.000144184	-0.000185595	9.1789e-05	-0.00304164	
-0.0012417	-0.000487734	-0.000100292	-0.000121139	0.000187682	0.00179881	0.000643201	0.000325306	0.000366914	-0.000735491	
-0.000338042	-0.000648287	-0.000140815	-0.000105065	-0.000144184	0.000643201	0.000931933	0.000319748	0.000306988	-0.00017908	
-0.000164051	-2.44382e-06	-0.000395693	-7.80354e-05	-0.000185595	0.000325306	0.000319748	0.000716811	0.000343342	-3.50547e-07	
-0.00022948	-3.01619e-05	-0.000153025	-0.000269329	9.1789e-05	0.000366914	0.000306988	0.000343342	0.000544134	-0.000458126	
0.000527279	-0.000345099	-0.00047327	-4.06662e-05	-0.00304164	-0.000735491	-0.00017908	-3.50547e-07	-0.000458126	0.00685014	
***
>covarianceMatrix:
N
0.00254942	-0.00201608	
-0.00201608	0.00281174	
***
>covarianceMatrix:
P
0.0015171	0.000741294	0.000991452	-0.00093907	-0.000412692	-0.000681395	
0.000741294	0.00260264	0.000939073	-0.000569686	-0.00170898	-0.000592009	
0.000991452	0.000939073	0.00206905	-0.00074939	-0.000611881	-0.0013003	
-0.00093907	-0.000569686	-0.00074939	0.00120577	0.000682225	0.000830105	
-0.000412692	-0.00170898	-0.000611881	0.000682225	0.00207274	0.00062482	
-0.000681395	-0.000592009	-0.0013003	0.000830105	0.00062482	0.00144994	
***
>covarianceMatrix:
Q
0.0042737	-0.00248957	
-0.00248957	0.00258227	
***
>covarianceMatrix:
R
0.000652912	0.000474851	0.000430009	0.000334405	0.000247683	-0.000384582	-0.000210508	-0.000195331	-0.000126958	5.18764e-05	
0.000474851	0.0017085	0.000730139	0.000376007	0.000242993	-0.000187763	-0.00115154	-0.000355886	-2.11777e-05	0.000219354	
0.000430009	0.000730139	0.0011317	0.000447307	0.000322621	-0.000122573	-0.000297455	-0.000696608	-0.00012496	0.000199445	
0.000334405	0.000376007	0.000447307	0.00129822	-3.26234e-05	-0.0001608	-5.17983e-05	-0.000245314	-0.000481121	0.000239411	
0.000247683	0.000242993	0.000322621	-3.26234e-05	0.00143356	-5.10442e-05	-8.27322e-05	-7.91637e-05	8.40517e-05	-0.0010094	
-0.000384582	-0.000187763	-0.000122573	-0.0001608	-5.10442e-05	0.000497566	0.000220673	0.000141516	0.000180236	0.000104103	
-0.000210508	-0.00115154	-0.000297455	-5.17983e-05	-8.27322e-05	0.000220673	0.00147908	0.000258461	4.41489e-06	-4.96925e-06	
-0.000195331	-0.000355886	-0.000696608	-0.000245314	-7.91637e-05	0.000141516	0.000258461	0.000757087	0.000130198	-0.000135442	
-0.000126958	-2.11777e-05	-0.00012496	-0.000481121	8.40517e-05	0.000180236	4.41489e-06	0.000130198	0.000445522	-4.78246e-05	
5.18764e-05	0.000219354	0.000199445	0.000239411	-0.0010094	0.000104103	-4.96925e-06	-0.000135442	-4.78246e-05	0.0014872	
***
>covarianceMatrix:
S
0.000963315	0.000409284	0.000480284	-0.000701568	-0.000152028	-0.000441636	
0.000409284	0.00170658	0.000688926	-0.000232378	-0.0010709	-0.000620424	
0.000480284	0.000688926	0.00151257	-0.000351838	-0.000509015	-0.00110801	
-0.000701568	-0.000232378	-0.000351838	0.000926818	0.000228706	0.000468232	
-0.000152028	-0.0010709	-0.000509015	0.000228706	0.00116041	0.000563316	
-0.000441636	-0.000620424	-0.00110801	0.000468232	0.000563316	0.00129304	
***
>covarianceMatrix:
T
0.000937007	0.000377943	0.00067499	-0.000626413	-0.000226572	-0.000500562	
0.000377943	0.00153908	0.000460975	-0.000242502	-0.000947943	-0.000351014	
0.00067499	0.000460975	0.00203541	-0.000458834	-0.000343843	-0.00158742	
-0.000626413	-0.000242502	-0.000458834	0.000876681	0.000263182	0.000629773	
-0.000226572	-0.000947943	-0.000343843	0.000263182	0.00104699	0.000405774	
-0.000500562	-0.000351014	-0.00158742	0.000629773	0.000405774	0.00215554	
***
>covarianceMatrix:
V
0.0019572	0.000263824	1.73384e-05	-0.00162705	-0.000108093	5.09532e-05	
0.000263824	0.00172623	0.000424025	-0.000177355	-0.00125111	-0.000517203	
1.73384e-05	0.000424025	0.00118606	0.000152145	-0.000345887	-0.000950939	
-0.00162705	-0.000177355	0.000152145	0.00207628	8.56046e-05	-6.4283e-05	
-0.000108093	-0.00125111	-0.000345887	8.56046e-05	0.0016032	0.000688731	
5.09532e-05	-0.000517203	-0.000950939	-6.4283e-05	0.000688731	0.00131807	
***
>covarianceMatrix:
Y
0.00243531	-0.00199115	
-0.00199115	0.00276415	
***
>covarianceMatrix:
Z
0.00579986	-0.00478325	
-0.00478325	0.00658563	
***
