>groupList:
A C D E F G H I K L
N P Q R S T V Y Z 
>stdDevSynthesisRate:
1.02301 
>numParam:
40
>numMixtures:
1
>std_stdDevSynthesisRate:
0.248832
>std_phi:
***
0.140608 0.371293 0.371293 0.18279 0.386145 0.386145 0.371293 0.401591 0.501988 0.308916
0.169 0.140608 0.401591 0.371293 0.401591 0.371293 1.86385 0.482681 0.678688 0.587255
0.882294 0.371293 0.815731 0.678688 0.652585 0.321272 0.169 0.371293 1.14698 0.371293
0.95429 1.43373 1.9384 1.14698 0.386145 1.10287 0.321272 0.401591 0.522068 0.297034
0.401591 0.482681 0.652585 0.371293 0.501988 0.522068 1.14698 1.61275 0.386145 0.54295
0.627485 0.734069 0.627485 0.587255 0.734069 0.652585 0.882294 0.815731 0.882294 0.734069
0.678688 0.522068 0.482681 1.10287 0.501988 0.917586 0.627485 0.678688 2.01594 0.95429
0.652585 1.14698 0.95429 0.84836 0.371293 0.705835 2.01594 0.501988 0.705835 0.501988
1.19286 1.49108 1.2902 0.482681 0.678688 0.54295 0.522068 0.882294 0.917586 0.917586
0.882294 0.705835 1.34181 0.652585 0.482681 0.321272 0.501988 0.882294 0.652585 0.522068
1.14698 1.19286 1.61275 0.386145 0.705835 2.32981 0.522068 0.501988 1.10287 0.501988
1.2902 0.705835 0.734069 0.522068 0.815731 0.763432 0.95429 1.14698 0.54295 0.28561
0.992461 0.564668 0.652585 0.95429 0.992461 0.522068 0.522068 0.482681 
>categories:
0 0
>mixtureAssignment:
0 0 0 0 0 0 0 0 0 0 0 0 0 0 0 0 0 0 0 0 0 0 0 0 0 0 0 0 0 0 0 0 0 0 0 0 0 0 0 0 0 0 0 0 0 0 0 0 0 0
0 0 0 0 0 0 0 0 0 0 0 0 0 0 0 0 0 0 0 0 0 0 0 0 0 0 0 0 0 0 0 0 0 0 0 0 0 0 0 0 0 0 0 0 0 0 0 0 0 0
0 0 0 0 0 0 0 0 0 0 0 0 0 0 0 0 0 0 0 0 0 0 0 0 0 0 0 0 
>numMutationCategories:
1
>numSelectionCategories:
1
>categoryProbabilities:
1 
>selectionIsInMixture:
***
0 
>mutationIsInMixture:
***
0 
>obsPhiSets:
0
>currentSynthesisRateLevel:
***
1.32137 1.09235 1.14084 1.41413 1.22428 1.01135 1.10591 1.06682 0.540212 1.09725
1.37142 1.62794 1.03126 0.744716 0.848411 0.908301 0.261977 0.852314 0.815333 0.594939
0.369249 0.57725 0.658043 0.449495 0.650586 1.04495 1.26463 0.908924 0.401577 0.874919
0.230305 0.451288 0.315326 0.223749 1.29971 0.552398 1.03958 0.400542 0.257561 0.786006
1.09339 0.705382 0.304638 0.581138 0.272257 0.476071 0.423882 0.222899 0.386818 0.40347
0.297045 0.15622 0.637433 0.322604 0.295404 0.446134 0.347694 0.319094 0.385096 0.242212
0.274107 0.30999 0.700426 0.238533 0.564809 0.36908 0.450409 0.263248 0.155487 0.173297
0.395184 0.326765 0.239354 0.30907 1.46095 0.335279 0.140321 0.310212 0.299473 0.403642
0.197509 0.276165 0.101542 0.592203 0.478654 0.446146 0.641109 0.333497 0.321231 0.342832
0.411516 0.662141 0.0654227 0.535471 1.45308 1.19424 0.303488 0.310614 0.799973 0.301316
0.0685815 0.176115 0.104525 0.9802 0.293727 0.164702 0.264266 0.332213 0.202458 0.352535
0.13833 0.226668 0.252753 0.391892 0.432593 0.155196 0.157016 0.123654 0.208669 0.425435
0.171883 0.281942 0.251937 0.113637 0.242749 0.881387 0.651049 0.601947 
>noiseOffset:
>observedSynthesisNoise:
>std_NoiseOffset:
>mutation_prior_mean:
***
0 0 0 0 0 0 0 0 0 0
0 0 0 0 0 0 0 0 0 0
0 0 0 0 0 0 0 0 0 0
0 0 0 0 0 0 0 0 0 0
>mutation_prior_sd:
***
0.35 0.35 0.35 0.35 0.35 0.35 0.35 0.35 0.35 0.35
0.35 0.35 0.35 0.35 0.35 0.35 0.35 0.35 0.35 0.35
0.35 0.35 0.35 0.35 0.35 0.35 0.35 0.35 0.35 0.35
0.35 0.35 0.35 0.35 0.35 0.35 0.35 0.35 0.35 0.35
>std_csp:
0.064 0.064 0.064 41.7539 442.779 262 54.2801 0.064 0.064 0.064
155.029 0.0832 0.0832 14.6192 0.0512 0.0512 0.0512 0.0512 0.0512 24.7065
0.00351844 0.00351844 0.00351844 442.779 0.064 0.064 0.064 0.064 0.064 0.04096
0.04096 0.04096 0.08 0.08 0.08 0.08 0.08 0.08 340.599 24.7065
>currentMutationParameter:
***
-0.0215965 0.518492 0.0967027 0.287351 0.703851 -0.327994 -0.335672 -0.380076 0.184334 1.22069
0.76593 1.18176 0.303966 -0.30179 0.324291 0.138883 -0.0703077 0.177513 0.463751 0.652935
-0.111799 0.697327 -0.356982 -0.0135571 -0.112049 0.788456 -0.21348 0.764933 0.484183 -0.202277
0.651022 -0.40449 -0.1621 0.804867 0.189619 0.926955 0.161736 0.0373124 0.163533 0.397904
>currentSelectionParameter:
***
1.49403 -0.269009 2.86637 -1.53427 -0.809222 0.718799 -1.02868 -2.23715 0.368708 -0.499321
-1.60348 2.5343 -0.717354 1.70931 4.20994 -0.954938 1.27159 -1.2749 3.32686 -1.59309
-3.55956 0.96671 0.222407 -1.12071 0.775362 3.35777 2.65659 -0.445741 3.37798 1.07648
-0.632269 1.44865 1.2841 -0.964924 1.61079 1.49942 0.00737021 1.47336 -1.23478 -1.54551
>covarianceMatrix:
A
0.00233916	0.000442392	0.00216527	-0.00182682	-0.000375279	-0.0012379	
0.000442392	0.00146949	0.000339383	-0.000212288	-0.00109339	0.000185596	
0.00216527	0.000339383	0.00604658	-0.00132966	-0.000383504	-0.00537272	
-0.00182682	-0.000212288	-0.00132966	0.00306096	0.000143322	0.00188761	
-0.000375279	-0.00109339	-0.000383504	0.000143322	0.00136292	-0.000171375	
-0.0012379	0.000185596	-0.00537272	0.00188761	-0.000171375	0.00922446	
***
>covarianceMatrix:
C
0.00945028	-0.0119313	
-0.0119313	0.0271998	
***
>covarianceMatrix:
D
0.00434257	-0.00476063	
-0.00476063	0.00873071	
***
>covarianceMatrix:
E
0.00335273	-0.00325313	
-0.00325313	0.00606297	
***
>covarianceMatrix:
F
0.00849362	-0.0120388	
-0.0120388	0.0290594	
***
>covarianceMatrix:
G
0.00294222	0.000774563	0.00139999	-0.0025228	-0.000991659	-0.00114422	
0.000774563	0.00352855	0.00178425	-0.00149997	-0.00429738	-0.00222296	
0.00139999	0.00178425	0.00531486	-0.00193021	-0.00267566	-0.00601896	
-0.0025228	-0.00149997	-0.00193021	0.00450472	0.00306604	0.00276611	
-0.000991659	-0.00429738	-0.00267566	0.00306604	0.00852189	0.00441431	
-0.00114422	-0.00222296	-0.00601896	0.00276611	0.00441431	0.0101234	
***
>covarianceMatrix:
H
0.00924856	-0.0116631	
-0.0116631	0.0296948	
***
>covarianceMatrix:
I
0.0124907	-0.000831877	-0.0216207	0.00120785	
-0.000831877	0.00209425	0.00136615	-0.00177006	
-0.0216207	0.00136615	0.0647261	-0.00293728	
0.00120785	-0.00177006	-0.00293728	0.002541	
***
>covarianceMatrix:
K
0.0049269	-0.00562869	
-0.00562869	0.013375	
***
>covarianceMatrix:
L
0.00587347	-0.000803112	1.06291e-05	-0.00117426	0.0029124	-0.00578759	0.000345645	0.000185398	0.000442878	-0.00334865	
-0.000803112	0.0010465	0.000156224	0.000664921	-0.000786396	0.000789292	-0.000728716	-0.000126156	-0.000505115	0.00107191	
1.06291e-05	0.000156224	0.000858284	5.1156e-05	3.5913e-05	0.000661191	-4.12852e-05	-0.000765722	-5.07266e-06	0.000272039	
-0.00117426	0.000664921	5.1156e-05	0.00131759	-0.000856189	0.00111133	-0.000356565	2.09257e-05	-0.000739862	0.000913017	
0.0029124	-0.000786396	3.5913e-05	-0.000856189	0.0041072	-0.00255684	0.000642579	0.000360844	0.00053922	-0.00429218	
-0.00578759	0.000789292	0.000661191	0.00111133	-0.00255684	0.0100328	-0.000130832	-0.000367651	-0.000438594	0.00433694	
0.000345645	-0.000728716	-4.12852e-05	-0.000356565	0.000642579	-0.000130832	0.000862619	0.000218687	0.000509027	-0.000771935	
0.000185398	-0.000126156	-0.000765722	2.09257e-05	0.000360844	-0.000367651	0.000218687	0.00144913	9.15828e-05	-0.000536034	
0.000442878	-0.000505115	-5.07266e-06	-0.000739862	0.00053922	-0.000438594	0.000509027	9.15828e-05	0.000728116	-0.000535281	
-0.00334865	0.00107191	0.000272039	0.000913017	-0.00429218	0.00433694	-0.000771935	-0.000536034	-0.000535281	0.00705634	
***
>covarianceMatrix:
N
0.00588044	-0.00696467	
-0.00696467	0.0179675	
***
>covarianceMatrix:
P
0.00282626	6.1309e-05	0.000735877	-0.00316777	0.00199636	-0.00124602	
6.1309e-05	0.00649522	0.000940734	0.000261544	-0.0169331	-0.000931681	
0.000735877	0.000940734	0.00221597	-0.00124812	-0.000918651	-0.00334642	
-0.00316777	0.000261544	-0.00124812	0.00987957	-0.00163181	0.00299199	
0.00199636	-0.0169331	-0.000918651	-0.00163181	0.063549	0.00246006	
-0.00124602	-0.000931681	-0.00334642	0.00299199	0.00246006	0.0110016	
***
>covarianceMatrix:
Q
0.0061561	-0.00635666	
-0.00635666	0.0119529	
***
>covarianceMatrix:
R
0.00117031	0.00114531	0.000853091	7.73105e-05	0.000439381	-0.00101355	-0.000879104	-0.000738351	-5.17334e-05	-0.000134603	
0.00114531	0.00733175	0.00347846	-0.000591777	0.00296181	-0.00077348	-0.00981409	-0.00367366	0.00069245	-0.00175131	
0.000853091	0.00347846	0.00372218	-0.000230986	0.00183508	-0.000553348	-0.0043697	-0.00393777	6.25603e-05	-0.000700356	
7.73105e-05	-0.000591777	-0.000230986	0.0011812	-0.000119433	-2.72835e-05	0.000980575	0.000161144	-0.000716269	-0.000208819	
0.000439381	0.00296181	0.00183508	-0.000119433	0.00396698	-4.96847e-05	-0.00346781	-0.00159507	0.000182366	-0.00354718	
-0.00101355	-0.00077348	-0.000553348	-2.72835e-05	-4.96847e-05	0.00143306	0.000845361	0.000841785	0.00013608	-6.25438e-05	
-0.000879104	-0.00981409	-0.0043697	0.000980575	-0.00346781	0.000845361	0.0184098	0.0054962	-0.00114996	0.00285196	
-0.000738351	-0.00367366	-0.00393777	0.000161144	-0.00159507	0.000841785	0.0054962	0.00615469	0.000153466	0.000485538	
-5.17334e-05	0.00069245	6.25603e-05	-0.000716269	0.000182366	0.00013608	-0.00114996	0.000153466	0.000890284	0.000128999	
-0.000134603	-0.00175131	-0.000700356	-0.000208819	-0.00354718	-6.25438e-05	0.00285196	0.000485538	0.000128999	0.00697175	
***
>covarianceMatrix:
S
0.00236943	0.000678744	0.00146095	-0.00271595	-0.000921565	-0.000711309	
0.000678744	0.00182453	0.000474174	-0.00074625	-0.00163147	2.80633e-05	
0.00146095	0.000474174	0.0023706	-0.00132853	-0.000568461	-0.00205166	
-0.00271595	-0.00074625	-0.00132853	0.00507463	0.00143975	0.00103229	
-0.000921565	-0.00163147	-0.000568461	0.00143975	0.00260376	-0.000211809	
-0.000711309	2.80633e-05	-0.00205166	0.00103229	-0.000211809	0.00511103	
***
>covarianceMatrix:
T
0.00258543	0.000557153	0.000701278	-0.00197672	-0.00031063	-0.000106621	
0.000557153	0.00227702	0.000387277	-0.000377297	-0.00118268	7.11097e-05	
0.000701278	0.000387277	0.00417873	-0.000496535	-0.000265256	-0.00458404	
-0.00197672	-0.000377297	-0.000496535	0.00330785	0.000396699	0.000725783	
-0.00031063	-0.00118268	-0.000265256	0.000396699	0.00153017	9.33513e-05	
-0.000106621	7.11097e-05	-0.00458404	0.000725783	9.33513e-05	0.00801757	
***
>covarianceMatrix:
V
0.00630038	0.000264169	0.0025569	-0.00547321	-0.000100053	-0.00200888	
0.000264169	0.0014545	0.000249333	0.000188375	-0.000568084	0.000121079	
0.0025569	0.000249333	0.00373102	-0.00234722	-0.000136777	-0.00300816	
-0.00547321	0.000188375	-0.00234722	0.00729091	-9.46482e-05	0.00209721	
-0.000100053	-0.000568084	-0.000136777	-9.46482e-05	0.00108855	4.34601e-05	
-0.00200888	0.000121079	-0.00300816	0.00209721	4.34601e-05	0.00454377	
***
>covarianceMatrix:
Y
0.0104649	-0.0134484	
-0.0134484	0.0304859	
***
>covarianceMatrix:
Z
0.0131856	-0.0220124	
-0.0220124	0.0656627	
***
