>groupList:
A C D E F G H I K L
N P Q R S T V Y Z 
>stdDevSynthesisRate:
1.67391 
>numParam:
40
>numMixtures:
1
>std_stdDevSynthesisRate:
0.358318
>std_phi:
***
0.371293 1.06045 0.371293 0.627485 1.06045 1.06045 0.371293 0.371293 0.28561 1.06045
0.371293 0.371293 0.28561 0.371293 0.371293 0.371293 0.371293 0.371293 0.371293 0.815731
0.482681 0.371293 0.627485 0.815731 0.627485 0.815731 0.371293 0.627485 1.06045 0.371293
0.371293 0.371293 0.482681 0.815731 
>categories:
0 0
>mixtureAssignment:
0 0 0 0 0 0 0 0 0 0 0 0 0 0 0 0 0 0 0 0 0 0 0 0 0 0 0 0 0 0 0 0 0 0 
>numMutationCategories:
1
>numSelectionCategories:
1
>categoryProbabilities:
1 
>selectionIsInMixture:
***
0 
>mutationIsInMixture:
***
0 
>obsPhiSets:
0
>currentSynthesisRateLevel:
***
0.339243 0.0264132 0.285602 0.182193 0.0121126 0.0376291 0.319736 0.305037 0.195143 0.0521981
0.483011 0.347188 0.545939 0.304568 0.493511 0.230276 0.546477 0.345825 0.136582 0.0463213
0.275863 0.511445 0.488676 0.0104513 0.15759 0.46916 0.11174 0.530142 0.010795 0.185932
0.164263 0.360666 0.139068 0.0601527 
>noiseOffset:
>observedSynthesisNoise:
>std_NoiseOffset:
>mutation_prior_mean:
***
0 0 0 0 0 0 0 0 0 0
0 0 0 0 0 0 0 0 0 0
0 0 0 0 0 0 0 0 0 0
0 0 0 0 0 0 0 0 0 0
>mutation_prior_sd:
***
0.35 0.35 0.35 0.35 0.35 0.35 0.35 0.35 0.35 0.35
0.35 0.35 0.35 0.35 0.35 0.35 0.35 0.35 0.35 0.35
0.35 0.35 0.35 0.35 0.35 0.35 0.35 0.35 0.35 0.35
0.35 0.35 0.35 0.35 0.35 0.35 0.35 0.35 0.35 0.35
>std_csp:
0.104 0.104 0.104 0.2197 0.2197 0.28561 0.169 0.0425984 0.0425984 0.0425984
0.2197 0.13 0.13 0.28561 0.053248 0.053248 0.053248 0.053248 0.053248 0.2197
0.0425984 0.0425984 0.0425984 0.2197 0.0425984 0.0425984 0.0425984 0.0425984 0.0425984 0.0832
0.0832 0.0832 0.053248 0.053248 0.053248 0.053248 0.053248 0.053248 0.28561 0.2197
>currentMutationParameter:
***
-0.0739799 0.464514 0.222294 0.335589 0.0672559 -0.195928 -0.118161 -0.937749 -0.264011 0.0836296
-0.227849 1.24933 0.28006 -0.158797 0.463199 0.109703 0.067321 0.112794 0.716953 0.517349
-0.670997 -0.040663 -0.293734 0.120442 -0.786308 0.0618523 -0.386986 0.708642 0.0407439 -0.288753
0.111041 -0.0877498 -0.209571 0.231462 0.161051 0.426148 0.43005 -0.187375 -0.0131745 0.0897647
>currentSelectionParameter:
***
4.28428 -0.703608 10.6015 -3.78819 0.0051287 2.83978 -5.28277 -3.92926 3.518 4.00128
-0.30825 7.56242 -2.3347 3.10438 3.40827 -1.6863 3.54901 -2.36747 4.91063 -3.26459
-10.0103 1.70591 1.08698 -3.09733 1.61177 9.61213 7.52614 -0.708506 8.89355 2.311
0.268146 3.56505 3.35477 -0.627526 6.16024 4.03017 -0.105602 4.96214 -1.11392 -1.81968
>covarianceMatrix:
A
0.00676361	0.00220782	0.00432963	-0.00829681	-0.00222129	-0.0052407	
0.00220782	0.00625132	0.00152482	-0.00430248	-0.00503206	-0.00347546	
0.00432963	0.00152482	0.0119824	-0.00397324	-0.00166721	-0.0111889	
-0.00829681	-0.00430248	-0.00397324	0.0333184	0.0026409	0.0321174	
-0.00222129	-0.00503206	-0.00166721	0.0026409	0.00932528	-0.0016258	
-0.0052407	-0.00347546	-0.0111889	0.0321174	-0.0016258	0.0804312	
***
>covarianceMatrix:
C
0.0354853	-0.07337	
-0.07337	0.287175	
***
>covarianceMatrix:
D
0.0118027	-0.0290884	
-0.0290884	0.13759	
***
>covarianceMatrix:
E
0.0146522	-0.0288832	
-0.0288832	0.152959	
***
>covarianceMatrix:
F
0.0176987	-0.0543739	
-0.0543739	0.447682	
***
>covarianceMatrix:
G
0.00624954	0.00185852	0.00271	-0.0132761	-0.00236875	-0.0129607	
0.00185852	0.00691495	0.00370397	-0.00340251	-0.00933559	-0.00606602	
0.00271	0.00370397	0.00871838	-0.00712682	-0.00305248	-0.015694	
-0.0132761	-0.00340251	-0.00712682	0.0547268	0.00494732	0.0460119	
-0.00236875	-0.00933559	-0.00305248	0.00494732	0.0357677	0.00715503	
-0.0129607	-0.00606602	-0.015694	0.0460119	0.00715503	0.0980998	
***
>covarianceMatrix:
H
0.0173989	-0.0555519	
-0.0555519	0.412556	
***
>covarianceMatrix:
I
0.0258202	0.00463027	-0.0591263	-0.00182939	
0.00463027	0.0112791	-0.0139997	-0.0111425	
-0.0591263	-0.0139997	0.412066	0.00268691	
-0.00182939	-0.0111425	0.00268691	0.0290241	
***
>covarianceMatrix:
K
0.019453	-0.0386572	
-0.0386572	0.187867	
***
>covarianceMatrix:
L
0.00761814	0.00128531	0.00234457	-0.000914333	0.00319329	-0.0230691	-0.00665777	-0.0012079	0.0018227	0.00237433	
0.00128531	0.00482279	0.00158979	0.00249706	0.000261097	-0.00604092	-0.0111876	-0.0019931	-0.00230897	0.00635541	
0.00234457	0.00158979	0.00521287	0.000186483	0.00146747	-0.00741717	-0.00330347	-0.00584839	-0.000377064	-0.00220875	
-0.000914333	0.00249706	0.000186483	0.00570316	0.000374128	0.0115161	0.00103876	-0.000795311	-0.00355019	-0.00465626	
0.00319329	0.000261097	0.00146747	0.000374128	0.00786892	-0.00373052	0.00258371	-0.00207955	-0.00035525	-0.0140325	
-0.0230691	-0.00604092	-0.00741717	0.0115161	-0.00373052	0.241465	0.0979835	0.00509859	-0.0159281	-0.103872	
-0.00665777	-0.0111876	-0.00330347	0.00103876	0.00258371	0.0979835	0.0864717	0.00465045	0.00603306	-0.0767847	
-0.0012079	-0.0019931	-0.00584839	-0.000795311	-0.00207955	0.00509859	0.00465045	0.0142385	0.00173882	0.00684806	
0.0018227	-0.00230897	-0.000377064	-0.00355019	-0.00035525	-0.0159281	0.00603306	0.00173882	0.00763267	0.00330929	
0.00237433	0.00635541	-0.00220875	-0.00465626	-0.0140325	-0.103872	-0.0767847	0.00684806	0.00330929	0.132364	
***
>covarianceMatrix:
N
0.0202118	-0.0398571	
-0.0398571	0.195375	
***
>covarianceMatrix:
P
0.0129934	0.00231435	0.00337149	-0.0152186	-0.0128194	-0.0138208	
0.00231435	0.0116172	0.00393521	-0.00671694	-0.0358558	-0.00492829	
0.00337149	0.00393521	0.00835114	0.00289988	-0.0109501	-0.017534	
-0.0152186	-0.00671694	0.00289988	0.169353	0.0498561	-0.0259333	
-0.0128194	-0.0358558	-0.0109501	0.0498561	0.316855	0.0780097	
-0.0138208	-0.00492829	-0.017534	-0.0259333	0.0780097	0.126564	
***
>covarianceMatrix:
Q
0.0159309	-0.025176	
-0.025176	0.101532	
***
>covarianceMatrix:
R
0.00702486	0.00248337	0.000101638	0.0024279	0.000768676	-0.0181628	-0.00790524	-0.00348932	-0.00556931	0.00588142	
0.00248337	0.0121766	0.00342467	0.00185055	0.00193252	-0.0147911	-0.0185174	-0.00398622	-0.0109277	0.00402688	
0.000101638	0.00342467	0.012625	0.00365778	0.00624036	0.00373493	0.0216666	-0.0128555	-0.012045	-0.0169129	
0.0024279	0.00185055	0.00365778	0.00962483	0.00211423	-0.00762002	-0.00700444	-0.0047925	-0.0202657	-0.00416857	
0.000768676	0.00193252	0.00624036	0.00211423	0.0115496	0.000461301	0.0113171	-0.0113111	-0.00584643	-0.0272138	
-0.0181628	-0.0147911	0.00373493	-0.00762002	0.000461301	0.115767	0.111237	0.033467	0.0486177	-0.0192495	
-0.00790524	-0.0185174	0.0216666	-0.00700444	0.0113171	0.111237	0.395428	-0.0140467	0.0493382	-0.0353537	
-0.00348932	-0.00398622	-0.0128555	-0.0047925	-0.0113111	0.033467	-0.0140467	0.0698782	0.0321568	0.0418201	
-0.00556931	-0.0109277	-0.012045	-0.0202657	-0.00584643	0.0486177	0.0493382	0.0321568	0.114387	0.0193519	
0.00588142	0.00402688	-0.0169129	-0.00416857	-0.0272138	-0.0192495	-0.0353537	0.0418201	0.0193519	0.146303	
***
>covarianceMatrix:
S
0.00569963	0.00270588	0.00304605	-0.0110999	-0.00566039	-0.00565315	
0.00270588	0.00601107	0.00252564	-0.00487404	-0.0129236	-0.00511462	
0.00304605	0.00252564	0.00677098	-0.00580295	-0.00665667	-0.0121408	
-0.0110999	-0.00487404	-0.00580295	0.0464531	0.0166949	0.0248255	
-0.00566039	-0.0129236	-0.00665667	0.0166949	0.0563335	0.0257057	
-0.00565315	-0.00511462	-0.0121408	0.0248255	0.0257057	0.0634013	
***
>covarianceMatrix:
T
0.00706037	0.00276831	0.00335585	-0.017283	-0.00690565	-0.00287887	
0.00276831	0.0058843	0.00190746	-0.00559316	-0.0136919	0.0118013	
0.00335585	0.00190746	0.009864	-0.0104546	-0.00364479	-0.0255499	
-0.017283	-0.00559316	-0.0104546	0.0902583	0.0173396	0.0387643	
-0.00690565	-0.0136919	-0.00364479	0.0173396	0.0628039	-0.0523769	
-0.00287887	0.0118013	-0.0255499	0.0387643	-0.0523769	0.33277	
***
>covarianceMatrix:
V
0.00505804	0.00153224	0.00189742	-0.00950999	-0.000501303	-0.00357352	
0.00153224	0.00362604	0.00132391	-0.00268709	-0.00693031	-0.00332579	
0.00189742	0.00132391	0.00389681	-0.00254971	-0.00172913	-0.0104695	
-0.00950999	-0.00268709	-0.00254971	0.0516071	0.00603105	0.00692789	
-0.000501303	-0.00693031	-0.00172913	0.00603105	0.0290502	0.0093589	
-0.00357352	-0.00332579	-0.0104695	0.00692789	0.0093589	0.0649751	
***
>covarianceMatrix:
Y
0.0235821	-0.0480172	
-0.0480172	0.229439	
***
>covarianceMatrix:
Z
0.0287243	-0.0809021	
-0.0809021	0.569535	
***
