>groupList:
A C D E F G H I K L
N P Q R S T V Y Z 
>stdDevSynthesisRate:
1.67391 
>numParam:
40
>numMixtures:
1
>std_stdDevSynthesisRate:
0.358318
>std_phi:
***
0.371293 1.37858 0.371293 0.627485 1.37858 1.37858 0.371293 0.371293 0.28561 1.06045
0.371293 0.371293 0.371293 0.371293 0.371293 0.371293 0.371293 0.371293 0.371293 0.652585
0.482681 0.371293 0.627485 0.652585 0.627485 0.815731 0.371293 0.627485 1.37858 0.371293
0.371293 0.371293 0.482681 0.815731 
>categories:
0 0
>mixtureAssignment:
0 0 0 0 0 0 0 0 0 0 0 0 0 0 0 0 0 0 0 0 0 0 0 0 0 0 0 0 0 0 0 0 0 0 
>numMutationCategories:
1
>numSelectionCategories:
1
>categoryProbabilities:
1 
>selectionIsInMixture:
***
0 
>mutationIsInMixture:
***
0 
>obsPhiSets:
0
>currentSynthesisRateLevel:
***
0.35451 0.00597044 0.321095 0.173539 0.0143972 0.13316 0.319736 0.305037 0.195143 0.0431787
0.483011 0.302563 0.611088 0.281627 0.48565 0.230276 0.546477 0.345825 0.136582 0.0463213
0.275863 0.511445 0.488676 0.0104513 0.137937 0.46916 0.11174 0.530142 0.010795 0.185932
0.199708 0.462638 0.139068 0.0601527 
>noiseOffset:
>observedSynthesisNoise:
>std_NoiseOffset:
>mutation_prior_mean:
***
0 0 0 0 0 0 0 0 0 0
0 0 0 0 0 0 0 0 0 0
0 0 0 0 0 0 0 0 0 0
0 0 0 0 0 0 0 0 0 0
>mutation_prior_sd:
***
0.35 0.35 0.35 0.35 0.35 0.35 0.35 0.35 0.35 0.35
0.35 0.35 0.35 0.35 0.35 0.35 0.35 0.35 0.35 0.35
0.35 0.35 0.35 0.35 0.35 0.35 0.35 0.35 0.35 0.35
0.35 0.35 0.35 0.35 0.35 0.35 0.35 0.35 0.35 0.35
>std_csp:
0.104 0.104 0.104 0.2197 0.2197 0.28561 0.169 0.0425984 0.0425984 0.0425984
0.2197 0.13 0.13 0.28561 0.0425984 0.0425984 0.0425984 0.0425984 0.0425984 0.2197
0.0340787 0.0340787 0.0340787 0.2197 0.0340787 0.0340787 0.0340787 0.0340787 0.0340787 0.0832
0.0832 0.0832 0.0425984 0.0425984 0.0425984 0.053248 0.053248 0.053248 0.28561 0.2197
>currentMutationParameter:
***
-0.0739799 0.464514 0.222294 0.228732 0.339378 -0.195928 -0.118161 -0.937749 -0.264011 0.0836296
-0.187961 1.24933 0.28006 -0.158797 0.463199 0.109703 0.067321 0.112794 0.716953 0.517349
-0.670997 -0.040663 -0.293734 0.120442 -0.786308 0.0618523 -0.386986 0.708642 0.0407439 -0.288753
0.111041 -0.0877498 -0.209571 0.231462 0.161051 0.426148 0.43005 -0.187375 -0.0131745 0.108097
>currentSelectionParameter:
***
4.28428 -0.703608 10.6015 -3.78786 -0.0693514 2.83978 -5.28277 -3.92926 3.518 4.00128
-0.450408 7.56242 -2.3347 3.10438 3.40827 -1.6863 3.54901 -2.36747 4.91063 -3.26459
-10.0103 1.70591 1.08698 -3.09733 1.61177 9.61213 7.52614 -0.708506 8.89355 2.311
0.268146 3.56505 3.35477 -0.627526 6.16024 4.03017 -0.105602 4.96214 -1.11392 -2.12626
>covarianceMatrix:
A
0.00676361	0.00220782	0.00432963	-0.00829681	-0.00222129	-0.0052407	
0.00220782	0.00625132	0.00152482	-0.00430248	-0.00503206	-0.00347546	
0.00432963	0.00152482	0.0119824	-0.00397324	-0.00166721	-0.0111889	
-0.00829681	-0.00430248	-0.00397324	0.0333184	0.0026409	0.0321174	
-0.00222129	-0.00503206	-0.00166721	0.0026409	0.00932528	-0.0016258	
-0.0052407	-0.00347546	-0.0111889	0.0321174	-0.0016258	0.0804312	
***
>covarianceMatrix:
C
0.0354853	-0.07337	
-0.07337	0.287175	
***
>covarianceMatrix:
D
0.0118027	-0.0290884	
-0.0290884	0.13759	
***
>covarianceMatrix:
E
0.0146522	-0.0288832	
-0.0288832	0.152959	
***
>covarianceMatrix:
F
0.0176987	-0.0543739	
-0.0543739	0.447682	
***
>covarianceMatrix:
G
0.00951207	0.00330498	0.00402054	-0.0235876	-0.00909569	-0.0203365	
0.00330498	0.00951683	0.00320789	-0.0073585	-0.0159511	-0.0105705	
0.00402054	0.00320789	0.0112524	-0.00853962	-0.00161463	-0.0205429	
-0.0235876	-0.0073585	-0.00853962	0.104765	0.0465548	0.0822789	
-0.00909569	-0.0159511	-0.00161463	0.0465548	0.085205	0.0498201	
-0.0203365	-0.0105705	-0.0205429	0.0822789	0.0498201	0.171797	
***
>covarianceMatrix:
H
0.0173989	-0.0555519	
-0.0555519	0.412556	
***
>covarianceMatrix:
I
0.0260379	0.00411107	-0.0642804	-0.000481733	
0.00411107	0.00948757	-0.0105146	-0.0110701	
-0.0642804	-0.0105146	0.513742	-0.0176263	
-0.000481733	-0.0110701	-0.0176263	0.0409994	
***
>covarianceMatrix:
K
0.0166778	-0.04129	
-0.04129	0.253353	
***
>covarianceMatrix:
L
0.00385704	0.000849636	0.00117059	0.000375577	0.00117501	-0.00546376	-0.00095546	-3.6171e-06	0.00168101	0.00232521	
0.000849636	0.00216445	0.000759681	0.00119845	0.000795768	0.000317656	-0.00310037	-0.000699482	-1.60246e-05	0.00132454	
0.00117059	0.000759681	0.00229129	0.00073267	0.00162711	-2.04498e-05	-0.000482135	-0.00232282	-0.000711022	-0.00236643	
0.000375577	0.00119845	0.00073267	0.00227605	0.000834297	0.00348225	0.000123423	-0.000781939	-0.000741754	-0.00157927	
0.00117501	0.000795768	0.00162711	0.000834297	0.00427407	0.00273573	0.000147353	-0.00256924	-0.00170897	-0.00721087	
-0.00546376	0.000317656	-2.04498e-05	0.00348225	0.00273573	0.0574658	0.0170139	-0.00130708	-0.00574172	-0.028505	
-0.00095546	-0.00310037	-0.000482135	0.000123423	0.000147353	0.0170139	0.0218261	-0.00143626	0.000882137	-0.0152458	
-3.6171e-06	-0.000699482	-0.00232282	-0.000781939	-0.00256924	-0.00130708	-0.00143626	0.0107609	0.00519896	0.0107648	
0.00168101	-1.60246e-05	-0.000711022	-0.000741754	-0.00170897	-0.00574172	0.000882137	0.00519896	0.00760456	0.0115262	
0.00232521	0.00132454	-0.00236643	-0.00157927	-0.00721087	-0.028505	-0.0152458	0.0107648	0.0115262	0.0479184	
***
>covarianceMatrix:
N
0.0202118	-0.0398571	
-0.0398571	0.195375	
***
>covarianceMatrix:
P
0.00668062	0.00209285	0.00245084	-0.008255	-0.00778201	-0.00833413	
0.00209285	0.00776101	0.00233967	-0.000697182	-0.0243572	-0.00310478	
0.00245084	0.00233967	0.00537036	0.00175806	-0.00569265	-0.0112888	
-0.008255	-0.000697182	0.00175806	0.0801351	0.0134962	0.00179276	
-0.00778201	-0.0243572	-0.00569265	0.0134962	0.208408	0.0600756	
-0.00833413	-0.00310478	-0.0112888	0.00179276	0.0600756	0.0964764	
***
>covarianceMatrix:
Q
0.0124828	-0.0224387	
-0.0224387	0.0980882	
***
>covarianceMatrix:
R
0.00419254	0.00106668	0.00166245	0.00189166	0.000764981	-0.0101719	-0.00249674	-0.00503493	-0.00315769	-0.000669233	
0.00106668	0.00635013	0.000608013	0.00106344	0.000914526	-0.00571464	-0.00914956	-0.000879424	-0.00383869	-0.000345173	
0.00166245	0.000608013	0.00557433	0.00200853	0.00226645	-0.00183128	0.00897981	-0.00661673	-0.00385949	-0.00380401	
0.00189166	0.00106344	0.00200853	0.00573283	0.000950324	-0.00585636	-0.00472721	-0.000288726	-0.00918459	-0.00411891	
0.000764981	0.000914526	0.00226645	0.000950324	0.00642677	-0.00178292	0.00490592	-0.00499079	-0.00197483	-0.00755576	
-0.0101719	-0.00571464	-0.00183128	-0.00585636	-0.00178292	0.0553966	0.0555218	0.0208085	0.0199288	0.01302	
-0.00249674	-0.00914956	0.00897981	-0.00472721	0.00490592	0.0555218	0.167751	-0.000865669	0.0172821	0.0253744	
-0.00503493	-0.000879424	-0.00661673	-0.000288726	-0.00499079	0.0208085	-0.000865669	0.0369945	0.00240135	0.0100085	
-0.00315769	-0.00383869	-0.00385949	-0.00918459	-0.00197483	0.0199288	0.0172821	0.00240135	0.0433249	0.00352291	
-0.000669233	-0.000345173	-0.00380401	-0.00411891	-0.00755576	0.01302	0.0253744	0.0100085	0.00352291	0.0590836	
***
>covarianceMatrix:
S
0.00633012	0.00368054	0.00329151	-0.0119592	-0.00668229	-0.00488182	
0.00368054	0.00849509	0.00331604	-0.00785607	-0.0170088	-0.00649591	
0.00329151	0.00331604	0.00881794	-0.00582661	-0.00829594	-0.0150979	
-0.0119592	-0.00785607	-0.00582661	0.0644836	0.0338047	0.0217171	
-0.00668229	-0.0170088	-0.00829594	0.0338047	0.0764759	0.0339645	
-0.00488182	-0.00649591	-0.0150979	0.0217171	0.0339645	0.0772977	
***
>covarianceMatrix:
T
0.00363779	0.00125439	0.00158524	-0.00735048	-0.00255889	-0.000815366	
0.00125439	0.00266842	0.000727931	-0.00177438	-0.00514476	0.00399668	
0.00158524	0.000727931	0.00472125	-0.00407622	-0.00076683	-0.00891916	
-0.00735048	-0.00177438	-0.00407622	0.0399243	0.00779311	0.0194596	
-0.00255889	-0.00514476	-0.00076683	0.00779311	0.0235852	-0.0118219	
-0.000815366	0.00399668	-0.00891916	0.0194596	-0.0118219	0.127921	
***
>covarianceMatrix:
V
0.00505804	0.00153224	0.00189742	-0.00950999	-0.000501303	-0.00357352	
0.00153224	0.00362604	0.00132391	-0.00268709	-0.00693031	-0.00332579	
0.00189742	0.00132391	0.00389681	-0.00254971	-0.00172913	-0.0104695	
-0.00950999	-0.00268709	-0.00254971	0.0516071	0.00603105	0.00692789	
-0.000501303	-0.00693031	-0.00172913	0.00603105	0.0290502	0.0093589	
-0.00357352	-0.00332579	-0.0104695	0.00692789	0.0093589	0.0649751	
***
>covarianceMatrix:
Y
0.0235821	-0.0480172	
-0.0480172	0.229439	
***
>covarianceMatrix:
Z
0.0287243	-0.0809021	
-0.0809021	0.569535	
***
