>groupList:
A C D E F G H I K L
N P Q R S T V Y Z 
>stdDevSynthesisRate:
0.334836 
>numParam:
40
>numMixtures:
1
>std_stdDevSynthesisRate:
0.12
>std_phi:
***
0.237628 0.417654 0.501987 1.06045 0.297034 0.371293 0.386145 0.482681 0.627485 0.482681
0.522068 0.371293 0.308915 0.84836 0.297034 0.386145 0.652584 0.501988 0.501988 0.482681
0.482681 0.501988 0.815731 0.297034 0.652585 0.371293 0.482681 0.386144 0.652585 0.627485
0.17576 0.627485 0.386145 0.501988 0.297034 0.482681 0.371293 0.482681 0.386145 0.308915
0.371293 0.815731 0.815731 0.482681 0.84836 0.482681 0.308915 0.501988 0.17576 0.28561
0.652585 0.40159 1.06045 0.228488 0.308916 0.84836 0.371293 0.815731 0.371293 0.386145
0.371293 0.652585 0.482681 0.386145 0.482681 0.815731 0.815731 0.482681 0.371293 0.627485
0.386145 0.386145 0.482681 0.482681 0.501988 0.28561 0.815731 0.371293 0.297034 0.482681
0.297034 0.371293 0.482681 0.482681 0.627485 0.815731 0.371293 0.482681 0.482681 0.652585
0.482681 0.627485 0.482681 0.482681 0.297034 0.815731 0.40159 0.627485 0.28561 0.371293
0.627485 0.482681 0.627485 0.815731 0.386145 0.815731 0.371293 0.18279 0.371293 0.482681
0.371293 0.104 0.627485 0.371293 1.06045 0.627485 0.482681 0.652585 0.371293 0.482681
0.28561 0.386145 0.386145 0.482681 0.371293 0.627485 0.627485 0.28561 0.28561 0.815731
0.371293 0.482681 0.28561 0.28561 0.297034 0.815731 0.482681 0.371293 0.627485 0.482681
0.371293 0.386145 0.371293 0.28561 0.2197 0.482681 0.482681 0.652584 0.247132 0.371293
0.482681 0.501988 0.28561 0.386145 0.627485 0.627485 0.482681 0.386145 0.627485 0.501988
0.482681 0.627485 0.40159 0.627485 0.297034 0.482681 0.371293 0.371293 0.627485 0.228488
0.28561 0.386144 0.386145 0.652585 0.28561 0.297034 0.482681 0.247133 0.386145 0.627485
0.371293 0.482681 0.815731 0.297034 0.28561 0.17576 0.371293 0.297034 0.627485 0.482681
0.482681 0.627485 0.482681 0.297034 0.482681 0.371293 0.40159 0.371293 0.297034 0.501988
0.627485 0.652584 0.297034 0.228488 0.386145 0.652585 0.371293 0.297034 0.652585 0.627485
0.482681 0.652585 0.482681 0.627485 0.308915 0.627485 0.228488 0.482681 0.627485 0.371293
0.482681 0.371293 0.28561 0.297034 0.482681 0.652585 0.228488 0.28561 0.386145 0.401591
0.627485 0.28561 0.371293 0.386145 0.371293 0.652585 0.482681 0.627485 0.297034 0.228488
0.652585 0.627485 0.627485 0.652585 0.627485 0.247132 0.84836 0.371293 0.627485 0.371293
0.247133 0.371293 0.627485 0.627485 0.228488 0.482681 0.297034 0.482681 0.627485 0.482681
1.06045 0.482681 0.28561 0.371293 0.501988 0.28561 0.386145 0.28561 0.2197 0.297034
0.371293 0.482681 0.17576 0.501988 0.501988 0.386145 0.386145 0.482681 0.28561 0.652585
0.482681 0.371293 0.386145 0.482681 0.386145 0.17576 0.501988 0.482681 0.371293 0.28561
0.28561 0.482681 0.501988 0.386145 0.386145 0.18279 0.482681 0.386145 0.386145 0.237628
0.28561 0.627485 0.386145 0.627485 0.386145 0.297034 0.482681 0.84836 0.297034 0.371293
0.297034 0.627485 0.086528 0.815731 0.371293 0.18279 0.28561 0.297034 0.40159 0.84836
0.386145 0.482681 0.482681 0.371293 0.652585 0.815731 0.40159 0.482681 0.84836 0.482681
0.482681 0.501988 0.627485 0.308916 0.386145 0.482681 0.28561 0.28561 0.386145 0.386145
0.482681 0.501988 0.627485 0.386145 0.2197 0.386145 0.501988 0.321272 0.482681 0.652585
0.371293 0.482681 0.28561 0.482681 0.482681 0.28561 0.482681 0.522068 0.297034 0.652584
0.482681 0.386144 0.18279 0.482681 0.627485 0.371293 0.627485 0.815731 0.627485 0.501988
0.501988 0.627485 0.371293 0.386145 0.28561 0.297034 0.228488 0.297034 0.482681 0.371293
0.482681 0.627485 0.482681 0.371293 0.228488 0.482681 0.815731 0.652585 0.18279 0.297034
0.371293 0.28561 0.386145 0.501988 0.1352 0.28561 0.386145 0.84836 0.386145 0.297034
0.815731 0.482681 0.297034 0.501988 0.678688 0.308916 0.501988 0.815731 0.815731 0.482681
0.627485 0.386145 0.815731 0.297034 0.482681 0.1352 0.308916 0.386145 0.386145 0.501988
0.652585 0.627485 0.371293 0.815731 1.06045 0.386145 0.522068 0.371293 0.371293 0.627485
0.627485 0.28561 0.482681 0.386145 0.386145 0.228488 0.815731 0.297034 0.297034 0.627485
0.501988 0.297034 0.228488 0.482681 0.28561 0.2197 0.482681 0.386145 0.28561 0.482681
0.627485 0.28561 0.482681 0.652584 0.501988 0.17576 0.228488 0.501988 0.627485 0.652585
0.371293 0.627485 0.652585 0.386145 0.169 0.237628 0.371293 0.371293 0.501989 0.371293
0.2197 0.522068 0.815731 0.371293 0.627485 0.386145 0.815731 0.501988 0.652585 0.815731
0.228488 0.482681 0.371293 0.386145 0.28561 0.297034 0.297034 0.482681 0.627485 0.652585
0.17576 0.2197 0.627485 0.501988 0.652585 1.06045 0.652584 0.482681 0.627485 0.627485
0.627485 0.482681 0.297034 0.17576 0.501988 0.371293 0.815731 0.386144 0.501988 0.627485
0.371293 0.482681 0.371293 0.297034 0.627485 0.627485 0.17576 0.482681 0.815731 0.237628
0.371293 0.482681 0.28561 0.40159 0.652584 0.371293 0.627485 0.386145 0.652585 0.482681
0.501988 0.84836 0.482681 0.386145 0.40159 1.06045 0.627485 0.482681 0.17576 0.237628
0.386145 0.627485 0.815731 0.371293 0.228488 0.386145 0.482681 0.371293 0.28561 0.297034
0.417654 0.40159 0.501988 0.28561 0.627485 0.482681 0.652584 0.501988 0.308915 0.28561
0.18279 0.2197 0.28561 0.627485 0.84836 0.501988 0.1352 0.297034 0.482681 0.371293
0.678688 0.501988 0.501988 0.482681 0.652585 0.371293 0.482681 0.815731 0.28561 0.371293
0.10816 0.386145 0.501988 0.482681 0.627485 0.371293 0.371293 
>categories:
0 0
>mixtureAssignment:
0 0 0 0 0 0 0 0 0 0 0 0 0 0 0 0 0 0 0 0 0 0 0 0 0 0 0 0 0 0 0 0 0 0 0 0 0 0 0 0 0 0 0 0 0 0 0 0 0 0
0 0 0 0 0 0 0 0 0 0 0 0 0 0 0 0 0 0 0 0 0 0 0 0 0 0 0 0 0 0 0 0 0 0 0 0 0 0 0 0 0 0 0 0 0 0 0 0 0 0
0 0 0 0 0 0 0 0 0 0 0 0 0 0 0 0 0 0 0 0 0 0 0 0 0 0 0 0 0 0 0 0 0 0 0 0 0 0 0 0 0 0 0 0 0 0 0 0 0 0
0 0 0 0 0 0 0 0 0 0 0 0 0 0 0 0 0 0 0 0 0 0 0 0 0 0 0 0 0 0 0 0 0 0 0 0 0 0 0 0 0 0 0 0 0 0 0 0 0 0
0 0 0 0 0 0 0 0 0 0 0 0 0 0 0 0 0 0 0 0 0 0 0 0 0 0 0 0 0 0 0 0 0 0 0 0 0 0 0 0 0 0 0 0 0 0 0 0 0 0
0 0 0 0 0 0 0 0 0 0 0 0 0 0 0 0 0 0 0 0 0 0 0 0 0 0 0 0 0 0 0 0 0 0 0 0 0 0 0 0 0 0 0 0 0 0 0 0 0 0
0 0 0 0 0 0 0 0 0 0 0 0 0 0 0 0 0 0 0 0 0 0 0 0 0 0 0 0 0 0 0 0 0 0 0 0 0 0 0 0 0 0 0 0 0 0 0 0 0 0
0 0 0 0 0 0 0 0 0 0 0 0 0 0 0 0 0 0 0 0 0 0 0 0 0 0 0 0 0 0 0 0 0 0 0 0 0 0 0 0 0 0 0 0 0 0 0 0 0 0
0 0 0 0 0 0 0 0 0 0 0 0 0 0 0 0 0 0 0 0 0 0 0 0 0 0 0 0 0 0 0 0 0 0 0 0 0 0 0 0 0 0 0 0 0 0 0 0 0 0
0 0 0 0 0 0 0 0 0 0 0 0 0 0 0 0 0 0 0 0 0 0 0 0 0 0 0 0 0 0 0 0 0 0 0 0 0 0 0 0 0 0 0 0 0 0 0 0 0 0
0 0 0 0 0 0 0 0 0 0 0 0 0 0 0 0 0 0 0 0 0 0 0 0 0 0 0 0 0 0 0 0 0 0 0 0 0 0 0 0 0 0 0 0 0 0 0 0 0 0
0 0 0 0 0 0 0 0 0 0 0 0 0 0 0 0 0 0 0 0 0 0 0 0 0 0 0 0 0 0 0 0 0 0 0 0 0 
>numMutationCategories:
1
>numSelectionCategories:
1
>categoryProbabilities:
1 
>selectionIsInMixture:
***
0 
>mutationIsInMixture:
***
0 
>obsPhiSets:
0
>currentSynthesisRateLevel:
***
1.26221 1.1346 1.05563 0.53022 1.26341 1.55306 1.15993 1.37011 1.0492 0.720459
1.18116 0.93557 0.895749 0.850365 1.21439 1.14677 0.535358 1.49377 0.831237 0.770351
1.00749 0.698749 0.873313 1.10828 0.86608 0.862199 1.26397 1.12324 1.31084 1.06272
1.11092 0.864855 0.879313 0.737267 1.43965 0.806433 1.01359 0.689131 1.16641 1.24588
1.29691 0.850331 0.7009 0.60482 0.825654 1.67596 1.26138 0.968651 1.3626 1.03854
0.597463 0.837644 0.69748 1.06319 1.33949 0.781337 1.21945 0.302158 0.92553 1.01731
1.15624 0.846204 0.924502 1.02309 0.824375 0.781725 1.37477 1.156 0.727364 0.640856
1.03114 0.846412 1.2016 1.04951 1.37439 1.61791 0.462776 1.05253 1.25718 1.05582
1.35879 1.05085 0.751638 1.16564 0.772656 0.952964 0.895266 1.19585 0.711853 1.08193
0.936991 0.421629 0.832962 0.724364 0.933232 0.950372 1.24099 1.06057 1.14477 0.844335
0.43913 0.907518 1.08046 0.597297 1.72952 1.06802 0.852754 0.388584 1.12365 0.728522
1.0725 1.29276 0.518013 1.19085 0.663442 0.592306 1.02967 0.714574 1.09978 0.730108
0.760754 0.73117 0.903683 0.888193 1.03401 0.653869 0.645256 1.18305 1.50426 0.748265
0.902573 1.2042 0.794935 1.55772 1.09051 0.860068 0.940644 0.898029 0.778614 1.46006
1.09768 0.961463 1.14362 1.3319 0.928455 1.01689 0.757583 0.298616 1.19624 1.2442
0.944661 0.726769 1.24085 1.69445 1.14327 0.668704 1.03008 1.03651 1.88165 0.902973
0.904205 0.663096 1.01987 1.02581 1.36831 1.21525 1.01075 1.252 0.871048 0.923153
1.03429 1.34484 1.09651 0.70399 1.10725 1.25884 1.26104 1.34247 1.17393 0.674468
0.913884 1.50351 0.905189 0.995686 1.56796 1.49049 1.00571 0.998736 0.889291 1.1857
0.731901 0.790553 0.725436 1.44175 1.82365 0.766554 0.925346 1.31799 1.32854 0.986586
1.16476 0.859998 1.1685 1.02864 0.618877 0.869514 1.19933 1.44486 0.401215 0.818012
0.862056 0.871264 1.06845 0.478644 1.20024 0.642915 1.12324 0.727431 0.616357 0.914179
0.791566 1.143 1.25901 1.15049 0.714215 1.38323 1.04112 1.24412 1.06788 1.34866
0.466756 1.40442 0.970141 0.841723 0.792888 0.857306 1.07011 1.43132 0.622354 1.14728
0.60237 0.795349 0.810819 0.542586 0.719686 0.98998 1.07318 0.827123 0.85351 0.841945
1.11814 1.19924 0.640057 0.396702 1.44286 0.790295 1.17838 1.1533 0.890424 1.13572
0.88834 1.3498 1.25197 1.49396 0.709784 1.2201 1.53138 1.41905 1.14307 0.723725
0.968313 0.522321 1.37728 1.25699 0.666066 0.80878 1.34475 0.911637 0.862366 0.435523
0.730311 1.20505 0.770511 0.907564 1.16994 1.46466 0.928313 0.862434 0.825859 1.23739
0.903706 0.820248 0.657998 1.12918 0.875479 1.5657 0.854378 1.19422 0.985504 0.934478
1.13376 0.843678 0.812719 0.689951 1.25164 1.03768 1.01355 0.670827 1.71403 1.19939
1.03121 0.622253 1.19413 0.522212 1.07974 0.862473 0.776911 1.41255 0.703462 0.672391
0.957183 1.11905 0.969304 1.48208 0.928623 0.681715 0.428114 1.30881 0.380334 1.25473
0.891256 0.640109 1.20744 0.8555 0.812068 0.750621 0.732541 1.50114 0.633097 1.00069
1.19268 0.642209 0.743685 0.39287 1.38267 0.946443 0.422231 1.02034 1.1945 0.845798
1.18257 0.607091 1.09085 1.46901 1.47126 0.751376 1.78512 1.19677 1.46036 1.29251
0.575541 0.925013 1.08828 1.21908 0.920716 1.07671 0.933693 0.426462 1.39108 0.799257
0.654471 1.13571 1.0057 0.62199 1.45644 0.981329 1.3357 1.32204 0.93936 1.40072
0.836155 0.912445 0.349256 1.21279 1.12785 0.971188 0.853663 0.846139 0.68715 1.18678
1.12759 1.39026 0.687638 1.3199 1.46887 1.22603 0.662705 0.760069 1.0301 0.66323
0.482521 0.991798 1.06987 0.724665 0.497349 1.39939 0.712396 0.754086 0.999647 1.20465
0.928847 1.33309 0.634151 1.42957 0.72245 1.48765 0.467056 1.16168 1.17084 0.87098
1.12125 1.25471 1.35911 0.605532 0.560627 1.09383 0.448067 1.60504 1.06252 0.825626
0.70478 1.48723 1.25124 0.723588 0.697646 1.61388 0.482341 1.04218 0.864533 1.64164
0.542229 1.20368 1.12344 0.7864 0.844024 1.26262 0.736232 1.0106 1.04334 1.26426
0.548516 0.998564 0.861761 0.279504 0.763737 1.45594 1.1209 1.3935 0.956609 1.04445
1.23653 0.324264 0.414603 1.08492 1.46851 1.4974 0.887636 1.59201 0.641474 1.22029
1.33568 0.534674 0.402297 1.14973 0.762022 1.47487 1.20919 1.39088 0.721045 0.51176
1.72671 1.05994 1.04018 1.04811 1.60082 1.46828 1.44711 1.33471 0.989236 0.910965
1.22082 1.55795 0.800185 0.847639 0.764963 0.694751 0.551543 0.630201 1.06232 0.946106
0.550258 0.914842 1.28007 1.32642 0.697067 0.949776 0.750142 0.938567 0.699402 1.22089
1.61644 0.522529 0.992544 1.1118 0.522725 0.892707 1.13901 0.969052 0.45943 0.954256
1.11979 1.14365 1.5963 1.2041 1.24188 1.76491 0.686989 0.969128 1.08118 0.749416
0.866316 0.39038 0.997687 0.789532 0.834256 0.570861 0.658017 0.68613 1.34714 1.19735
0.840409 0.733871 1.22097 1.28329 0.830655 1.06129 1.33041 1.19957 0.989999 1.18242
0.504605 0.864575 0.6142 1.03074 0.641231 0.800132 1.09322 1.09354 1.27474 1.43724
1.3214 1.53594 1.5987 0.764531 1.11566 0.651327 1.10534 1.22122 0.956159 1.48881
1.7406 0.674299 1.01896 1.37488 0.573221 1.55632 0.827626 0.885523 1.43157 1.0101
1.4029 0.906797 0.920789 1.10907 1.09204 1.06812 1.06204 
>noiseOffset:
>observedSynthesisNoise:
>std_NoiseOffset:
>mutation_prior_mean:
***
0 0 0 0 0 0 0 0 0 0
0 0 0 0 0 0 0 0 0 0
0 0 0 0 0 0 0 0 0 0
0 0 0 0 0 0 0 0 0 0
>mutation_prior_sd:
***
0.35 0.35 0.35 0.35 0.35 0.35 0.35 0.35 0.35 0.35
0.35 0.35 0.35 0.35 0.35 0.35 0.35 0.35 0.35 0.35
0.35 0.35 0.35 0.35 0.35 0.35 0.35 0.35 0.35 0.35
0.35 0.35 0.35 0.35 0.35 0.35 0.35 0.35 0.35 0.35
>std_csp:
0.00549755 0.00549755 0.00549755 0.144 0.1 0.1 0.1 0.00351843 0.00351843 0.00351843
0.1728 0.00858995 0.00858995 0.1 0.00351843 0.00351843 0.00351843 0.00351843 0.00351843 0.1
0.00549755 0.00549755 0.00549755 0.12 0.00351843 0.00351843 0.00351843 0.00351843 0.00351843 0.00351843
0.00351843 0.00351843 0.00439804 0.00439804 0.00439804 0.00351843 0.00351843 0.00351843 0.144 0.20736
>currentMutationParameter:
***
0.600618 -0.446378 0.707686 -0.689341 -0.384276 0.544767 -0.90886 -1.0249 -0.709628 -0.175208
-0.441495 1.44862 -0.733342 0.761548 0.791202 -0.559908 -0.297898 0.433691 1.55511 -0.462117
-1.03046 -0.170735 -0.756338 0.169387 -0.0337143 0.433051 0.418326 -0.347515 0.080514 0.0609177
-0.68172 -0.147945 0.15799 -0.752213 0.207924 0.928473 -0.492489 -0.407042 -0.468285 -1.04635
>currentSelectionParameter:
***
-0.582145 1.14254 0.358876 0.881847 1.18163 -1.19365 1.01982 -0.110371 1.15879 0.770911
0.975359 -0.380688 1.37425 -1.34584 -0.0605771 1.08691 0.869099 -0.330944 -0.914923 1.03928
0.0898855 0.904886 0.918881 -0.902275 -0.606677 0.198512 -0.660556 1.20876 0.600378 -0.250171
1.14245 0.700753 -0.206774 1.41542 0.597097 -0.133829 1.19002 0.892085 0.808193 1.41152
>covarianceMatrix:
A
0.00231787	0.000618174	0.00148296	-0.00191191	-0.000631657	-0.00146632	
0.000618174	0.00254852	0.0006571	-0.000543382	-0.00198086	-0.000505154	
0.00148296	0.0006571	0.00327225	-0.00133448	-0.000618171	-0.00297396	
-0.00191191	-0.000543382	-0.00133448	0.00185219	0.00068313	0.00153347	
-0.000631657	-0.00198086	-0.000618171	0.00068313	0.00204459	0.000738648	
-0.00146632	-0.000505154	-0.00297396	0.00153347	0.000738648	0.00336627	
***
>covarianceMatrix:
C
0.0036	0	
0	0.0036	
***
>covarianceMatrix:
D
0.0025	0	
0	0.0025	
***
>covarianceMatrix:
E
0.0025	0	
0	0.0025	
***
>covarianceMatrix:
F
0.0025	0	
0	0.0025	
***
>covarianceMatrix:
G
0.00381244	0.00279226	0.00109699	-0.00331245	-0.00277918	-0.0012241	
0.00279226	0.00510533	-1.90179e-05	-0.00244458	-0.00454529	-0.000152722	
0.00109699	-1.90179e-05	0.00312822	-0.000849349	0.000434897	-0.00241083	
-0.00331245	-0.00244458	-0.000849349	0.00321819	0.00273735	0.00123463	
-0.00277918	-0.00454529	0.000434897	0.00273735	0.00511781	8.166e-05	
-0.0012241	-0.000152722	-0.00241083	0.00123463	8.166e-05	0.00269712	
***
>covarianceMatrix:
H
0.00432	0	
0	0.00432	
***
>covarianceMatrix:
I
0.00276174	0.000734408	-0.0023107	-0.000551962	
0.000734408	0.00177126	-0.000589804	-0.0013914	
-0.0023107	-0.000589804	0.00218025	0.000474579	
-0.000551962	-0.0013914	0.000474579	0.00132296	
***
>covarianceMatrix:
K
0.0025	0	
0	0.0025	
***
>covarianceMatrix:
L
0.00244682	0.000826035	0.00106313	0.000585778	0.000560849	-0.00186572	-0.000561101	-0.000766501	-0.000385537	-0.00034423	
0.000826035	0.0015913	0.00052315	-1.36247e-05	3.31607e-05	-0.000631352	-0.00104276	-0.00023497	4.13146e-05	-9.40052e-05	
0.00106313	0.00052315	0.00173197	0.000618349	0.000581125	-0.000738756	-0.000180003	-0.00115481	-0.000432701	-0.000367735	
0.000585778	-1.36247e-05	0.000618349	0.000831319	0.000433102	-0.000387505	9.66261e-05	-0.000497873	-0.000564786	-0.000206617	
0.000560849	3.31607e-05	0.000581125	0.000433102	0.00145001	-0.000401355	-4.73642e-06	-0.000585376	-0.000254636	-0.000829126	
-0.00186572	-0.000631352	-0.000738756	-0.000387505	-0.000401355	0.00168473	0.000521739	0.000607248	0.000296028	0.000289095	
-0.000561101	-0.00104276	-0.000180003	9.66261e-05	-4.73642e-06	0.000521739	0.000980536	0.000131606	-6.43854e-05	0.000100438	
-0.000766501	-0.00023497	-0.00115481	-0.000497873	-0.000585376	0.000607248	0.000131606	0.00107874	0.000387177	0.00040522	
-0.000385537	4.13146e-05	-0.000432701	-0.000564786	-0.000254636	0.000296028	-6.43854e-05	0.000387177	0.000527957	0.000150656	
-0.00034423	-9.40052e-05	-0.000367735	-0.000206617	-0.000829126	0.000289095	0.000100438	0.00040522	0.000150656	0.000623034	
***
>covarianceMatrix:
N
0.0025	0	
0	0.0025	
***
>covarianceMatrix:
P
0.00195215	0.00146603	0.00159535	-0.00157829	-0.00125993	-0.00128092	
0.00146603	0.00418593	0.00178986	-0.00118109	-0.00327568	-0.00145826	
0.00159535	0.00178986	0.00488823	-0.00132467	-0.00151439	-0.0041706	
-0.00157829	-0.00118109	-0.00132467	0.00157802	0.00122344	0.00124899	
-0.00125993	-0.00327568	-0.00151439	0.00122344	0.00317559	0.00146555	
-0.00128092	-0.00145826	-0.0041706	0.00124899	0.00146555	0.00409496	
***
>covarianceMatrix:
Q
0.003	0	
0	0.003	
***
>covarianceMatrix:
R
0.00393959	0.00117504	0.00123991	0.00132372	0.000656591	-0.0032456	-0.00111698	-0.00101105	-0.000526868	-0.000265239	
0.00117504	0.00252127	0.000492283	0.000798162	0.000151966	-0.000690509	-0.0015826	-9.87897e-05	-0.000105864	0.000500274	
0.00123991	0.000492283	0.00135108	0.000614005	0.000786281	-0.000888175	-0.000163121	-0.000822048	-8.14746e-05	-0.000432998	
0.00132372	0.000798162	0.000614005	0.00372762	0.00101591	-0.00105005	-0.000531371	-0.000452605	-0.0024776	-0.000532682	
0.000656591	0.000151966	0.000786281	0.00101591	0.00223213	-0.000471597	0.000105111	-0.000534202	-0.000498976	-0.00150853	
-0.0032456	-0.000690509	-0.000888175	-0.00105005	-0.000471597	0.00312101	0.000924978	0.00108616	0.000576112	0.000346713	
-0.00111698	-0.0015826	-0.000163121	-0.000531371	0.000105111	0.000924978	0.00159249	0.000107771	0.000244811	-0.000370181	
-0.00101105	-9.87897e-05	-0.000822048	-0.000452605	-0.000534202	0.00108616	0.000107771	0.000979892	0.000246455	0.000395567	
-0.000526868	-0.000105864	-8.14746e-05	-0.0024776	-0.000498976	0.000576112	0.000244811	0.000246455	0.00250945	0.000577572	
-0.000265239	0.000500274	-0.000432998	-0.000532682	-0.00150853	0.000346713	-0.000370181	0.000395567	0.000577572	0.00185517	
***
>covarianceMatrix:
S
0.00346134	0.00113714	0.00136593	-0.00284171	-0.00145342	-0.00156651	
0.00113714	0.00190314	0.000965508	-0.000920578	-0.00155657	-0.000784943	
0.00136593	0.000965508	0.00218804	-0.00115527	-0.000923425	-0.00181971	
-0.00284171	-0.000920578	-0.00115527	0.00258717	0.00133961	0.00145887	
-0.00145342	-0.00155657	-0.000923425	0.00133961	0.00173613	0.00103514	
-0.00156651	-0.000784943	-0.00181971	0.00145887	0.00103514	0.0019405	
***
>covarianceMatrix:
T
0.00249641	0.000863718	0.000680194	-0.00199962	-0.000810462	-0.000550061	
0.000863718	0.00186447	0.00119013	-0.000642312	-0.00141436	-0.000946815	
0.000680194	0.00119013	0.00466455	-0.000543366	-0.00120995	-0.00405595	
-0.00199962	-0.000642312	-0.000543366	0.00182951	0.000803204	0.000554724	
-0.000810462	-0.00141436	-0.00120995	0.000803204	0.00178093	0.00122866	
-0.000550061	-0.000946815	-0.00405595	0.000554724	0.00122866	0.00399135	
***
>covarianceMatrix:
V
0.0028978	0.000521244	0.00123132	-0.00210968	-0.000188045	-0.000995576	
0.000521244	0.00252484	0.00120919	-0.000360708	-0.00199048	-0.00103415	
0.00123132	0.00120919	0.00283894	-0.000912483	-0.00100432	-0.00249907	
-0.00210968	-0.000360708	-0.000912483	0.00184176	0.000212074	0.000834436	
-0.000188045	-0.00199048	-0.00100432	0.000212074	0.00205141	0.00114869	
-0.000995576	-0.00103415	-0.00249907	0.000834436	0.00114869	0.0026433	
***
>covarianceMatrix:
Y
0.0036	0	
0	0.0036	
***
>covarianceMatrix:
Z
0.005184	0	
0	0.005184	
***
