>groupList:
A C D E F G H I K L
N P Q R S T V Y Z 
>stdDevSynthesisRate:
2.79736 
>numParam:
40
>numMixtures:
1
>std_stdDevSynthesisRate:
0.09216
>std_phi:
***
0.627485 0.627485 2.32981 0.84836 0.815731 7.19715 6.92033 0.815731 1.43373 1.10287
0.815731 1.9384 0.482681 0.371293 6.92033 0.386145 1.86385 6.65417 4.09487 5.11859
6.92033 0.482681 6.65417 5.11859 5.32333 0.371293 5.53627 6.65417 0.401591 5.32333
0.815731 7.19715 4.09487 1.37858 0.386145 0.84836 6.92033 8.65042 3.2759 6.65417
6.65417 6.65417 6.65417 0.386145 1.49108 0.815731 0.371293 6.92033 1.10287 2.423
0.28561 0.386145 0.815731 0.84836 8.65042 8.65042 6.92033 6.92033 7.48503 6.65417
6.65417 6.92033 1.79216 2.51992 1.55072 0.386145 2.423 6.92033 6.92033 1.10287
4.09487 1.79216 0.815731 0.482681 0.84836 8.65042 6.65417 1.86385 6.65417 6.65417
6.65417 6.65417 6.92033 6.65417 5.32333 6.65417 6.65417 1.14698 1.55072 5.32333
6.65417 6.65417 2.51992 6.65417 1.43373 6.65417 0.371293 0.371293 6.65417 6.65417
1.79216 5.53627 1.14698 6.65417 0.627485 6.65417 0.401591 6.65417 6.92033 6.65417
6.65417 2.62072 6.92033 8.99643 6.65417 5.53627 0.84836 2.423 6.65417 6.65417
6.65417 4.42901 6.65417 2.423 6.65417 4.09487 1.06045 0.705835 5.32333 6.92033
0.815731 5.32333 7.19715 1.79216 1.61275 6.65417 6.92033 6.65417 7.19715 0.501988
5.11859 4.25867 5.32333 1.86385 6.92033 6.65417 6.65417 6.65417 5.32333 7.19715
1.10287 1.79216 8.65042 4.60617 3.93738 4.25867 6.65417 5.32333 6.92033 6.65417
1.06045 1.79216 6.92033 5.32333 6.65417 5.32333 6.65417 6.65417 1.10287 6.65417
6.92033 6.65417 6.65417 4.25867 2.62072 6.65417 5.11859 5.53627 8.65042 2.51992
6.65417 6.65417 6.92033 6.92033 1.19286 3.1499 6.65417 1.10287 4.09487 6.65417
6.65417 6.92033 0.482681 6.65417 1.10287 1.86385 5.32333 1.06045 5.11859 6.65417
1.19286 6.65417 1.43373 6.65417 6.65417 6.65417 6.65417 0.815731 5.32333 6.92033
1.86385 5.32333 2.423 3.1499 5.11859 1.79216 1.10287 4.60617 6.65417 6.65417
6.65417 0.482681 0.386145 5.11859 0.627485 6.65417 6.65417 0.401591 1.86385 6.65417
6.92033 6.65417 1.55072 5.32333 0.627485 6.65417 6.65417 6.92033 6.65417 6.65417
6.65417 5.53627 6.65417 6.65417 2.423 6.65417 6.65417 0.386145 2.01594 5.11859
2.51992 6.65417 0.917586 3.40693 6.65417 6.65417 6.65417 6.65417 1.14698 6.65417
6.65417 1.49108 6.65417 6.65417 6.65417 6.65417 3.40693 6.65417 3.02875 1.43373
5.11859 6.92033 6.65417 8.65042 6.65417 7.19715 6.65417 0.678688 0.84836 6.92033
2.62072 1.43373 1.19286 6.65417 6.65417 3.93738 5.53627 2.62072 1.79216 6.65417
6.65417 5.53627 2.18044 1.43373 6.92033 3.1499 6.92033 1.9384 6.65417 6.65417
>categories:
0 0
>mixtureAssignment:
0 0 0 0 0 0 0 0 0 0 0 0 0 0 0 0 0 0 0 0 0 0 0 0 0 0 0 0 0 0 0 0 0 0 0 0 0 0 0 0 0 0 0 0 0 0 0 0 0 0
0 0 0 0 0 0 0 0 0 0 0 0 0 0 0 0 0 0 0 0 0 0 0 0 0 0 0 0 0 0 0 0 0 0 0 0 0 0 0 0 0 0 0 0 0 0 0 0 0 0
0 0 0 0 0 0 0 0 0 0 0 0 0 0 0 0 0 0 0 0 0 0 0 0 0 0 0 0 0 0 0 0 0 0 0 0 0 0 0 0 0 0 0 0 0 0 0 0 0 0
0 0 0 0 0 0 0 0 0 0 0 0 0 0 0 0 0 0 0 0 0 0 0 0 0 0 0 0 0 0 0 0 0 0 0 0 0 0 0 0 0 0 0 0 0 0 0 0 0 0
0 0 0 0 0 0 0 0 0 0 0 0 0 0 0 0 0 0 0 0 0 0 0 0 0 0 0 0 0 0 0 0 0 0 0 0 0 0 0 0 0 0 0 0 0 0 0 0 0 0
0 0 0 0 0 0 0 0 0 0 0 0 0 0 0 0 0 0 0 0 0 0 0 0 0 0 0 0 0 0 0 0 0 0 0 0 0 0 0 0 0 0 0 0 0 0 0 0 0 0
>numMutationCategories:
1
>numSelectionCategories:
1
>categoryProbabilities:
1 
>selectionIsInMixture:
***
0 
>mutationIsInMixture:
***
0 
>obsPhiSets:
0
>currentSynthesisRateLevel:
***
0.228066 0.156894 0.248961 0.0908507 0.199047 8.73194e-05 0.00119162 0.166273 0.223923 0.154272
0.207467 0.18541 0.194521 0.478215 0.0295824 0.401899 0.0934837 0.0255503 0.0166032 0.0145714
0.0121075 0.310971 0.000768222 0.000721191 0.0885885 0.312279 0.0677789 0.017366 0.328833 0.00101706
0.109173 0.0361328 0.00189105 0.0780378 0.356226 0.15849 0.0118744 0.0976819 0.0551375 0.00468442
0.000288026 0.00147375 1.12918e-05 0.283787 0.173908 0.167384 0.340469 0.000605116 0.053671 0.0383982
0.370392 0.456129 0.320086 0.193978 0.0381 0.00680526 0.0193101 0.00199149 0.00224297 0.00598465
0.00820833 9.56174e-05 0.181376 0.0548245 0.0958551 0.190995 0.0177464 0.0534118 0.00397543 0.0985325
0.0291225 0.0302036 0.152915 0.338828 0.102682 0.00452367 0.0025732 0.127734 0.00222771 0.0239232
0.00293982 0.00476386 0.00239207 0.000433046 0.00288193 0.00683439 0.0101838 0.144588 0.189907 0.174109
0.00186846 0.00143565 0.0430152 0.000506669 0.0253113 0.00240268 0.469813 0.472169 0.00191646 0.00054767
0.164083 0.0264016 0.15906 0.00716784 0.0882205 0.000730096 0.442577 0.0178277 0.000649371 0.0062171
0.0321004 0.00305446 0.0137892 0.0156472 0.00123971 0.0746295 0.109599 0.028617 0.00330504 0.0020788
7.85215e-05 0.0089497 0.0060668 0.0336174 0.00355341 0.0125012 0.0334959 0.162408 0.0116874 0.0235591
0.141041 0.00793029 0.0069058 0.0745642 0.0692841 0.00139868 0.00336725 0.00492234 0.0114272 0.192914
0.0046834 0.0136728 0.0918469 0.0347453 0.000885274 0.000307618 0.00175083 0.00277213 0.00826073 0.0508874
0.123542 0.0595206 0.00244581 0.00200733 0.0478357 0.0291821 0.00154834 0.0625516 0.00306512 0.00183664
0.186753 0.0339755 0.00073179 0.0343003 0.00425864 0.00188273 0.00152424 0.00285194 0.0685165 0.000302075
0.0281371 0.000180522 0.0111767 0.0301533 0.0819622 0.00360191 0.0172201 0.000875521 0.0167612 0.0300052
0.00275775 0.000294868 0.00822216 0.000214837 0.240532 0.0292536 0.00602743 0.0382111 0.00711226 7.81332e-05
0.011075 0.000356502 0.121916 0.0103429 0.403163 0.0729877 0.029531 0.0755822 0.0272822 0.0147396
0.0585679 0.00403978 0.0929808 0.00119614 0.00766939 0.00110655 0.0131587 0.285696 0.00203114 0.0135302
0.189678 0.0218549 0.00320543 0.0274347 0.0395753 0.0563026 0.215249 0.0543636 0.00654762 0.00194364
0.000804362 0.271416 0.355953 0.0189976 0.227131 0.000118578 0.00839157 0.339889 0.0644682 0.00261018
0.00241557 0.0045894 0.0416735 0.0288156 0.286739 3.82528e-05 0.000291051 0.000984391 0.000133074 7.17126e-05
0.00061923 0.0128519 0.00426864 0.00492973 0.0593207 0.00193303 0.00228989 0.247962 0.0446653 0.000387358
0.120153 7.1364e-05 0.144893 0.0601639 0.0172096 0.000319497 0.0101914 8.64589e-05 0.154031 0.0222129
0.0180665 0.0913375 0.00910846 0.00163033 0.0191662 0.000104474 0.0209702 0.0073598 0.0425917 0.0982829
0.037793 0.0208079 0.000369066 0.00407975 9.81725e-06 2.17904e-05 9.71964e-05 0.259072 0.250262 0.021521
0.0428826 0.0527264 0.188642 0.0128942 0.00275393 0.00837235 0.0129477 0.0752556 0.0549305 5.76078e-05
0.000603553 0.00876456 0.0457993 0.167827 0.0227491 0.0710758 0.00274457 0.0226235 7.80789e-05 0.0014726
>noiseOffset:
>observedSynthesisNoise:
>std_NoiseOffset:
>mutation_prior_mean:
***
0 0 0 0 0 0 0 0 0 0
0 0 0 0 0 0 0 0 0 0
0 0 0 0 0 0 0 0 0 0
0 0 0 0 0 0 0 0 0 0
>mutation_prior_sd:
***
0.35 0.35 0.35 0.35 0.35 0.35 0.35 0.35 0.35 0.35
0.35 0.35 0.35 0.35 0.35 0.35 0.35 0.35 0.35 0.35
0.35 0.35 0.35 0.35 0.35 0.35 0.35 0.35 0.35 0.35
0.35 0.35 0.35 0.35 0.35 0.35 0.35 0.35 0.35 0.35
>std_csp:
0.08 0.08 0.08 6.65417 11.2455 5.11859 0.627485 0.0262144 0.0262144 0.0262144
6.65417 0.1 0.1 1.06045 0.04096 0.04096 0.04096 0.04096 0.04096 3.02875
0.0134218 0.0134218 0.0134218 14.6192 0.06656 0.06656 0.06656 0.06656 0.06656 0.0262144
0.0262144 0.0262144 0.08 0.08 0.08 0.0209715 0.0209715 0.0209715 3.02875 3.02875
>currentMutationParameter:
***
-0.303066 0.75199 0.754103 0.450105 0.844655 -0.876188 0.426464 -0.784739 0.559363 0.676718
0.751311 0.592835 0.995984 -0.980378 0.476962 0.501242 0.491946 -0.120342 -0.0663551 0.60617
-0.731883 0.764555 0.13234 -0.906032 -0.865966 0.417799 -0.584691 0.762744 0.362733 -0.384634
0.469826 0.531469 -0.236615 0.902917 0.964701 0.773615 0.971355 0.664006 0.477621 0.584729
>currentSelectionParameter:
***
4.04041 -1.03511 6.09741 -3.42739 -1.41975 2.87994 -6.08559 -3.81748 -0.569905 2.81876
-3.0359 9.23274 -4.80714 5.71402 1.74461 -2.73293 0.658714 -1.57312 9.77835 -2.52309
-6.45589 1.33252 -0.270683 -0.652932 3.01557 7.11975 4.44185 0.132385 8.77162 2.87855
-0.545607 0.294678 2.76008 -2.35748 3.20544 3.65005 -1.85632 0.580232 -1.97315 -3.60419
>covarianceMatrix:
A
0.00156172	0.000300294	0.000522864	-0.00136081	-7.60239e-05	-0.000628197	
0.000300294	0.00191283	0.000737263	-1.01914e-06	-0.00125623	-0.0011108	
0.000522864	0.000737263	0.00269681	-0.0001332	-0.000488974	-0.0017131	
-0.00136081	-1.01914e-06	-0.0001332	0.00912422	-0.000929566	0.00831585	
-7.60239e-05	-0.00125623	-0.000488974	-0.000929566	0.00286238	0.000597103	
-0.000628197	-0.0011108	-0.0017131	0.00831585	0.000597103	0.018831	
***
>covarianceMatrix:
C
0.00277955	-0.00969065	
-0.00969065	0.115754	
***
>covarianceMatrix:
D
0.00238994	-0.0083103	
-0.0083103	0.085537	
***
>covarianceMatrix:
E
0.00245295	-0.00737029	
-0.00737029	0.0592284	
***
>covarianceMatrix:
F
0.00168727	-0.00490098	
-0.00490098	0.052187	
***
>covarianceMatrix:
G
0.000790777	0.000377876	0.000318266	-0.00158733	-0.000325598	-0.000187933	
0.000377876	0.00132087	0.000335284	-0.00021412	-0.00207587	-0.000370108	
0.000318266	0.000335284	0.00136296	8.83794e-05	-0.000517501	-0.00221497	
-0.00158733	-0.00021412	8.83794e-05	0.0101726	0.00144155	-0.00319252	
-0.000325598	-0.00207587	-0.000517501	0.00144155	0.0146247	0.00995429	
-0.000187933	-0.000370108	-0.00221497	-0.00319252	0.00995429	0.0258695	
***
>covarianceMatrix:
H
0.0047789	-0.0155994	
-0.0155994	0.174822	
***
>covarianceMatrix:
I
0.00317881	-0.000168951	-0.00331085	-0.000556577	
-0.000168951	0.00220602	0.000263344	-0.000479686	
-0.00331085	0.000263344	0.0144481	0.000695049	
-0.000556577	-0.000479686	0.000695049	0.00342354	
***
>covarianceMatrix:
K
0.00224896	-0.00606419	
-0.00606419	0.0583339	
***
>covarianceMatrix:
L
0.000677245	0.000231544	0.000123892	0.00022581	0.00019153	-0.000781306	-0.000507899	-0.00018496	-0.00037178	-0.000176272	
0.000231544	0.000935959	0.000181207	0.000333494	6.01289e-05	-0.000352195	-0.00142511	-0.00053213	-0.000737159	4.17556e-05	
0.000123892	0.000181207	0.000487003	0.000116165	7.78081e-05	-0.000163425	-0.000266575	-0.000555448	-0.000203798	5.8977e-05	
0.00022581	0.000333494	0.000116165	0.000536947	0.000139769	-0.000422501	-0.000496687	-0.000261401	-0.000558098	-0.000478999	
0.00019153	6.01289e-05	7.78081e-05	0.000139769	0.000526621	-0.000141191	-0.00014316	-1.40219e-05	-0.000159954	-0.00065522	
-0.000781306	-0.000352195	-0.000163425	-0.000422501	-0.000141191	0.00354133	0.00186878	0.00079373	0.00164028	0.000748108	
-0.000507899	-0.00142511	-0.000266575	-0.000496687	-0.00014316	0.00186878	0.00409175	0.0013986	0.00236024	-6.78832e-05	
-0.00018496	-0.00053213	-0.000555448	-0.000261401	-1.40219e-05	0.00079373	0.0013986	0.00155863	0.00101077	-0.000338687	
-0.00037178	-0.000737159	-0.000203798	-0.000558098	-0.000159954	0.00164028	0.00236024	0.00101077	0.00196582	0.000429852	
-0.000176272	4.17556e-05	5.8977e-05	-0.000478999	-0.00065522	0.000748108	-6.78832e-05	-0.000338687	0.000429852	0.00325153	
***
>covarianceMatrix:
N
0.00211519	-0.00622761	
-0.00622761	0.0711311	
***
>covarianceMatrix:
P
0.00117936	0.000656077	0.000740638	-0.00337582	-0.000679025	-0.00176664	
0.000656077	0.00178122	0.000682182	-0.00182155	-0.00259293	-0.00211125	
0.000740638	0.000682182	0.00139111	-0.00166334	-0.000714427	-0.00338246	
-0.00337582	-0.00182155	-0.00166334	0.0570166	0.0208326	0.02791	
-0.000679025	-0.00259293	-0.000714427	0.0208326	0.0196644	0.0166113	
-0.00176664	-0.00211125	-0.00338246	0.02791	0.0166113	0.0362871	
***
>covarianceMatrix:
Q
0.00266507	-0.00887134	
-0.00887134	0.0997547	
***
>covarianceMatrix:
R
0.00167058	0.00125139	0.00109963	0.000854846	0.000831172	-0.000993868	-0.000508264	-0.000628174	-0.000517776	0.000602511	
0.00125139	0.00302678	0.00130856	0.00101745	0.000792507	-0.000739777	-0.00263185	-0.00078264	-0.000718374	0.00165848	
0.00109963	0.00130856	0.00197936	0.00105598	0.000599941	-0.000558913	-0.000748897	-0.00139308	-0.000479009	0.00164108	
0.000854846	0.00101745	0.00105598	0.00271099	0.000339436	-0.000337962	-0.000401783	-0.000569981	-0.00142208	0.00138929	
0.000831172	0.000792507	0.000599941	0.000339436	0.0022098	-0.000303262	-0.000242691	1.87825e-05	1.52145e-05	-0.00121562	
-0.000993868	-0.000739777	-0.000558913	-0.000337962	-0.000303262	0.00144034	0.000838418	0.000921903	0.000601463	-1.93744e-05	
-0.000508264	-0.00263185	-0.000748897	-0.000401783	-0.000242691	0.000838418	0.00594504	0.0012258	0.000825907	-0.00097005	
-0.000628174	-0.00078264	-0.00139308	-0.000569981	1.87825e-05	0.000921903	0.0012258	0.00258441	0.000583334	-0.00129495	
-0.000517776	-0.000718374	-0.000479009	-0.00142208	1.52145e-05	0.000601463	0.000825907	0.000583334	0.00170302	-0.000980121	
0.000602511	0.00165848	0.00164108	0.00138929	-0.00121562	-1.93744e-05	-0.00097005	-0.00129495	-0.000980121	0.00631246	
***
>covarianceMatrix:
S
0.000529651	0.000236316	0.000252242	-0.00187805	-0.000471032	-0.000854147	
0.000236316	0.000752138	0.000275903	-0.000900796	-0.0013976	-0.000505824	
0.000252242	0.000275903	0.000856313	-0.000964711	-0.000235675	-0.00150292	
-0.00187805	-0.000900796	-0.000964711	0.0241527	0.0074171	0.0110729	
-0.000471032	-0.0013976	-0.000235675	0.0074171	0.0126792	0.00267346	
-0.000854147	-0.000505824	-0.00150292	0.0110729	0.00267346	0.0113537	
***
>covarianceMatrix:
T
0.00178647	0.000174771	0.000804592	-0.00127121	-0.000108565	-0.000606511	
0.000174771	0.00218416	0.00107368	-0.000123936	-0.00138833	-0.00136833	
0.000804592	0.00107368	0.00437902	-0.000339542	-0.00114633	-0.00347046	
-0.00127121	-0.000123936	-0.000339542	0.00273857	0.00012545	0.000762353	
-0.000108565	-0.00138833	-0.00114633	0.00012545	0.002466	0.00161663	
-0.000606511	-0.00136833	-0.00347046	0.000762353	0.00161663	0.00562726	
***
>covarianceMatrix:
V
0.00077649	0.000174014	0.000160469	-0.000950141	0.000178001	1.54745e-06	
0.000174014	0.000552123	9.11691e-05	0.000808509	-0.000745678	0.000382837	
0.000160469	9.11691e-05	0.000552988	0.000233072	0.000397983	-0.00120127	
-0.000950141	0.000808509	0.000233072	0.0210729	-0.00099539	0.00572247	
0.000178001	-0.000745678	0.000397983	-0.00099539	0.00840148	-0.000894661	
1.54745e-06	0.000382837	-0.00120127	0.00572247	-0.000894661	0.0156135	
***
>covarianceMatrix:
Y
0.00183993	-0.0059457	
-0.0059457	0.0830676	
***
>covarianceMatrix:
Z
0.00386668	-0.0121725	
-0.0121725	0.148302	
***
