>groupList:
A C D E F G H I K L
N P Q R S T V Y Z 
>stdDevSynthesisRate:
0.617727 
>numParam:
40
>numMixtures:
1
>std_stdDevSynthesisRate:
0.1728
>std_phi:
***
0.1352 0.482681 0.06656 0.371293 0.28561 0.371293 0.28561 0.1352 0.482681 0.371293
0.371293 0.13 0.371293 0.371293 0.13 0.28561 1.06045 0.482681 0.482681 0.371293
0.627485 0.482681 0.28561 0.627485 0.627485 0.627485 0.482681 1.06045 0.627485 0.297034
0.815731 1.06045 1.06045 0.482681 0.627485 0.815731 1.06045 0.627485 0.28561 1.06045
1.37858 0.815731 0.1352 0.652585 0.28561 0.28561 1.06045 1.06045 0.815731 0.28561
1.06045 1.06045 1.06045 0.627485 0.371293 1.06045 0.482681 0.297034 0.386145 1.06045
0.627485 0.2197 0.28561 1.06045 1.37858 0.297034 1.06045 1.06045 0.371293 1.06045
0.627485 1.06045 0.627485 0.371293 1.06045 0.228488 0.371293 0.371293 0.482681 0.28561
0.815731 1.06045 0.386145 0.627485 0.815731 1.06045 0.627485 0.627485 0.482681 1.37858
1.06045 0.627485 1.37858 1.37858 0.482681 0.371293 0.482681 1.37858 1.06045 0.815731
0.371293 0.482681 0.627485 0.28561 0.815731 0.815731 0.371293 0.482681 1.06045 1.37858
0.815731 1.06045 0.371293 0.815731 0.371293 0.482681 0.371293 0.627485 1.06045 0.28561
0.501988 0.627485 0.482681 0.482681 0.815731 0.228488 0.815731 1.06045 0.627485 0.482681
0.627485 0.28561 0.627485 0.815731 0.815731 0.371293 0.482681 0.815731 0.482681 0.482681
0.627485 0.371293 0.627485 0.386145 0.652585 1.06045 1.06045 0.482681 0.482681 0.84836
0.627485 0.815731 0.371293 0.28561 0.482681 0.386145 0.627485 0.386145 0.815731 0.482681
0.815731 0.627485 0.627485 0.815731 0.815731 1.37858 1.06045 1.06045 0.815731 0.627485
0.386145 0.371293 0.815731 0.627485 0.371293 0.627485 1.06045 0.815731 0.371293 0.371293
0.482681 0.28561 1.37858 0.815731 1.37858 1.06045 0.815731 0.815731 1.06045 0.482681
0.482681 0.371293 0.627485 0.815731 0.815731 0.627485 0.627485 1.06045 0.815731 1.06045
0.627485 1.06045 0.627485 0.371293 0.815731 0.371293 0.815731 0.482681 0.482681 0.482681
1.37858 0.482681 0.627485 1.06045 0.815731 1.06045 0.482681 0.28561 0.815731 1.06045
0.815731 0.815731 0.627485 1.06045 0.627485 0.386145 0.482681 1.06045 1.37858 0.482681
0.482681 1.06045 0.482681 0.627485 0.371293 0.815731 1.06045 0.627485 0.627485 0.815731
0.815731 0.371293 1.06045 0.371293 1.06045 0.482681 0.815731 0.815731 1.06045 0.28561
0.627485 0.627485 0.627485 0.84836 0.482681 0.482681 0.482681 0.371293 0.815731 0.815731
0.627485 0.627485 0.815731 0.482681 0.815731 0.627485 0.815731 0.482681 0.627485 0.501988
0.482681 0.627485 0.482681 0.627485 1.06045 0.482681 0.482681 0.627485 1.06045 0.815731
1.06045 1.37858 0.482681 1.06045 1.37858 0.815731 0.627485 0.627485 0.627485 0.815731
0.652585 0.28561 0.386145 0.815731 0.815731 0.815731 1.06045 0.482681 0.627485 0.815731
>categories:
0 0
>mixtureAssignment:
0 0 0 0 0 0 0 0 0 0 0 0 0 0 0 0 0 0 0 0 0 0 0 0 0 0 0 0 0 0 0 0 0 0 0 0 0 0 0 0 0 0 0 0 0 0 0 0 0 0
0 0 0 0 0 0 0 0 0 0 0 0 0 0 0 0 0 0 0 0 0 0 0 0 0 0 0 0 0 0 0 0 0 0 0 0 0 0 0 0 0 0 0 0 0 0 0 0 0 0
0 0 0 0 0 0 0 0 0 0 0 0 0 0 0 0 0 0 0 0 0 0 0 0 0 0 0 0 0 0 0 0 0 0 0 0 0 0 0 0 0 0 0 0 0 0 0 0 0 0
0 0 0 0 0 0 0 0 0 0 0 0 0 0 0 0 0 0 0 0 0 0 0 0 0 0 0 0 0 0 0 0 0 0 0 0 0 0 0 0 0 0 0 0 0 0 0 0 0 0
0 0 0 0 0 0 0 0 0 0 0 0 0 0 0 0 0 0 0 0 0 0 0 0 0 0 0 0 0 0 0 0 0 0 0 0 0 0 0 0 0 0 0 0 0 0 0 0 0 0
0 0 0 0 0 0 0 0 0 0 0 0 0 0 0 0 0 0 0 0 0 0 0 0 0 0 0 0 0 0 0 0 0 0 0 0 0 0 0 0 0 0 0 0 0 0 0 0 0 0
>numMutationCategories:
1
>numSelectionCategories:
1
>categoryProbabilities:
1 
>selectionIsInMixture:
***
0 
>mutationIsInMixture:
***
0 
>obsPhiSets:
0
>currentSynthesisRateLevel:
***
2.48594 2.89445 2.87571 2.88283 2.59956 2.66816 2.59903 3.58216 2.67145 2.09587
1.33697 2.89829 2.23191 1.88971 2.94499 2.05464 0.347906 2.27493 1.61198 1.70575
0.810126 1.50699 2.15519 1.17463 0.659422 1.14087 1.46963 0.411521 1.25902 2.32113
0.867937 0.572305 0.297643 0.561712 0.71192 0.780692 0.842921 0.948074 2.29541 0.568294
0.842746 0.711928 2.95203 0.971842 2.91656 1.70549 0.661295 0.385311 0.758859 1.57623
0.204204 0.553299 0.514703 1.03555 1.15865 0.965568 1.66026 1.38493 0.936508 0.549754
1.05644 1.44913 2.12353 0.513064 0.742758 2.39434 0.447728 0.554584 0.888684 0.518443
0.959275 0.278614 1.1716 1.41842 0.588226 0.970138 1.19317 1.45171 0.830301 1.36286
0.23857 0.481986 0.64514 0.31202 0.328913 0.479919 0.853547 0.33641 0.689452 0.254316
0.762773 0.832668 0.155284 0.209586 0.827792 0.993542 1.24905 0.200977 0.236897 0.731884
1.77861 1.00129 1.21996 1.27753 0.620737 0.922678 0.733172 1.02962 0.199578 0.658919
0.334453 0.616907 0.974331 0.798126 1.57886 0.693835 1.29188 1.01501 0.483249 1.91807
0.861508 0.730552 1.34351 0.599092 0.922777 2.19769 0.485308 0.555311 0.80199 1.15737
0.518479 1.20916 1.01938 1.83307 1.20492 1.52476 1.94891 0.853701 1.23311 1.06281
2.03844 1.2992 0.826942 1.17289 1.19605 0.446037 0.276958 0.787277 0.957476 0.498726
0.638316 0.872438 0.904916 2.32247 1.08445 0.719987 0.91219 0.847401 0.78101 1.19201
0.586562 0.973752 1.61434 1.07523 0.753339 0.337586 0.883001 0.670504 0.763948 0.885263
1.67506 1.77323 1.61664 0.727705 1.12633 0.508315 0.738145 0.557253 0.994248 0.42767
0.831603 1.03546 0.3187 1.04603 0.597988 0.695231 0.249781 0.531342 2.46945 0.729663
0.710531 1.07533 1.14088 0.693504 0.375884 0.451233 0.914325 0.401356 0.682761 0.341037
0.742893 0.379994 0.77012 1.35976 0.748944 1.53707 1.476 1.59522 0.73053 0.944546
0.313916 1.03441 0.797753 0.256424 0.926471 0.3479 0.558621 1.23663 0.301735 0.470752
0.64338 0.879836 0.593592 0.40067 0.716488 0.805799 1.13244 2.43593 0.0936482 1.84167
0.770386 0.584208 0.944302 0.981339 0.64055 1.16186 1.04175 1.24569 0.664042 0.632681
0.711571 1.14431 0.496482 0.970864 0.876969 0.518424 0.341813 0.474089 0.459117 1.05272
1.38636 1.47083 1.4361 0.338583 0.97191 0.518479 1.42664 0.476212 0.345707 1.01887
0.873625 0.559894 0.687958 0.882821 0.834559 1.52678 0.521002 0.523832 0.688923 0.403449
0.611602 0.642976 2.42899 0.719711 0.427559 0.638889 0.698349 0.372459 0.417889 1.4486
0.873822 0.176044 1.1034 1.31022 0.22166 0.39629 0.904195 0.878169 1.3211 0.595479
0.703349 3.09747 0.897591 0.857413 0.465341 0.440618 0.720635 0.899578 0.956875 0.473537
>noiseOffset:
>observedSynthesisNoise:
>std_NoiseOffset:
>mutation_prior_mean:
***
0 0 0 0 0 0 0 0 0 0
0 0 0 0 0 0 0 0 0 0
0 0 0 0 0 0 0 0 0 0
0 0 0 0 0 0 0 0 0 0
>mutation_prior_sd:
***
0.35 0.35 0.35 0.35 0.35 0.35 0.35 0.35 0.35 0.35
0.35 0.35 0.35 0.35 0.35 0.35 0.35 0.35 0.35 0.35
0.35 0.35 0.35 0.35 0.35 0.35 0.35 0.35 0.35 0.35
0.35 0.35 0.35 0.35 0.35 0.35 0.35 0.35 0.35 0.35
>std_csp:
0.0512 0.0512 0.0512 0.248832 0.1 0.1 0.20736 0.08 0.08 0.08
0.248832 0.1 0.1 0.12 0.0107374 0.0107374 0.0107374 0.0107374 0.0107374 0.12
0.08 0.08 0.08 0.12 0.0107374 0.0107374 0.0107374 0.0107374 0.0107374 0.0512
0.0512 0.0512 0.064 0.064 0.064 0.064 0.064 0.064 0.1728 0.358318
>currentMutationParameter:
***
-0.355508 0.711015 0.452004 0.74716 0.790877 -0.830608 0.25882 -0.362033 0.211935 0.570716
0.787058 0.283241 0.680421 -0.778932 0.218856 0.699507 0.283218 0.549644 0.165884 1.03901
-0.0166094 0.303033 -0.0691509 -0.304854 -0.606829 0.250338 -0.812636 0.984488 -0.0332953 -0.433592
0.675637 0.12494 -0.611704 0.920797 0.343788 0.390431 0.531158 -0.0116893 0.363197 0.437882
>currentSelectionParameter:
***
0.794311 -0.149656 0.906679 -0.938906 -0.324638 0.566149 -0.809957 -0.868768 0.168327 0.16877
-0.707699 1.75171 -0.509221 0.948151 1.31562 -0.739951 0.0989747 -0.751963 1.49332 -0.903808
-1.45702 0.36388 -0.129889 -0.310693 0.613175 1.51406 1.51102 -0.25539 1.56396 0.579693
-0.272739 0.317799 0.883977 -0.4569 0.543511 0.972242 -0.159233 0.645117 -0.5655 -0.585877
>covarianceMatrix:
A
0.0032184	0.000914071	0.00197928	-0.00239314	-0.000539027	-0.00150669	
0.000914071	0.00190761	0.00121194	-0.00061634	-0.000889103	-0.000879781	
0.00197928	0.00121194	0.00370486	-0.0016112	-0.000646052	-0.00265156	
-0.00239314	-0.00061634	-0.0016112	0.00278195	0.000438364	0.00167337	
-0.000539027	-0.000889103	-0.000646052	0.000438364	0.000974865	0.000546426	
-0.00150669	-0.000879781	-0.00265156	0.00167337	0.000546426	0.00354327	
***
>covarianceMatrix:
C
0.0062208	0	
0	0.0062208	
***
>covarianceMatrix:
D
0.0025	0	
0	0.0025	
***
>covarianceMatrix:
E
0.0025	0	
0	0.0025	
***
>covarianceMatrix:
F
0.005184	0	
0	0.005184	
***
>covarianceMatrix:
G
0.00298246	0.000599475	0.000748435	-0.00183446	-0.000542033	-0.00064707	
0.000599475	0.002187	0.000163365	-0.00048867	-0.000541147	-5.69158e-05	
0.000748435	0.000163365	0.00243058	-0.00064742	-0.000247666	-0.000860583	
-0.00183446	-0.00048867	-0.00064742	0.00414004	0.000680905	0.000861515	
-0.000542033	-0.000541147	-0.000247666	0.000680905	0.00212675	0.000396193	
-0.00064707	-5.69158e-05	-0.000860583	0.000861515	0.000396193	0.00270733	
***
>covarianceMatrix:
H
0.0062208	0	
0	0.0062208	
***
>covarianceMatrix:
I
0.0025	0	0	0	
0	0.0025	0	0	
0	0	0.0025	0	
0	0	0	0.0025	
***
>covarianceMatrix:
K
0.003	0	
0	0.003	
***
>covarianceMatrix:
L
0.00561273	-0.00017332	0.00171093	-0.000364517	0.00291646	-0.00509872	0.00016679	-0.00113093	0.000239675	-0.00267918	
-0.00017332	0.0020833	0.000448529	0.00105457	-0.000234179	0.000631799	-0.00154035	-0.000398154	-0.000979866	0.000422143	
0.00171093	0.000448529	0.00224533	0.000233399	0.00160636	-0.00141203	-0.000169521	-0.00153651	-4.70602e-05	-0.00114713	
-0.000364517	0.00105457	0.000233399	0.0015122	-0.000323193	0.000859005	-0.000873067	-0.000198827	-0.00107328	0.000341892	
0.00291646	-0.000234179	0.00160636	-0.000323193	0.00459279	-0.00296578	0.000225587	-0.00108144	0.000378781	-0.00348805	
-0.00509872	0.000631799	-0.00141203	0.000859005	-0.00296578	0.00731925	-0.000448117	0.0011195	-0.000514759	0.00370686	
0.00016679	-0.00154035	-0.000169521	-0.000873067	0.000225587	-0.000448117	0.00174607	0.000418561	0.0012027	-0.000274267	
-0.00113093	-0.000398154	-0.00153651	-0.000198827	-0.00108144	0.0011195	0.000418561	0.00151874	0.000250768	0.000924075	
0.000239675	-0.000979866	-4.70602e-05	-0.00107328	0.000378781	-0.000514759	0.0012027	0.000250768	0.00128311	-0.000309631	
-0.00267918	0.000422143	-0.00114713	0.000341892	-0.00348805	0.00370686	-0.000274267	0.000924075	-0.000309631	0.0050435	
***
>covarianceMatrix:
N
0.003	0	
0	0.003	
***
>covarianceMatrix:
P
0.00309337	0.00056105	0.000923123	-0.00164506	-0.000131683	-0.00111667	
0.00056105	0.00413627	0.000265599	-0.000651377	-0.00272356	-0.0003089	
0.000923123	0.000265599	0.00249638	-0.000637657	0.000143802	-0.0012048	
-0.00164506	-0.000651377	-0.000637657	0.00351563	0.000612752	0.00124629	
-0.000131683	-0.00272356	0.000143802	0.000612752	0.00541627	0.000260309	
-0.00111667	-0.0003089	-0.0012048	0.00124629	0.000260309	0.00294441	
***
>covarianceMatrix:
Q
0.003	0	
0	0.003	
***
>covarianceMatrix:
R
0.00353998	0.00335337	0.00186438	0.00149409	0.00264455	-0.0025765	-0.0030296	-0.000835115	-0.00095605	-0.00147102	
0.00335337	0.01491	0.00116368	0.00421753	0.0040187	-0.00229863	-0.0145967	0.00108161	-0.00294896	-0.00269451	
0.00186438	0.00116368	0.00339796	0.000685879	0.00258279	-0.00121605	0.000348623	-0.00194035	-0.000328459	-0.00145185	
0.00149409	0.00421753	0.000685879	0.00409549	0.00218704	-0.000906321	-0.00450963	0.000509052	-0.00227157	-0.00121971	
0.00264455	0.0040187	0.00258279	0.00218704	0.00812657	-0.00168586	-0.0028267	-0.000860883	-0.00142679	-0.00563609	
-0.0025765	-0.00229863	-0.00121605	-0.000906321	-0.00168586	0.00237469	0.00243664	0.000803886	0.000664781	0.00103382	
-0.0030296	-0.0145967	0.000348623	-0.00450963	-0.0028267	0.00243664	0.0187124	-0.00223219	0.00328959	0.00252618	
-0.000835115	0.00108161	-0.00194035	0.000509052	-0.000860883	0.000803886	-0.00223219	0.00221499	-0.000421045	0.000651712	
-0.00095605	-0.00294896	-0.000328459	-0.00227157	-0.00142679	0.000664781	0.00328959	-0.000421045	0.0016454	0.000945878	
-0.00147102	-0.00269451	-0.00145185	-0.00121971	-0.00563609	0.00103382	0.00252618	0.000651712	0.000945878	0.00568792	
***
>covarianceMatrix:
S
0.00285267	0.000123047	0.00155342	-0.00185546	-4.44165e-05	-0.00109569	
0.000123047	0.0023683	0.000240484	4.06211e-05	-0.00114881	-6.08953e-05	
0.00155342	0.000240484	0.00232332	-0.00110643	-0.0001879	-0.0013925	
-0.00185546	4.06211e-05	-0.00110643	0.00231839	-3.63753e-07	0.00102257	
-4.44165e-05	-0.00114881	-0.0001879	-3.63753e-07	0.00147913	0.000177945	
-0.00109569	-6.08953e-05	-0.0013925	0.00102257	0.000177945	0.00188093	
***
>covarianceMatrix:
T
0.00197567	0.000157607	0.000482224	-0.00091377	-1.14565e-05	-0.000120057	
0.000157607	0.0014978	0.000111245	4.34419e-05	-0.000512502	-0.000293094	
0.000482224	0.000111245	0.00178506	-0.000272408	-1.00094e-05	-0.000462257	
-0.00091377	4.34419e-05	-0.000272408	0.00219919	-5.00453e-05	0.000129705	
-1.14565e-05	-0.000512502	-1.00094e-05	-5.00453e-05	0.00131814	-6.74563e-05	
-0.000120057	-0.000293094	-0.000462257	0.000129705	-6.74563e-05	0.00298602	
***
>covarianceMatrix:
V
0.00456126	0.000272098	0.0014158	-0.00344842	4.67746e-05	-0.00101453	
0.000272098	0.00131085	0.000500866	-0.000206915	-0.000391055	-0.00045964	
0.0014158	0.000500866	0.00266162	-0.00110268	-0.0002498	-0.00165176	
-0.00344842	-0.000206915	-0.00110268	0.00434518	-0.0001066	0.000980441	
4.67746e-05	-0.000391055	-0.0002498	-0.0001066	0.000998177	0.000247026	
-0.00101453	-0.00045964	-0.00165176	0.000980441	0.000247026	0.00241698	
***
>covarianceMatrix:
Y
0.00432	0	
0	0.00432	
***
>covarianceMatrix:
Z
0.00895795	0	
0	0.00895795	
***
