>groupList:
A C D E F G H I K L
N P Q R S T V Y Z 
>stdDevSynthesisRate:
0.592509 
>numParam:
40
>numMixtures:
1
>std_stdDevSynthesisRate:
0.1728
>std_phi:
***
0.297034 0.371293 0.1352 0.297034 0.308916 0.308916 0.371293 0.13 0.371293 0.371293
0.371293 0.13 0.28561 0.297034 0.1352 0.386145 1.14698 0.401591 0.627485 0.371293
0.882294 0.627485 0.308916 0.501988 0.815731 0.652585 0.501988 0.95429 0.627485 0.371293
0.652585 1.14698 1.24058 0.501988 0.815731 0.917586 1.14698 0.652585 0.308916 1.24058
1.43373 0.84836 0.1352 0.882294 0.371293 0.28561 1.43373 1.43373 0.882294 0.28561
1.49108 1.06045 1.37858 0.815731 0.401591 1.14698 0.501988 0.386145 0.371293 1.14698
0.652585 0.297034 0.297034 1.14698 1.37858 0.28561 1.06045 1.10287 0.321272 1.10287
0.652585 1.2902 0.815731 0.501988 1.37858 0.297034 0.482681 0.386145 0.501988 0.371293
1.14698 1.37858 0.627485 0.882294 1.37858 1.43373 0.627485 0.992461 0.386145 1.37858
1.37858 0.501988 1.79216 1.86385 0.652585 0.482681 0.482681 1.55072 1.67726 0.627485
0.482681 0.501988 0.84836 0.297034 1.14698 0.815731 0.43436 0.482681 1.43373 1.43373
1.19286 1.79216 0.386145 1.19286 0.386145 0.482681 0.386145 0.652585 1.37858 0.371293
0.501988 0.678688 0.627485 0.501988 1.06045 0.386145 0.84836 1.10287 0.482681 0.627485
0.678688 0.297034 0.627485 0.815731 0.815731 0.371293 0.482681 1.06045 0.401591 0.522068
0.627485 0.482681 0.678688 0.43436 0.84836 1.37858 1.24058 0.482681 0.482681 1.19286
0.815731 1.19286 0.482681 0.386145 0.627485 0.501988 0.482681 0.522068 0.678688 0.54295
0.815731 0.522068 0.627485 0.627485 0.652585 1.37858 0.917586 1.10287 0.815731 0.652585
0.321272 0.371293 1.10287 0.705835 0.482681 0.84836 0.84836 0.882294 0.522068 0.627485
0.652585 0.308916 1.49108 0.815731 1.37858 1.37858 1.10287 1.10287 1.06045 0.705835
0.522068 0.386145 0.627485 1.06045 1.19286 0.882294 0.522068 1.86385 1.24058 1.49108
0.815731 1.86385 0.705835 0.501988 0.652585 0.371293 1.06045 0.501988 0.482681 0.54295
1.79216 0.501988 0.705835 1.14698 0.84836 1.79216 0.564668 0.308916 1.43373 1.55072
0.95429 1.19286 0.678688 1.24058 0.84836 0.564668 0.678688 0.882294 1.55072 0.386145
0.501988 1.06045 0.627485 0.627485 0.482681 0.678688 1.37858 0.678688 0.815731 0.815731
0.678688 0.54295 1.06045 0.627485 1.14698 0.652585 1.43373 0.95429 1.19286 0.482681
0.482681 0.815731 0.627485 1.10287 0.652585 0.705835 0.482681 0.54295 0.734069 0.815731
0.678688 0.882294 0.917586 0.627485 1.06045 0.627485 0.815731 0.564668 0.815731 0.705835
0.522068 0.627485 0.501988 0.84836 1.10287 0.482681 0.627485 0.825728 0.917586 0.627485
1.10287 1.61275 0.522068 1.37858 1.49108 0.95429 0.652585 0.678688 0.501988 0.882294
0.84836 0.297034 0.482681 0.84836 0.917586 0.882294 1.37858 0.501988 0.652585 1.10287
>categories:
0 0
>mixtureAssignment:
0 0 0 0 0 0 0 0 0 0 0 0 0 0 0 0 0 0 0 0 0 0 0 0 0 0 0 0 0 0 0 0 0 0 0 0 0 0 0 0 0 0 0 0 0 0 0 0 0 0
0 0 0 0 0 0 0 0 0 0 0 0 0 0 0 0 0 0 0 0 0 0 0 0 0 0 0 0 0 0 0 0 0 0 0 0 0 0 0 0 0 0 0 0 0 0 0 0 0 0
0 0 0 0 0 0 0 0 0 0 0 0 0 0 0 0 0 0 0 0 0 0 0 0 0 0 0 0 0 0 0 0 0 0 0 0 0 0 0 0 0 0 0 0 0 0 0 0 0 0
0 0 0 0 0 0 0 0 0 0 0 0 0 0 0 0 0 0 0 0 0 0 0 0 0 0 0 0 0 0 0 0 0 0 0 0 0 0 0 0 0 0 0 0 0 0 0 0 0 0
0 0 0 0 0 0 0 0 0 0 0 0 0 0 0 0 0 0 0 0 0 0 0 0 0 0 0 0 0 0 0 0 0 0 0 0 0 0 0 0 0 0 0 0 0 0 0 0 0 0
0 0 0 0 0 0 0 0 0 0 0 0 0 0 0 0 0 0 0 0 0 0 0 0 0 0 0 0 0 0 0 0 0 0 0 0 0 0 0 0 0 0 0 0 0 0 0 0 0 0
>numMutationCategories:
1
>numSelectionCategories:
1
>categoryProbabilities:
1 
>selectionIsInMixture:
***
0 
>mutationIsInMixture:
***
0 
>obsPhiSets:
0
>currentSynthesisRateLevel:
***
2.40656 2.74717 2.8218 2.41961 2.47587 2.691 2.74692 3.39914 2.83661 2.07361
1.43895 2.72552 2.48846 1.88964 2.74876 2.18075 0.580673 2.29305 1.95127 1.54927
0.837713 1.54542 2.2013 1.03822 0.612622 1.11267 1.6896 0.325783 1.05511 2.12999
1.42722 1.23062 0.27166 0.553831 0.774825 0.548026 0.599798 0.715663 1.92435 0.489029
0.465551 0.645302 2.89833 0.820423 2.50283 1.79597 0.846234 0.447223 0.706403 1.7834
0.216868 0.763793 0.533752 1.56594 0.97157 0.527726 1.8908 1.41138 0.9258 0.573363
0.761173 1.45712 2.37456 0.314855 0.281386 2.11714 0.444401 0.711816 0.772188 0.610226
0.831711 0.262795 1.32167 1.09075 0.853119 0.854835 1.38809 1.43211 0.939839 1.3505
0.335782 0.420604 0.6607 0.271498 0.370094 0.436193 0.771748 0.210744 0.657908 0.329218
0.712587 0.988859 0.421201 0.429568 0.801424 0.964306 1.04755 0.484738 0.256015 0.760773
1.87394 0.855283 1.12442 1.14847 0.559655 0.904827 0.883776 0.787757 0.336215 0.662203
0.317599 0.564046 1.01118 0.74725 1.63016 0.686572 1.2511 0.95028 0.23112 1.86746
0.81468 0.770711 1.00256 0.888636 1.1184 2.2196 0.597092 0.67913 0.694368 1.16953
0.628806 1.06173 0.723295 1.0462 0.95141 1.54842 2.39671 0.722025 1.2008 1.03386
1.72425 1.27851 0.454015 1.29596 1.34013 0.412854 0.179061 0.927082 1.2178 0.375518
0.509401 0.769724 0.739245 1.93171 0.819779 0.788804 0.962726 0.748975 0.366252 0.854173
0.42595 1.25351 1.29715 0.76913 0.753263 0.521059 0.894665 0.614186 0.608679 0.786724
1.47068 1.71599 0.975739 0.714087 1.12242 0.399302 0.774781 0.678893 1.08477 0.402675
0.704332 0.869556 0.195551 0.619654 0.390596 0.802702 0.416045 0.401203 2.09148 0.633948
0.884764 1.04693 0.819739 0.664883 0.286534 0.382083 1.00508 0.510702 0.755017 0.573888
0.881212 0.331311 0.633713 1.00942 0.579112 1.5734 0.806152 1.66206 0.838599 0.756775
0.399647 1.22546 0.764843 0.786745 1.10201 0.149513 0.526966 1.14512 0.283267 0.382678
0.675941 0.683036 0.552733 0.260898 0.499973 0.766638 1.41019 3.00603 0.157756 2.18731
0.79878 0.690823 0.850588 0.798717 0.728171 1.1508 0.937492 1.0362 0.716978 0.447481
0.826176 1.10727 0.554075 0.899486 0.796202 0.474254 0.217477 0.602609 0.32127 0.855701
1.44628 1.37429 1.25129 0.407122 0.950726 0.740465 1.55901 0.49141 0.339158 1.08481
0.964118 0.341155 0.833239 0.814311 1.26837 0.911637 0.606776 0.487898 0.624589 0.413769
0.70795 0.739242 1.78696 0.779969 0.636564 0.592101 0.958458 0.314208 0.414028 2.06459
0.873834 0.289574 1.12546 0.758789 0.266996 0.34737 0.857005 0.978415 0.931094 0.516605
0.781004 3.63908 0.960563 1.03258 0.6548 0.32132 0.457614 0.954191 1.08973 0.298734
>noiseOffset:
>observedSynthesisNoise:
>std_NoiseOffset:
>mutation_prior_mean:
***
0 0 0 0 0 0 0 0 0 0
0 0 0 0 0 0 0 0 0 0
0 0 0 0 0 0 0 0 0 0
0 0 0 0 0 0 0 0 0 0
>mutation_prior_sd:
***
0.35 0.35 0.35 0.35 0.35 0.35 0.35 0.35 0.35 0.35
0.35 0.35 0.35 0.35 0.35 0.35 0.35 0.35 0.35 0.35
0.35 0.35 0.35 0.35 0.35 0.35 0.35 0.35 0.35 0.35
0.35 0.35 0.35 0.35 0.35 0.35 0.35 0.35 0.35 0.35
>std_csp:
0.0512 0.0512 0.0512 119.253 442.779 1.79216 11.2455 0.08 0.08 0.08
340.599 0.1 0.1 0.815731 0.0262144 0.0262144 0.0262144 0.0262144 0.0262144 19.005
0.08 0.08 0.08 1264.62 0.04096 0.04096 0.04096 0.04096 0.04096 0.04096
0.04096 0.04096 0.0512 0.0512 0.0512 0.0512 0.0512 0.0512 262 91.7333
>currentMutationParameter:
***
-0.276178 0.823862 0.351652 0.452998 0.699368 -0.629196 0.269576 -0.418407 0.0653429 0.639954
0.573948 0.520233 0.658889 -0.826837 0.461814 0.674041 0.201728 0.576477 0.124399 0.757632
0.185048 0.545765 0.0541376 -0.359437 -0.646093 -0.194257 -0.658005 0.718733 -0.17819 -0.520774
0.488489 -0.0682093 -0.463301 0.882977 0.409079 0.610273 0.711687 0.0248001 0.470056 0.347179
>currentSelectionParameter:
***
0.789646 -0.231706 1.00286 -0.669754 -0.258322 0.457049 -0.7978 -0.860298 0.283212 0.179805
-0.554631 1.44407 -0.514193 1.00688 1.26275 -0.730588 0.222499 -0.768353 1.74835 -0.733244
-1.74934 0.103124 -0.337802 -0.245094 0.593679 2.11044 1.30573 -0.153733 1.71448 0.675443
-0.204723 0.4967 0.748776 -0.459914 0.588535 0.9356 -0.277695 0.632859 -0.691718 -0.599628
>covarianceMatrix:
A
0.00174124	0.00026832	0.000808999	-0.00139481	-0.000146227	-0.00058768	
0.00026832	0.00120421	2.61758e-06	-0.000174041	-0.000652644	8.77467e-05	
0.000808999	2.61758e-06	0.00302162	-0.000384823	9.99724e-06	-0.00241102	
-0.00139481	-0.000174041	-0.000384823	0.00164575	9.69964e-05	0.000449308	
-0.000146227	-0.000652644	9.99724e-06	9.69964e-05	0.000552966	-6.70049e-05	
-0.00058768	8.77467e-05	-0.00241102	0.000449308	-6.70049e-05	0.00276317	
***
>covarianceMatrix:
C
0.0095709	-0.00725121	
-0.00725121	0.00844102	
***
>covarianceMatrix:
D
0.00427681	-0.00286602	
-0.00286602	0.00301898	
***
>covarianceMatrix:
E
0.00399265	-0.00215826	
-0.00215826	0.00237842	
***
>covarianceMatrix:
F
0.00618279	-0.00437798	
-0.00437798	0.00514004	
***
>covarianceMatrix:
G
0.00195033	-0.000144666	2.69025e-05	-0.000748318	0.000155294	0.000121582	
-0.000144666	0.0016219	0.000268599	0.000104986	-0.000450346	-0.00014499	
2.69025e-05	0.000268599	0.00217088	6.67778e-05	-0.000188595	-0.00114865	
-0.000748318	0.000104986	6.67778e-05	0.00147278	3.65132e-05	3.44087e-06	
0.000155294	-0.000450346	-0.000188595	3.65132e-05	0.00144677	0.000346944	
0.000121582	-0.00014499	-0.00114865	3.44087e-06	0.000346944	0.00234685	
***
>covarianceMatrix:
H
0.00939173	-0.00713192	
-0.00713192	0.00778016	
***
>covarianceMatrix:
I
0.0025	0	0	0	
0	0.0025	0	0	
0	0	0.0025	0	
0	0	0	0.0025	
***
>covarianceMatrix:
K
0.0061882	-0.00491294	
-0.00491294	0.00584412	
***
>covarianceMatrix:
L
0.00326371	5.29675e-05	0.000361415	-0.00010984	0.00161619	-0.00282298	-0.000445734	-0.000323921	-0.000351779	-0.00087339	
5.29675e-05	0.000676707	0.000118522	0.000344955	-0.000140591	6.83038e-05	-0.000393447	-4.79053e-05	-0.000181231	0.000376106	
0.000361415	0.000118522	0.000524016	0.000118341	0.000124916	-0.000259709	-8.04315e-05	-0.000305432	-6.697e-05	-1.41356e-05	
-0.00010984	0.000344955	0.000118341	0.000672023	-0.000247766	0.000177801	-0.000162274	4.09284e-05	-0.000305276	0.000369884	
0.00161619	-0.000140591	0.000124916	-0.000247766	0.00286022	-0.00100394	-0.000279099	0.000122294	-0.000155051	-0.00222822	
-0.00282298	6.83038e-05	-0.000259709	0.000177801	-0.00100394	0.00399702	0.000362757	0.000590078	0.000258303	0.000949505	
-0.000445734	-0.000393447	-8.04315e-05	-0.000162274	-0.000279099	0.000362757	0.000584112	0.000115275	0.000381124	-7.60008e-06	
-0.000323921	-4.79053e-05	-0.000305432	4.09284e-05	0.000122294	0.000590078	0.000115275	0.000440217	4.45292e-05	2.88225e-05	
-0.000351779	-0.000181231	-6.697e-05	-0.000305276	-0.000155051	0.000258303	0.000381124	4.45292e-05	0.000453514	-6.30282e-05	
-0.00087339	0.000376106	-1.41356e-05	0.000369884	-0.00222822	0.000949505	-7.60008e-06	2.88225e-05	-6.30282e-05	0.0033205	
***
>covarianceMatrix:
N
0.0040345	-0.00270742	
-0.00270742	0.00320908	
***
>covarianceMatrix:
P
0.00320094	0.0006861	0.0012387	-0.00234403	-0.000407788	-0.00175986	
0.0006861	0.00301302	0.000500952	-0.000873865	-0.00244911	-0.000754951	
0.0012387	0.000500952	0.00191919	-0.00102371	-0.000270669	-0.00160595	
-0.00234403	-0.000873865	-0.00102371	0.00333191	0.00100589	0.00196821	
-0.000407788	-0.00244911	-0.000270669	0.00100589	0.00488062	0.00109969	
-0.00175986	-0.000754951	-0.00160595	0.00196821	0.00109969	0.00346681	
***
>covarianceMatrix:
Q
0.00561619	-0.00352012	
-0.00352012	0.00356994	
***
>covarianceMatrix:
R
0.000865393	0.000923444	0.000623183	0.000279924	0.000551054	-0.00051625	-0.000645803	-0.000410587	-0.000111894	-0.000199319	
0.000923444	0.00505046	0.00120078	0.000859386	0.000984842	-0.000329973	-0.00414586	-0.000130109	-0.000365462	0.000733964	
0.000623183	0.00120078	0.00170602	0.000919958	0.000817205	-0.000255175	-0.00048921	-0.0013586	-0.000439107	9.70591e-05	
0.000279924	0.000859386	0.000919958	0.00169103	0.000472542	3.31326e-05	-0.000394703	-0.000694412	-0.000860591	-0.000127053	
0.000551054	0.000984842	0.000817205	0.000472542	0.0021996	-0.000205722	-0.000399029	-0.000233163	-0.000210759	-0.00132053	
-0.00051625	-0.000329973	-0.000255175	3.31326e-05	-0.000205722	0.000580592	0.000452513	0.000381196	2.23433e-05	0.00022278	
-0.000645803	-0.00414586	-0.00048921	-0.000394703	-0.000399029	0.000452513	0.00515847	-0.000118954	0.000264952	-0.00060631	
-0.000410587	-0.000130109	-0.0013586	-0.000694412	-0.000233163	0.000381196	-0.000118954	0.00204019	0.000433865	-2.33105e-05	
-0.000111894	-0.000365462	-0.000439107	-0.000860591	-0.000210759	2.23433e-05	0.000264952	0.000433865	0.000607918	0.000160272	
-0.000199319	0.000733964	9.70591e-05	-0.000127053	-0.00132053	0.00022278	-0.00060631	-2.33105e-05	0.000160272	0.00212267	
***
>covarianceMatrix:
S
0.0017306	0.000295893	0.000700152	-0.00123681	-0.0001535	-0.000403263	
0.000295893	0.00182467	0.000510841	-4.69857e-05	-0.00109336	-0.000345279	
0.000700152	0.000510841	0.00159716	-0.000478473	-0.000235935	-0.00103215	
-0.00123681	-4.69857e-05	-0.000478473	0.00146724	0.000106496	0.000539603	
-0.0001535	-0.00109336	-0.000235935	0.000106496	0.0010429	0.000293229	
-0.000403263	-0.000345279	-0.00103215	0.000539603	0.000293229	0.00117823	
***
>covarianceMatrix:
T
0.00154463	0.000408142	0.000758125	-0.00118484	-0.0002224	-0.000598337	
0.000408142	0.00202632	0.000438258	-0.000236813	-0.00120547	-0.000260667	
0.000758125	0.000438258	0.00231713	-0.000589318	-0.000292106	-0.00187935	
-0.00118484	-0.000236813	-0.000589318	0.00168857	0.000122479	0.000831633	
-0.0002224	-0.00120547	-0.000292106	0.000122479	0.00102041	0.000269371	
-0.000598337	-0.000260667	-0.00187935	0.000831633	0.000269371	0.00244375	
***
>covarianceMatrix:
V
0.00353302	0.000197682	0.000992646	-0.00267014	-0.000131211	-0.000679768	
0.000197682	0.00142163	0.000260355	-3.15522e-05	-0.000814348	-4.29759e-05	
0.000992646	0.000260355	0.00186568	-0.000399393	-0.000221755	-0.00129319	
-0.00267014	-3.15522e-05	-0.000399393	0.00367323	2.35723e-05	0.000633887	
-0.000131211	-0.000814348	-0.000221755	2.35723e-05	0.000759235	9.81383e-05	
-0.000679768	-4.29759e-05	-0.00129319	0.000633887	9.81383e-05	0.00157124	
***
>covarianceMatrix:
Y
0.00797569	-0.00568932	
-0.00568932	0.00639374	
***
>covarianceMatrix:
Z
0.00935288	-0.00834285	
-0.00834285	0.011118	
***
