>groupList:
A C D E F G H I K L
N P Q R S T V Y Z 
>stdDevSynthesisRate:
0.617727 
>numParam:
40
>numMixtures:
1
>std_stdDevSynthesisRate:
0.1728
>std_phi:
***
0.169 0.482681 0.0832 0.371293 0.28561 0.371293 0.28561 0.1352 0.482681 0.371293
0.371293 0.13 0.371293 0.371293 0.13 0.28561 1.06045 0.482681 0.482681 0.371293
0.627485 0.482681 0.28561 0.627485 0.627485 0.627485 0.482681 1.06045 0.627485 0.371293
0.815731 1.06045 1.06045 0.482681 0.627485 0.815731 1.06045 0.627485 0.28561 1.06045
1.06045 0.815731 0.1352 0.815731 0.28561 0.28561 1.06045 1.06045 0.815731 0.28561
1.06045 1.06045 1.06045 0.627485 0.371293 1.06045 0.482681 0.371293 0.386145 1.06045
0.627485 0.2197 0.28561 1.06045 1.06045 0.371293 1.06045 1.06045 0.371293 1.06045
0.627485 1.06045 0.627485 0.371293 1.06045 0.28561 0.371293 0.371293 0.482681 0.28561
0.815731 1.06045 0.386145 0.627485 0.815731 1.06045 0.627485 0.627485 0.482681 1.06045
1.06045 0.627485 1.06045 1.06045 0.482681 0.371293 0.482681 1.06045 1.06045 0.815731
0.371293 0.482681 0.627485 0.28561 0.815731 0.815731 0.371293 0.482681 1.06045 1.06045
0.815731 1.06045 0.371293 0.815731 0.371293 0.482681 0.371293 0.627485 1.06045 0.28561
0.627485 0.627485 0.482681 0.482681 0.815731 0.28561 0.815731 1.06045 0.627485 0.482681
0.627485 0.28561 0.627485 0.815731 0.815731 0.371293 0.482681 0.815731 0.482681 0.482681
0.627485 0.371293 0.627485 0.482681 0.815731 1.06045 1.06045 0.482681 0.482681 1.06045
0.627485 0.815731 0.371293 0.28561 0.482681 0.482681 0.627485 0.482681 0.815731 0.482681
0.815731 0.627485 0.627485 0.815731 0.815731 1.06045 1.06045 1.06045 0.815731 0.627485
0.482681 0.371293 0.815731 0.627485 0.371293 0.627485 1.06045 0.815731 0.371293 0.371293
0.482681 0.28561 1.06045 0.815731 1.06045 1.06045 0.815731 0.815731 1.06045 0.482681
0.482681 0.371293 0.627485 0.815731 0.815731 0.627485 0.627485 1.06045 0.815731 1.06045
0.627485 1.06045 0.627485 0.371293 0.815731 0.371293 0.815731 0.482681 0.482681 0.482681
1.06045 0.482681 0.627485 1.06045 0.815731 1.06045 0.482681 0.28561 0.815731 1.06045
0.815731 0.815731 0.627485 1.06045 0.627485 0.482681 0.482681 1.06045 1.06045 0.482681
0.482681 1.06045 0.482681 0.627485 0.371293 0.815731 1.06045 0.627485 0.627485 0.815731
0.815731 0.371293 1.06045 0.371293 1.06045 0.482681 0.815731 0.815731 1.06045 0.28561
0.627485 0.627485 0.627485 1.06045 0.482681 0.482681 0.482681 0.371293 0.815731 0.815731
0.627485 0.627485 0.815731 0.482681 0.815731 0.627485 0.815731 0.482681 0.627485 0.627485
0.482681 0.627485 0.482681 0.627485 1.06045 0.482681 0.482681 0.627485 1.06045 0.815731
1.06045 1.06045 0.482681 1.06045 1.06045 0.815731 0.627485 0.627485 0.627485 0.815731
0.815731 0.28561 0.386145 0.815731 0.815731 0.815731 1.06045 0.482681 0.627485 0.815731
>categories:
0 0
>mixtureAssignment:
0 0 0 0 0 0 0 0 0 0 0 0 0 0 0 0 0 0 0 0 0 0 0 0 0 0 0 0 0 0 0 0 0 0 0 0 0 0 0 0 0 0 0 0 0 0 0 0 0 0
0 0 0 0 0 0 0 0 0 0 0 0 0 0 0 0 0 0 0 0 0 0 0 0 0 0 0 0 0 0 0 0 0 0 0 0 0 0 0 0 0 0 0 0 0 0 0 0 0 0
0 0 0 0 0 0 0 0 0 0 0 0 0 0 0 0 0 0 0 0 0 0 0 0 0 0 0 0 0 0 0 0 0 0 0 0 0 0 0 0 0 0 0 0 0 0 0 0 0 0
0 0 0 0 0 0 0 0 0 0 0 0 0 0 0 0 0 0 0 0 0 0 0 0 0 0 0 0 0 0 0 0 0 0 0 0 0 0 0 0 0 0 0 0 0 0 0 0 0 0
0 0 0 0 0 0 0 0 0 0 0 0 0 0 0 0 0 0 0 0 0 0 0 0 0 0 0 0 0 0 0 0 0 0 0 0 0 0 0 0 0 0 0 0 0 0 0 0 0 0
0 0 0 0 0 0 0 0 0 0 0 0 0 0 0 0 0 0 0 0 0 0 0 0 0 0 0 0 0 0 0 0 0 0 0 0 0 0 0 0 0 0 0 0 0 0 0 0 0 0
>numMutationCategories:
1
>numSelectionCategories:
1
>categoryProbabilities:
1 
>selectionIsInMixture:
***
0 
>mutationIsInMixture:
***
0 
>obsPhiSets:
0
>currentSynthesisRateLevel:
***
2.48594 2.89445 2.87571 2.88283 2.59956 2.66816 2.4888 3.58216 2.67145 2.09587
1.32954 2.89829 2.23191 1.88971 2.75888 2.05464 1.27876 2.02058 1.61198 1.70575
0.810126 1.50699 2.15519 1.17463 0.659422 1.14087 1.63958 0.411521 1.25902 2.32113
0.867937 0.572305 0.297643 0.561712 0.71192 0.50987 0.842921 0.941162 2.29541 0.568294
0.506855 0.711928 2.95203 0.971842 2.63431 1.68409 0.661295 0.385311 0.471417 1.57623
0.204204 0.578635 0.514703 1.03555 1.00905 0.652748 1.66026 1.38493 0.936508 0.549754
1.05644 1.44913 2.12353 0.513064 0.742758 2.39434 0.454673 0.554584 0.888684 0.437352
0.959275 0.278614 1.1716 1.35819 0.588226 0.956528 1.19317 1.40913 0.830301 1.50473
0.23857 0.40658 0.683601 0.31202 0.333483 0.429678 1.02554 0.33641 0.689452 0.254316
0.711414 0.832668 0.155284 0.340284 0.827792 0.993542 1.24905 0.200977 0.236897 0.731884
1.77861 1.00129 1.21996 1.27753 0.620737 0.922678 0.733172 1.02962 0.199578 0.452871
0.334453 0.68747 0.98712 0.798126 1.58949 0.867494 1.28776 1.04804 0.483249 1.91807
1.16164 0.489302 1.03694 0.599092 0.922777 2.19769 0.504839 0.54675 0.80199 1.15737
0.518479 1.20916 1.01938 1.83307 1.28901 1.52476 1.94891 0.950738 1.23311 1.06281
2.03844 1.25963 0.826942 1.51361 1.19605 0.446037 0.276958 0.787277 0.957476 0.498726
0.638316 0.872438 0.904916 2.04039 1.0727 0.719987 0.91219 0.847401 0.78101 1.19201
0.586562 0.973752 1.61434 1.07523 0.753339 0.337586 0.712673 0.670504 0.763948 0.885263
1.67506 1.77323 1.61664 0.727705 1.12633 0.460733 0.738145 0.557253 0.994248 0.42767
0.831603 0.979676 0.3187 1.04603 0.597988 0.695231 0.249781 0.444531 2.24612 0.729663
0.869802 1.07533 1.14088 0.769599 0.311153 0.451233 0.914325 0.802662 0.682761 0.368205
0.742893 0.379994 0.77012 1.35976 0.748944 1.53707 1.476 1.59522 0.73053 0.944546
0.313916 0.90569 0.797753 0.256424 0.926471 0.3479 0.692149 1.26717 0.301735 0.609364
0.64338 0.575008 0.620387 0.40077 0.716488 0.805799 1.13244 2.43593 0.0936482 1.84167
0.770386 0.584208 0.932379 0.689099 0.640401 1.16186 1.04175 1.24569 0.664042 0.717452
0.711571 1.14431 0.496482 0.970864 0.876969 0.518424 0.341813 0.474089 0.367164 1.05272
1.38636 1.47083 1.4361 0.338583 0.778148 0.518479 1.42664 0.476212 0.348161 1.01735
0.873625 0.559894 0.687958 0.882821 0.834559 1.52678 0.521002 0.577359 0.688923 0.593974
0.611602 0.731369 2.42899 0.704693 0.427559 0.638889 0.698349 0.372459 0.417889 2.54081
0.873822 0.315697 1.1034 1.31022 0.349492 0.39629 0.904195 0.878169 1.3211 0.472006
0.703349 3.09747 0.896533 0.857413 0.465341 0.440618 0.720635 0.899578 0.956875 0.473537
>noiseOffset:
>observedSynthesisNoise:
>std_NoiseOffset:
>mutation_prior_mean:
***
0 0 0 0 0 0 0 0 0 0
0 0 0 0 0 0 0 0 0 0
0 0 0 0 0 0 0 0 0 0
0 0 0 0 0 0 0 0 0 0
>mutation_prior_sd:
***
0.35 0.35 0.35 0.35 0.35 0.35 0.35 0.35 0.35 0.35
0.35 0.35 0.35 0.35 0.35 0.35 0.35 0.35 0.35 0.35
0.35 0.35 0.35 0.35 0.35 0.35 0.35 0.35 0.35 0.35
0.35 0.35 0.35 0.35 0.35 0.35 0.35 0.35 0.35 0.35
>std_csp:
0.0512 0.0512 0.0512 0.248832 0.1 0.1 0.20736 0.08 0.08 0.08
0.248832 0.1 0.1 0.12 0.0134218 0.0134218 0.0134218 0.0134218 0.0134218 0.12
0.08 0.08 0.08 0.12 0.0134218 0.0134218 0.0134218 0.0134218 0.0134218 0.0512
0.0512 0.0512 0.064 0.064 0.064 0.064 0.064 0.064 0.1728 0.298598
>currentMutationParameter:
***
-0.355508 0.711015 0.452004 0.74716 0.766621 -0.845025 0.344361 -0.362033 0.211935 0.570716
0.822015 0.283241 0.680421 -0.778932 0.218856 0.699507 0.283218 0.549644 0.165884 1.03901
-0.0166094 0.303033 -0.0691509 -0.304854 -0.603407 0.31249 -0.833585 0.943526 -0.0551518 -0.407697
0.729938 0.136332 -0.611704 0.920797 0.343788 0.447287 0.519405 -0.0809727 0.363197 0.392802
>currentSelectionParameter:
***
0.794311 -0.149656 0.906679 -0.938906 -0.31484 0.53062 -0.868081 -0.868768 0.168327 0.16877
-0.709467 1.75171 -0.509221 0.948151 1.31562 -0.739951 0.0989747 -0.751963 1.49332 -0.903808
-1.45702 0.36388 -0.129889 -0.310693 0.588731 1.47382 1.50942 -0.253301 1.52896 0.559119
-0.351163 0.306531 0.883977 -0.4569 0.543511 0.953517 -0.149994 0.677889 -0.5655 -0.544754
>covarianceMatrix:
A
0.0032184	0.000914071	0.00197928	-0.00239314	-0.000539027	-0.00150669	
0.000914071	0.00190761	0.00121194	-0.00061634	-0.000889103	-0.000879781	
0.00197928	0.00121194	0.00370486	-0.0016112	-0.000646052	-0.00265156	
-0.00239314	-0.00061634	-0.0016112	0.00278195	0.000438364	0.00167337	
-0.000539027	-0.000889103	-0.000646052	0.000438364	0.000974865	0.000546426	
-0.00150669	-0.000879781	-0.00265156	0.00167337	0.000546426	0.00354327	
***
>covarianceMatrix:
C
0.0062208	0	
0	0.0062208	
***
>covarianceMatrix:
D
0.0025	0	
0	0.0025	
***
>covarianceMatrix:
E
0.0025	0	
0	0.0025	
***
>covarianceMatrix:
F
0.005184	0	
0	0.005184	
***
>covarianceMatrix:
G
0.00298246	0.000599475	0.000748435	-0.00183446	-0.000542033	-0.00064707	
0.000599475	0.002187	0.000163365	-0.00048867	-0.000541147	-5.69158e-05	
0.000748435	0.000163365	0.00243058	-0.00064742	-0.000247666	-0.000860583	
-0.00183446	-0.00048867	-0.00064742	0.00414004	0.000680905	0.000861515	
-0.000542033	-0.000541147	-0.000247666	0.000680905	0.00212675	0.000396193	
-0.00064707	-5.69158e-05	-0.000860583	0.000861515	0.000396193	0.00270733	
***
>covarianceMatrix:
H
0.0062208	0	
0	0.0062208	
***
>covarianceMatrix:
I
0.0025	0	0	0	
0	0.0025	0	0	
0	0	0.0025	0	
0	0	0	0.0025	
***
>covarianceMatrix:
K
0.003	0	
0	0.003	
***
>covarianceMatrix:
L
0.00562643	-0.000317019	0.000871492	-0.000169786	0.00284493	-0.00518894	0.000195105	-0.000728152	-3.91119e-05	-0.00248276	
-0.000317019	0.00236856	0.000710268	0.00106215	1.61439e-05	0.00103578	-0.00190141	-0.000574491	-0.001087	0.000497894	
0.000871492	0.000710268	0.00209776	0.00059299	0.00105149	-0.000983186	-0.000516718	-0.00153067	-0.000492419	-0.00108184	
-0.000169786	0.00106215	0.00059299	0.00140995	0.000275029	0.000459042	-0.00107351	-0.000553491	-0.00112061	-0.000264437	
0.00284493	1.61439e-05	0.00105149	0.000275029	0.00518916	-0.00289013	-7.35397e-05	-0.000777918	-0.000294401	-0.00401885	
-0.00518894	0.00103578	-0.000983186	0.000459042	-0.00289013	0.00775831	-0.00101682	0.000971547	-0.000427712	0.00321896	
0.000195105	-0.00190141	-0.000516718	-0.00107351	-7.35397e-05	-0.00101682	0.002297	0.00072094	0.00147148	-0.000636549	
-0.000728152	-0.000574491	-0.00153067	-0.000553491	-0.000777918	0.000971547	0.00072094	0.00170277	0.000638429	0.000800919	
-3.91119e-05	-0.001087	-0.000492419	-0.00112061	-0.000294401	-0.000427712	0.00147148	0.000638429	0.0013619	-0.000127167	
-0.00248276	0.000497894	-0.00108184	-0.000264437	-0.00401885	0.00321896	-0.000636549	0.000800919	-0.000127167	0.00520375	
***
>covarianceMatrix:
N
0.003	0	
0	0.003	
***
>covarianceMatrix:
P
0.00309337	0.00056105	0.000923123	-0.00164506	-0.000131683	-0.00111667	
0.00056105	0.00413627	0.000265599	-0.000651377	-0.00272356	-0.0003089	
0.000923123	0.000265599	0.00249638	-0.000637657	0.000143802	-0.0012048	
-0.00164506	-0.000651377	-0.000637657	0.00351563	0.000612752	0.00124629	
-0.000131683	-0.00272356	0.000143802	0.000612752	0.00541627	0.000260309	
-0.00111667	-0.0003089	-0.0012048	0.00124629	0.000260309	0.00294441	
***
>covarianceMatrix:
Q
0.003	0	
0	0.003	
***
>covarianceMatrix:
R
0.00219922	0.00158073	0.00100979	0.000538407	0.000893588	-0.00146686	-0.00174832	-0.000655227	-0.000141058	-0.000154931	
0.00158073	0.00766542	0.00107932	0.000920627	0.00412887	-0.000777569	-0.00726841	-3.01505e-05	-0.000691197	-0.00342564	
0.00100979	0.00107932	0.00318562	0.000131935	0.00174979	-0.000421846	0.000357016	-0.00212831	0.00012393	-0.00091995	
0.000538407	0.000920627	0.000131935	0.00226571	0.00128994	-9.63221e-05	-0.00105986	0.000295145	-0.000922531	-0.000969353	
0.000893588	0.00412887	0.00174979	0.00128994	0.00894821	8.51259e-05	-0.00321033	-0.000302217	-0.000752318	-0.00735327	
-0.00146686	-0.000777569	-0.000421846	-9.63221e-05	8.51259e-05	0.00159764	0.0013965	0.00071443	-1.37012e-05	-0.000296549	
-0.00174832	-0.00726841	0.000357016	-0.00105986	-0.00321033	0.0013965	0.0116405	-0.000852573	0.000894108	0.00331814	
-0.000655227	-3.01505e-05	-0.00212831	0.000295145	-0.000302217	0.00071443	-0.000852573	0.0025704	-0.000315192	0.000105201	
-0.000141058	-0.000691197	0.00012393	-0.000922531	-0.000752318	-1.37012e-05	0.000894108	-0.000315192	0.00069084	0.000773735	
-0.000154931	-0.00342564	-0.00091995	-0.000969353	-0.00735327	-0.000296549	0.00331814	0.000105201	0.000773735	0.00790544	
***
>covarianceMatrix:
S
0.00285267	0.000123047	0.00155342	-0.00185546	-4.44165e-05	-0.00109569	
0.000123047	0.0023683	0.000240484	4.06211e-05	-0.00114881	-6.08953e-05	
0.00155342	0.000240484	0.00232332	-0.00110643	-0.0001879	-0.0013925	
-0.00185546	4.06211e-05	-0.00110643	0.00231839	-3.63753e-07	0.00102257	
-4.44165e-05	-0.00114881	-0.0001879	-3.63753e-07	0.00147913	0.000177945	
-0.00109569	-6.08953e-05	-0.0013925	0.00102257	0.000177945	0.00188093	
***
>covarianceMatrix:
T
0.00197567	0.000157607	0.000482224	-0.00091377	-1.14565e-05	-0.000120057	
0.000157607	0.0014978	0.000111245	4.34419e-05	-0.000512502	-0.000293094	
0.000482224	0.000111245	0.00178506	-0.000272408	-1.00094e-05	-0.000462257	
-0.00091377	4.34419e-05	-0.000272408	0.00219919	-5.00453e-05	0.000129705	
-1.14565e-05	-0.000512502	-1.00094e-05	-5.00453e-05	0.00131814	-6.74563e-05	
-0.000120057	-0.000293094	-0.000462257	0.000129705	-6.74563e-05	0.00298602	
***
>covarianceMatrix:
V
0.00456126	0.000272098	0.0014158	-0.00344842	4.67746e-05	-0.00101453	
0.000272098	0.00131085	0.000500866	-0.000206915	-0.000391055	-0.00045964	
0.0014158	0.000500866	0.00266162	-0.00110268	-0.0002498	-0.00165176	
-0.00344842	-0.000206915	-0.00110268	0.00434518	-0.0001066	0.000980441	
4.67746e-05	-0.000391055	-0.0002498	-0.0001066	0.000998177	0.000247026	
-0.00101453	-0.00045964	-0.00165176	0.000980441	0.000247026	0.00241698	
***
>covarianceMatrix:
Y
0.00432	0	
0	0.00432	
***
>covarianceMatrix:
Z
0.00746496	0	
0	0.00746496	
***
