>groupList:
A C D E F G H I K L
N P Q R S T V Y Z 
>stdDevSynthesisRate:
1.0444 
>numParam:
40
>numMixtures:
1
>std_stdDevSynthesisRate:
0.20736
>std_phi:
***
1.06045 0.308916 0.386145 0.84836 0.401591 0.28561 0.371293 0.401591 0.371293 0.371293
0.386145 0.815731 0.917586 0.522068 0.371293 0.401591 1.14698 0.482681 0.386145 0.386145
0.308916 0.522068 1.55072 0.522068 0.705835 0.371293 0.401591 0.501988 0.482681 0.882294
1.49108 0.501988 0.386145 1.86385 0.401591 0.28561 0.28561 0.321272 0.84836 1.06045
0.2197 0.28561 0.678688 0.321272 0.54295 0.297034 1.86385 0.815731 0.297034 0.308916
1.86385 0.28561 1.49108 1.55072 0.401591 1.49108 0.371293 0.84836 0.627485 0.371293
0.652585 0.652585 1.9384 0.371293 0.522068 0.371293 0.297034 0.678688 0.84836 0.386145
0.882294 0.522068 0.652585 0.386145 1.55072 0.371293 0.522068 0.401591 0.84836 0.84836
0.386145 0.84836 0.371293 0.297034 0.501988 1.24058 0.652585 0.371293 0.705835 0.522068
0.482681 0.522068 0.482681 0.308916 0.501988 0.297034 1.14698 0.652585 0.371293 0.371293
0.84836 1.24058 0.501988 1.49108 0.522068 1.14698 1.10287 0.678688 0.627485 0.815731
0.705835 0.627485 0.815731 0.2197 1.61275 0.652585 0.386145 0.482681 0.882294 0.917586
0.401591 0.371293 0.482681 0.627485 0.917586 0.627485 1.43373 0.28561 0.882294 0.28561
0.652585 0.297034 1.10287 0.482681 0.482681 0.482681 0.815731 0.297034 0.371293 0.652585
1.19286 1.86385 0.297034 0.297034 1.24058 1.86385 0.501988 0.297034 1.86385 0.652585
0.28561 1.43373 0.815731 0.917586 0.482681 0.815731 0.386145 0.678688 0.652585 0.297034
0.371293 0.627485 0.627485 0.371293 0.501988 1.24058 0.652585 0.18279 0.371293 1.06045
0.627485 0.678688 1.49108 0.371293 1.9384 0.501988 0.386145 0.815731 0.652585 0.482681
0.386145 0.815731 0.2197 0.482681 0.371293 1.49108 0.28561 0.386145 0.627485 0.169
0.371293 0.371293 0.627485 0.386145 0.84836 0.678688 0.386145 0.678688 0.627485 0.482681
>categories:
0 0
>mixtureAssignment:
0 0 0 0 0 0 0 0 0 0 0 0 0 0 0 0 0 0 0 0 0 0 0 0 0 0 0 0 0 0 0 0 0 0 0 0 0 0 0 0 0 0 0 0 0 0 0 0 0 0
0 0 0 0 0 0 0 0 0 0 0 0 0 0 0 0 0 0 0 0 0 0 0 0 0 0 0 0 0 0 0 0 0 0 0 0 0 0 0 0 0 0 0 0 0 0 0 0 0 0
0 0 0 0 0 0 0 0 0 0 0 0 0 0 0 0 0 0 0 0 0 0 0 0 0 0 0 0 0 0 0 0 0 0 0 0 0 0 0 0 0 0 0 0 0 0 0 0 0 0
0 0 0 0 0 0 0 0 0 0 0 0 0 0 0 0 0 0 0 0 0 0 0 0 0 0 0 0 0 0 0 0 0 0 0 0 0 0 0 0 0 0 0 0 0 0 0 0 0 0
>numMutationCategories:
1
>numSelectionCategories:
1
>categoryProbabilities:
1 
>selectionIsInMixture:
***
0 
>mutationIsInMixture:
***
0 
>obsPhiSets:
0
>currentSynthesisRateLevel:
***
0.110077 1.45514 0.855722 0.158732 0.954099 1.21222 0.825633 0.608984 0.745291 1.5388
1.82135 0.325501 0.40354 0.189133 1.83928 0.764893 0.284676 0.295105 0.233975 1.26478
0.718592 0.524944 0.110447 1.18008 0.130975 1.58633 0.368824 0.876921 0.732897 0.265845
0.0706479 0.346839 0.471946 0.0602394 0.787064 0.429599 1.3711 1.20258 0.0650353 0.169013
0.915579 1.99457 0.249709 2.31288 0.23587 2.01424 0.196512 1.38701 0.467697 1.80389
0.510765 1.54852 0.0955829 0.296946 0.248274 0.101718 1.36377 0.274613 1.2482 0.788796
0.910115 0.225807 0.0862518 1.37565 0.387395 0.969056 1.78451 0.497983 0.497525 0.691968
0.153563 0.750376 0.579465 0.981398 0.126568 0.911951 0.343822 0.495628 1.75224 0.442125
0.380698 0.282527 0.577681 1.80984 0.523262 0.179564 0.282757 0.582529 0.234233 0.269481
1.94058 0.757767 0.679695 1.90802 0.298053 1.68334 0.476934 0.503855 0.947225 1.04211
0.308659 0.104149 0.397221 0.10313 0.575576 0.210322 0.272597 0.529849 1.16721 0.447716
0.290216 0.605038 0.263329 0.558126 0.044966 0.699599 0.605514 0.552842 0.195154 0.188853
0.834328 0.875916 0.79164 0.278472 0.394546 0.507546 0.204685 1.03915 0.201365 0.686171
0.596095 1.98963 0.198024 1.34118 0.39275 0.502213 0.525222 0.903792 2.41148 0.377457
0.119585 0.028401 0.257556 2.38905 0.170177 0.0815407 0.536073 0.483871 0.103944 0.472799
1.55614 0.0369002 0.231079 0.153021 0.713833 0.336027 0.436112 1.59885 0.524945 2.20419
0.449505 0.471261 0.603677 0.610442 0.230232 0.077072 0.219027 0.58052 1.27033 0.450567
0.695539 0.581397 0.134798 2.39962 0.0922565 0.948661 0.419048 0.319138 0.402521 1.32785
0.751259 0.48666 0.652318 0.385706 1.9926 0.143398 0.744031 1.19203 2.01396 0.708489
0.468859 0.456341 1.0951 1.71804 0.764827 0.478996 0.440108 0.225878 0.639369 1.52773
>noiseOffset:
>observedSynthesisNoise:
>std_NoiseOffset:
>mutation_prior_mean:
***
0 0 0 0 0 0 0 0 0 0
0 0 0 0 0 0 0 0 0 0
0 0 0 0 0 0 0 0 0 0
0 0 0 0 0 0 0 0 0 0
>mutation_prior_sd:
***
0.35 0.35 0.35 0.35 0.35 0.35 0.35 0.35 0.35 0.35
0.35 0.35 0.35 0.35 0.35 0.35 0.35 0.35 0.35 0.35
0.35 0.35 0.35 0.35 0.35 0.35 0.35 0.35 0.35 0.35
0.35 0.35 0.35 0.35 0.35 0.35 0.35 0.35 0.35 0.35
>std_csp:
0.032768 0.032768 0.032768 19.005 19.005 1.06045 0.2197 0.08 0.08 0.08
41.7539 0.0262144 0.0262144 0.169 0.064 0.064 0.064 0.064 0.064 1.06045
0.1 0.1 0.1 201.538 0.032768 0.032768 0.032768 0.032768 0.032768 0.064
0.064 0.064 0.032768 0.032768 0.032768 0.08 0.08 0.08 3.02875 0.815731
>currentMutationParameter:
***
-0.226746 0.988558 0.788411 0.76638 0.875236 -0.823852 0.305715 -0.896993 0.267346 0.426708
0.545462 0.835649 0.749948 -0.847685 0.405845 0.715131 0.370799 0.177424 0.173192 0.696946
-0.594138 0.586545 -0.0642733 -0.610074 -0.961187 0.174423 -0.590281 0.928119 0.132622 -0.453437
0.48776 0.321587 -0.179477 0.773646 0.788981 0.488041 0.733214 0.274106 0.512777 0.594869
>currentSelectionParameter:
***
1.25693 -0.724167 1.64527 -1.40049 -0.711081 1.07019 -1.68163 -1.13441 0.59458 1.06912
-0.768191 3.2404 -0.887689 1.87467 1.70781 -0.912886 0.744813 -0.652324 2.72509 -1.19718
-2.3359 0.510256 0.114964 -0.338294 0.926118 3.32746 2.38813 -0.285486 2.89239 0.971612
-0.414004 0.733293 0.805709 -0.689766 1.15831 1.1309 -0.431114 0.648909 -1.06396 -1.17267
>covarianceMatrix:
A
0.0011071	-0.000117784	0.000733194	-0.00118128	0.000107276	-0.000646844	
-0.000117784	0.000913915	-0.000379187	5.59529e-05	-0.000555072	0.000536409	
0.000733194	-0.000379187	0.00267741	-0.000255694	8.778e-05	-0.00290874	
-0.00118128	5.59529e-05	-0.000255694	0.00223958	-0.000135924	0.000472631	
0.000107276	-0.000555072	8.778e-05	-0.000135924	0.000639343	7.38328e-05	
-0.000646844	0.000536409	-0.00290874	0.000472631	7.38328e-05	0.00531267	
***
>covarianceMatrix:
C
0.00747501	-0.00795193	
-0.00795193	0.0148043	
***
>covarianceMatrix:
D
0.00331705	-0.00386069	
-0.00386069	0.00669054	
***
>covarianceMatrix:
E
0.00565707	-0.00583615	
-0.00583615	0.00885312	
***
>covarianceMatrix:
F
0.00562732	-0.00740131	
-0.00740131	0.0155405	
***
>covarianceMatrix:
G
0.0014168	0.00029967	0.000655614	-0.000786327	-0.000525524	-0.00148748	
0.00029967	0.00174819	4.66159e-05	-0.000362012	-0.00171222	-6.38721e-05	
0.000655614	4.66159e-05	0.00329501	-0.000294252	3.33499e-05	-0.0049102	
-0.000786327	-0.000362012	-0.000294252	0.00169873	0.000878303	0.00103576	
-0.000525524	-0.00171222	3.33499e-05	0.000878303	0.00448664	0.000906247	
-0.00148748	-6.38721e-05	-0.0049102	0.00103576	0.000906247	0.0127087	
***
>covarianceMatrix:
H
0.00848628	-0.00965632	
-0.00965632	0.018414	
***
>covarianceMatrix:
I
0.00952717	-0.000799162	-0.0133206	0.000120493	
-0.000799162	0.00185199	0.000254979	-0.00164879	
-0.0133206	0.000254979	0.0308448	5.39332e-05	
0.000120493	-0.00164879	5.39332e-05	0.00242473	
***
>covarianceMatrix:
K
0.00650138	-0.00660004	
-0.00660004	0.0161967	
***
>covarianceMatrix:
L
0.000824992	7.10184e-06	0.000176754	0.00022912	0.000283622	-0.00122153	-6.34661e-05	-0.000131828	-0.000286536	-0.000682993	
7.10184e-06	0.000643344	5.77257e-05	0.000260225	-0.000398293	-0.000527894	-0.000589511	-0.000429869	-0.000368073	0.000637136	
0.000176754	5.77257e-05	0.000584926	0.00013606	-0.000143554	-0.000643216	1.87481e-05	-0.000740948	-9.69333e-05	8.53355e-05	
0.00022912	0.000260225	0.00013606	0.000564561	-0.000161817	-0.000582396	-0.00037428	-0.00022543	-0.000568477	0.000262622	
0.000283622	-0.000398293	-0.000143554	-0.000161817	0.0015768	0.000110767	0.000505064	0.000670657	0.000217288	-0.00229205	
-0.00122153	-0.000527894	-0.000643216	-0.000582396	0.000110767	0.00375515	0.000734922	0.00156165	0.000898745	0.000536738	
-6.34661e-05	-0.000589511	1.87481e-05	-0.00037428	0.000505064	0.000734922	0.00112054	0.000450442	0.000764414	-0.00085754	
-0.000131828	-0.000429869	-0.000740948	-0.00022543	0.000670657	0.00156165	0.000450442	0.00241393	0.000334216	-0.000657852	
-0.000286536	-0.000368073	-9.69333e-05	-0.000568477	0.000217288	0.000898745	0.000764414	0.000334216	0.00114905	-0.000296717	
-0.000682993	0.000637136	8.53355e-05	0.000262622	-0.00229205	0.000536738	-0.00085754	-0.000657852	-0.000296717	0.00497191	
***
>covarianceMatrix:
N
0.00543453	-0.00602258	
-0.00602258	0.00962127	
***
>covarianceMatrix:
P
0.0025	0	0	0	0	0	
0	0.0025	0	0	0	0	
0	0	0.0025	0	0	0	
0	0	0	0.0025	0	0	
0	0	0	0	0.0025	0	
0	0	0	0	0	0.0025	
***
>covarianceMatrix:
Q
0.00320188	-0.00337219	
-0.00337219	0.00580957	
***
>covarianceMatrix:
R
0.00122817	0.000967486	0.000979038	0.000533757	0.000705678	-0.00150907	-0.000321171	-0.000970189	-0.000587356	-0.000148293	
0.000967486	0.00320949	0.00127805	0.000198703	0.00128236	-0.000844983	-0.00184037	-0.000358415	-0.000360438	0.000142875	
0.000979038	0.00127805	0.00188643	0.000415079	0.00107607	-0.00101147	0.000445266	-0.00143609	-0.000544264	-0.000266722	
0.000533757	0.000198703	0.000415079	0.00115976	0.000227902	-0.000671975	0.000181638	-0.000454348	-0.000839457	0.000165957	
0.000705678	0.00128236	0.00107607	0.000227902	0.00250743	-0.000254641	0.000304761	-0.000634713	4.79867e-05	-0.00134078	
-0.00150907	-0.000844983	-0.00101147	-0.000671975	-0.000254641	0.00299638	0.000818529	0.00177164	0.00113535	5.69707e-05	
-0.000321171	-0.00184037	0.000445266	0.000181638	0.000304761	0.000818529	0.00483785	-0.000277696	-0.000401246	-0.000478725	
-0.000970189	-0.000358415	-0.00143609	-0.000454348	-0.000634713	0.00177164	-0.000277696	0.00285123	0.000366963	0.000936566	
-0.000587356	-0.000360438	-0.000544264	-0.000839457	4.79867e-05	0.00113535	-0.000401246	0.000366963	0.00148001	-0.000660944	
-0.000148293	0.000142875	-0.000266722	0.000165957	-0.00134078	5.69707e-05	-0.000478725	0.000936566	-0.000660944	0.00264708	
***
>covarianceMatrix:
S
0.00134234	0.000419235	0.000486107	-0.0015128	-0.000395059	-0.000455514	
0.000419235	0.00161463	0.000798708	-0.000398181	-0.00143806	-0.00105687	
0.000486107	0.000798708	0.00207035	-0.000549715	-0.000675981	-0.00253203	
-0.0015128	-0.000398181	-0.000549715	0.00320223	0.000725642	0.001008	
-0.000395059	-0.00143806	-0.000675981	0.000725642	0.00222346	0.00129791	
-0.000455514	-0.00105687	-0.00253203	0.001008	0.00129791	0.00469876	
***
>covarianceMatrix:
T
0.0014944	0.000447279	0.00095097	-0.00188021	-0.00039837	-0.00114726	
0.000447279	0.00129349	0.000411708	-0.000442964	-0.00117081	-0.000530654	
0.00095097	0.000411708	0.00210011	-0.00109797	-0.00027082	-0.00211083	
-0.00188021	-0.000442964	-0.00109797	0.00343325	0.000521926	0.00209743	
-0.00039837	-0.00117081	-0.00027082	0.000521926	0.00186461	0.000561017	
-0.00114726	-0.000530654	-0.00211083	0.00209743	0.000561017	0.00441936	
***
>covarianceMatrix:
V
0.00176014	-0.000283783	0.000288419	-0.00108391	0.000250522	4.34131e-05	
-0.000283783	0.00184409	0.000502005	0.000217997	-0.000985818	-0.00150368	
0.000288419	0.000502005	0.00170833	-0.00028188	-0.000617609	-0.0017059	
-0.00108391	0.000217997	-0.00028188	0.0031718	-0.000275559	0.000288098	
0.000250522	-0.000985818	-0.000617609	-0.000275559	0.00197036	0.00179989	
4.34131e-05	-0.00150368	-0.0017059	0.000288098	0.00179989	0.00525698	
***
>covarianceMatrix:
Y
0.00657121	-0.00821696	
-0.00821696	0.0170897	
***
>covarianceMatrix:
Z
0.0124298	-0.017277	
-0.017277	0.0328363	
***
