>groupList:
A C D E F G H I K L
N P Q R S T V Y Z 
>stdDevSynthesisRate:
0.660983 
>numParam:
40
>numMixtures:
1
>std_stdDevSynthesisRate:
0.12
>std_phi:
***
0.228488 0.84836 0.417654 0.482681 0.627485 2.3298 1.10287 0.652584 0.882291 0.652585
0.501988 1.06045 0.321272 0.297034 1.43372 0.237628 1.06045 1.79215 1.06045 1.06045
1.37858 0.371293 1.37858 1.06045 1.37858 0.297034 1.06045 1.79215 0.371293 1.79215
0.815731 1.79215 0.84836 0.627485 0.28561 0.627485 1.79215 1.79215 0.627485 1.37858
1.37858 1.37858 1.06045 0.371293 1.06045 0.627485 0.297034 1.79215 0.501988 0.84836
0.228488 0.28561 0.627485 0.815731 1.37858 1.79215 1.43372 1.06045 1.37858 1.79215
1.37858 1.06045 1.06045 0.627485 0.815731 0.308916 1.37858 1.37858 1.37858 0.627485
1.37858 0.815731 0.482681 0.371293 0.482681 1.10286 1.37858 0.627485 1.37858 0.84836
1.37858 1.06045 1.10287 1.06045 0.815731 1.06045 1.37858 0.815731 1.06045 1.37858
1.10286 1.10287 0.815731 1.79215 0.627485 1.06045 0.28561 0.297034 1.06045 1.06045
0.815731 0.815731 0.815731 0.84836 0.371293 1.06045 0.371293 1.06045 1.37858 1.10287
0.84836 1.06045 1.37858 1.86384 1.37858 1.37858 0.482681 0.815731 1.37858 1.79215
1.79215 1.06045 1.79215 0.815731 1.79215 1.37858 0.815731 0.627485 1.37858 1.37858
0.482681 0.815731 1.06045 0.815731 0.627485 1.06045 1.37858 1.06045 1.06045 0.386145
0.652585 1.37858 1.06045 0.652585 1.37858 1.37858 1.79215 1.06045 0.627485 1.37858
0.627485 0.482681 1.06045 1.06045 0.627485 0.627485 0.815731 0.652584 1.06045 1.37858
0.482681 0.371293 0.815731 0.815731 1.37858 0.815731 1.37858 1.37858 0.815731 1.37858
1.37858 1.06045 1.06045 0.815731 0.815731 1.06045 0.815731 0.815731 1.37858 0.627485
1.06045 1.10287 0.815731 1.37858 0.815731 1.06045 1.37858 0.652584 0.815731 0.815731
1.06045 1.06045 0.371293 1.06045 0.501988 0.501988 1.37858 0.652584 0.652585 1.37858
0.652585 1.06045 1.06045 1.06045 1.37858 1.37858 1.10286 0.815731 1.06045 0.652585
1.37859 1.79215 1.43372 0.815731 0.815731 1.06045 0.652584 1.06045 1.06045 1.37858
1.06045 0.371293 0.297034 0.815731 0.386145 1.06045 0.815731 0.371293 0.652585 0.815731
1.06045 1.37858 0.815731 0.815731 0.386145 1.06045 0.84836 0.815731 1.43372 1.37858
1.37858 1.06045 1.10287 1.06045 0.815731 0.84836 1.37858 0.371293 0.652585 1.79215
0.815731 1.37858 0.627485 0.815731 1.06045 1.10287 1.06045 1.37858 1.06045 1.37858
1.06045 0.627485 1.37858 1.37858 1.43372 1.10287 0.652584 1.10287 0.815731 0.627485
0.815731 1.06045 1.37858 1.79215 1.06045 1.06045 1.37858 0.386145 0.627485 2.3298
0.815731 0.627485 0.627485 0.815731 1.37859 1.06045 1.06045 0.84836 0.501988 1.37858
1.79215 0.815731 0.501988 0.652585 1.06045 1.06045 1.37858 0.627485 1.79215 1.37858
0.652585 0.815731 1.37858 1.10286 1.06045 0.627485 1.06045 0.84836 1.10287 1.06045
0.815731 1.06045 0.815731 1.37858 0.815731 0.482681 1.06045 1.06045 1.37858 1.37858
0.84836 0.627485 0.815731 0.84836 0.627485 1.06045 0.482681 1.37858 0.84836 0.815731
0.371293 1.06045 0.652584 1.37858 0.482681 1.06045 0.84836 0.84836 1.79215 1.06045
0.84836 1.37858 1.79215 1.37858 1.37858 1.06045 1.37858 1.06045 1.37858 1.06045
1.37858 1.06045 0.815731 0.678688 1.06045 0.652584 1.06045 1.06045 0.84836 1.06045
1.06045 0.815731 1.06045 1.06045 0.815731 1.06045 0.815731 1.37858 0.815731 1.06045
0.815731 1.06045 1.10286 1.06045 0.308916 1.10287 0.482681 0.501988 1.79215 0.815731
1.79215 0.627485 1.06045 1.37858 1.06045 0.627485 1.37858 1.37858 1.06045 0.627485
1.37858 0.482681 1.43372 1.10286 0.28561 0.501988 0.501988 0.2197 1.06045 1.79215
0.652585 1.06045 0.652585 0.815731 1.06045 1.37858 0.652584 1.06045 0.627485 1.06045
1.10287 1.06045 0.815731 0.652585 0.815731 1.06045 0.371293 0.501988 1.79215 0.84836
0.652585 1.37858 0.501988 0.84836 1.37858 1.06045 0.815731 0.84836 0.386145 1.37858
1.37858 1.06045 0.815731 1.10287 0.627485 0.815731 0.84836 1.79215 0.482681 0.84836
0.501988 1.37858 1.79215 0.815731 1.79215 1.37858 0.627485 0.815731 1.06045 1.37858
1.43372 0.815731 1.06045 1.06045 0.652585 1.06045 2.3298 0.815731 1.37858 1.37858
1.06045 0.815731 1.49107 1.06045 0.482681 0.652585 0.627485 1.37858 1.06045 0.815731
0.501988 1.37858 1.79216 1.06045 1.37858 0.815731 0.815731 1.79215 1.37858 0.627485
1.37858 0.501988 1.10286 1.79215 2.3298 1.37858 0.815731 0.652584 0.815731 0.627485
1.06045 1.10287 0.815731 0.815731 0.815731 0.386145 1.06045 1.37858 0.501988 1.06045
1.06045 0.482681 1.37858 1.43372 1.37858 0.815731 1.06045 1.37858 1.06045 0.815731
0.627485 0.627485 0.815731 0.815731 0.652584 1.37858 1.06045 1.06045 1.06045 0.815731
0.815731 0.815731 0.627485 0.386145 1.06045 0.815731 0.627485 0.815731 0.652585 1.37858
1.37858 1.10287 1.37858 0.815731 1.10287 0.815731 0.815731 1.06045 0.627485 1.06045
0.482681 1.37858 0.40159 1.43372 0.815731 1.06045 0.482681 0.815731 1.79215 1.43372
1.79215 1.37858 1.43372 1.37858 1.37858 0.627485 1.79215 0.627485 0.482681 1.06045
0.678688 1.06045 1.06045 0.815731 0.386145 0.815731 0.652585 1.79215 0.84836 1.06045
1.37858 0.815731 1.79215 1.79216 0.815731 1.79216 0.84836 1.06045 1.06045 0.652585
1.37858 0.815731 1.06045 1.06045 0.84836 1.37858 0.84836 0.482681 1.06045 1.79215
1.06045 1.86384 1.10286 0.501988 0.815731 0.815731 1.37858 0.84836 0.482681 0.627485
0.652585 0.815731 1.06045 1.06045 1.06045 0.627485 1.43372 1.37858 0.84836 0.84836
1.79215 0.501988 1.06045 1.06045 0.815731 1.10287 0.815731 1.37858 1.10287 1.06045
1.37858 1.37858 1.37858 0.627485 1.06045 1.06045 1.06045 0.627485 0.371293 1.06045
1.79215 0.815731 1.37858 0.815731 1.79215 0.815731 1.10287 1.37858 1.06045 1.06045
1.37858 0.652585 1.06045 1.37858 0.678688 1.37858 1.06045 0.815731 0.84836 0.815731
1.79216 0.627485 1.06045 0.84836 0.815731 1.06045 0.815731 1.37858 0.652585 0.815731
1.06045 1.06045 0.627485 0.84836 1.37858 1.06045 1.37858 1.37858 1.79215 0.522068
1.06045 0.652585 1.06045 1.37858 1.06045 1.10286 1.06045 0.501989 0.501988 0.815731
0.84836 0.482681 0.482681 1.37858 0.386145 1.06045 1.06045 1.37858 1.37858 2.3298
1.37858 1.06045 0.84836 0.815731 0.815731 0.501988 0.627485 0.627485 1.37858 1.06045
0.815731 1.06045 1.06045 0.815731 1.37858 0.815731 1.79215 1.37858 1.37858 0.501988
1.43372 0.815731 0.627485 2.3298 1.06045 1.37858 0.84836 1.06045 1.37858 1.37858
0.501988 1.06045 1.06045 1.06045 1.06045 1.10286 0.627485 0.84836 0.501988 0.815731
1.06045 0.815731 1.06045 0.815731 0.815731 0.652585 1.79215 0.815731 0.627485 0.84836
1.79215 0.815731 
>categories:
0 0
>mixtureAssignment:
0 0 0 0 0 0 0 0 0 0 0 0 0 0 0 0 0 0 0 0 0 0 0 0 0 0 0 0 0 0 0 0 0 0 0 0 0 0 0 0 0 0 0 0 0 0 0 0 0 0
0 0 0 0 0 0 0 0 0 0 0 0 0 0 0 0 0 0 0 0 0 0 0 0 0 0 0 0 0 0 0 0 0 0 0 0 0 0 0 0 0 0 0 0 0 0 0 0 0 0
0 0 0 0 0 0 0 0 0 0 0 0 0 0 0 0 0 0 0 0 0 0 0 0 0 0 0 0 0 0 0 0 0 0 0 0 0 0 0 0 0 0 0 0 0 0 0 0 0 0
0 0 0 0 0 0 0 0 0 0 0 0 0 0 0 0 0 0 0 0 0 0 0 0 0 0 0 0 0 0 0 0 0 0 0 0 0 0 0 0 0 0 0 0 0 0 0 0 0 0
0 0 0 0 0 0 0 0 0 0 0 0 0 0 0 0 0 0 0 0 0 0 0 0 0 0 0 0 0 0 0 0 0 0 0 0 0 0 0 0 0 0 0 0 0 0 0 0 0 0
0 0 0 0 0 0 0 0 0 0 0 0 0 0 0 0 0 0 0 0 0 0 0 0 0 0 0 0 0 0 0 0 0 0 0 0 0 0 0 0 0 0 0 0 0 0 0 0 0 0
0 0 0 0 0 0 0 0 0 0 0 0 0 0 0 0 0 0 0 0 0 0 0 0 0 0 0 0 0 0 0 0 0 0 0 0 0 0 0 0 0 0 0 0 0 0 0 0 0 0
0 0 0 0 0 0 0 0 0 0 0 0 0 0 0 0 0 0 0 0 0 0 0 0 0 0 0 0 0 0 0 0 0 0 0 0 0 0 0 0 0 0 0 0 0 0 0 0 0 0
0 0 0 0 0 0 0 0 0 0 0 0 0 0 0 0 0 0 0 0 0 0 0 0 0 0 0 0 0 0 0 0 0 0 0 0 0 0 0 0 0 0 0 0 0 0 0 0 0 0
0 0 0 0 0 0 0 0 0 0 0 0 0 0 0 0 0 0 0 0 0 0 0 0 0 0 0 0 0 0 0 0 0 0 0 0 0 0 0 0 0 0 0 0 0 0 0 0 0 0
0 0 0 0 0 0 0 0 0 0 0 0 0 0 0 0 0 0 0 0 0 0 0 0 0 0 0 0 0 0 0 0 0 0 0 0 0 0 0 0 0 0 0 0 0 0 0 0 0 0
0 0 0 0 0 0 0 0 0 0 0 0 0 0 0 0 0 0 0 0 0 0 0 0 0 0 0 0 0 0 0 0 0 0 0 0 0 0 0 0 0 0 0 0 0 0 0 0 0 0
0 0 0 0 0 0 0 0 0 0 0 0 0 0 0 0 0 0 0 0 0 0 0 0 0 0 0 0 0 0 0 0 0 0 0 0 0 0 0 0 0 0 0 0 0 0 0 0 0 0
0 0 0 0 0 0 0 0 0 0 0 0 0 0 0 0 0 0 0 0 0 0 0 0 0 0 0 0 0 0 0 0 0 0 0 0 0 0 0 0 0 0 0 0 0 0 0 0 0 0
0 0 0 0 0 0 0 0 0 0 0 0 0 0 0 0 0 0 0 0 0 0 0 0 0 0 0 0 0 0 0 0 0 0 0 0 0 0 0 0 0 0 
>numMutationCategories:
1
>numSelectionCategories:
1
>categoryProbabilities:
1 
>selectionIsInMixture:
***
0 
>mutationIsInMixture:
***
0 
>obsPhiSets:
0
>currentSynthesisRateLevel:
***
2.01037 1.9642 1.68924 1.3614 2.26182 1.72291 0.555114 1.57913 1.61734 1.76912
1.74658 0.917468 2.67273 5.03715 0.928468 3.63269 2.36375 1.25652 1.18456 1.00698
0.506923 2.78782 0.725155 0.574919 0.783049 2.8117 0.695942 0.720727 2.65902 1.2448
1.356 0.715813 0.931957 1.30766 3.5269 1.28374 0.910427 0.251122 0.939294 0.927758
0.303469 0.250209 0.661683 2.5322 2.33921 1.73723 3.29567 0.510254 1.86262 1.01896
2.94538 4.04591 2.62363 1.23974 0.548506 0.403187 0.219041 0.678529 0.622665 0.418115
0.371668 0.783439 1.27278 1.0458 1.51154 2.16608 1.53928 0.860857 0.446184 1.53998
0.6008 0.642737 1.93621 3.56708 1.80047 0.472692 0.754662 1.81833 0.162182 0.452721
0.754369 0.492085 0.473792 0.814625 0.677997 0.87643 1.04093 1.16218 1.34877 0.479115
0.318913 0.301314 0.762094 0.447842 1.22191 0.368953 4.33 3.61148 2.14009 0.800764
1.60915 0.697232 1.14887 0.5781 1.24651 0.32441 3.31553 0.509542 0.196287 0.493897
0.702674 0.918895 0.661549 0.51082 0.346738 1.33841 1.49035 1.1121 0.231292 0.887984
0.183054 0.741491 0.418129 0.987291 0.866791 0.611081 0.964323 2.02732 0.750515 0.562439
1.80422 0.638933 0.458828 1.44705 1.06028 1.2517 0.537674 0.381276 1.11053 2.46339
0.855217 1.63657 0.636669 0.717425 0.482482 0.622309 0.571882 0.558001 0.704272 1.3026
1.78749 1.90979 0.544013 0.948447 0.867121 0.876958 0.887353 0.741283 0.507791 0.28139
1.86532 1.19371 0.613818 0.472811 0.458137 0.661652 0.471976 0.437028 1.53077 0.358724
0.861161 0.546039 0.506846 0.629179 0.951024 0.585341 0.63262 0.794605 0.458342 1.11401
0.781825 0.551138 0.644343 0.489918 2.80491 1.41109 0.428148 1.19093 0.824377 0.72321
0.363277 0.373679 1.63866 0.139118 3.78229 1.07638 0.814808 1.49305 0.685958 0.862305
1.0174 0.450403 1.05354 0.404961 0.297738 0.2053 0.451222 2.64347 0.510766 0.727454
1.84553 2.82274 1.79489 0.58635 0.945859 1.64773 1.916 1.1144 0.569964 0.488213
0.725785 2.46275 3.29718 0.401945 2.4534 0.656354 0.730826 2.52583 1.22519 0.863025
0.657878 0.453868 1.11626 0.96881 2.66629 0.704259 0.625625 0.712252 0.878078 0.281149
0.451365 0.756386 0.505195 0.81386 0.800338 0.436841 0.302406 2.5423 1.4082 0.847001
1.88054 0.527905 1.7351 1.03926 0.750825 0.268366 0.706664 0.466236 2.31373 0.387906
0.601598 1.28153 1.21694 0.381593 0.412116 0.4519 0.866081 0.612024 0.986743 1.50064
0.608774 0.742962 0.416342 0.374392 0.662137 0.954257 0.223671 2.46724 1.40238 0.446563
0.96653 1.14683 1.76855 0.838978 0.540657 1.04036 0.887431 1.11507 1.40285 0.45646
0.377069 0.734601 1.02602 1.54898 0.536786 0.589632 0.694478 0.818766 0.672237 0.582293
1.10144 1.86421 0.366694 0.411866 0.376509 0.888735 0.582462 0.600011 0.766349 0.77703
0.716448 0.9842 0.583511 1.21716 1.07704 2.9171 0.942731 1.68431 0.754841 0.559718
1.08555 1.59375 0.834912 1.31318 1.33371 0.559053 1.3419 0.329634 0.541007 3.08141
3.81858 0.578016 1.31012 0.302349 1.92889 0.403173 1.77548 1.07071 0.655659 0.600987
0.667726 0.545677 1.15671 0.532363 0.248334 0.354664 0.510539 0.534629 0.441709 1.49566
0.592345 0.742214 1.44634 0.705858 0.312433 1.33988 0.908952 0.424327 0.551121 1.14328
0.390515 0.871524 1.05789 0.864257 1.04714 0.438596 0.55916 0.447167 2.84124 0.580329
1.05876 1.45134 1.04307 1.49857 2.25053 0.461339 1.67203 1.26137 0.290168 0.83829
1.31388 1.35011 0.817145 0.428758 0.711836 1.78044 0.574295 0.381033 0.837906 0.942516
0.802087 1.06534 0.328165 0.663785 2.90203 1.05519 2.93033 1.86385 1.89683 0.871349
0.578123 0.236017 0.872787 0.939646 0.654981 0.486509 0.999128 0.389396 0.880481 0.7525
0.564693 0.634416 0.784319 2.46586 0.601949 0.372172 1.98518 1.14294 0.212062 0.594986
0.998152 0.277208 1.89261 0.610029 0.426722 0.772272 1.10627 1.31927 1.25274 0.711311
0.874728 0.654918 1.07219 0.316203 0.985275 1.22306 0.611464 0.792367 1.65958 0.675661
1.91657 0.204101 0.22891 0.89304 0.504679 0.193019 1.29785 1.11878 0.758604 0.439436
0.733869 1.20486 1.80642 0.771689 1.10954 0.591136 1.66371 0.728505 0.344848 0.263993
0.845599 1.92976 0.270365 0.678393 1.15342 0.726512 2.20826 0.40312 1.05053 0.781633
0.958416 0.45664 0.357292 0.477175 0.289143 0.425611 2.00063 0.372502 0.518327 1.23093
0.478009 1.06323 0.510527 0.578291 0.410454 2.07291 1.60462 1.41152 1.19412 0.503381
0.48682 0.564928 0.69327 0.961955 1.16282 1.34739 0.47863 0.516594 1.1747 1.25487
1.2677 1.5495 1.57584 1.73418 0.533959 1.79476 0.758409 0.198779 0.232612 0.688428
1.69817 1.17616 0.958477 1.16812 0.51465 0.25182 0.280533 0.533605 0.612721 0.80336
0.632604 0.501856 1.60898 1.91781 0.54837 0.485216 1.19348 0.790246 1.04007 1.04853
0.35798 1.3831 0.255512 1.69671 0.414304 1.08195 0.910601 0.515314 1.18143 0.496103
2.35793 0.138516 1.3844 0.477333 0.678211 0.358573 1.04605 0.863971 0.504176 0.248927
1.13591 1.45159 0.368171 0.466091 0.451012 1.75781 0.615923 0.913343 1.80068 1.44551
1.09557 1.19101 0.616587 1.08767 1.08886 1.15575 0.654731 0.179278 1.01303 0.869058
0.842056 0.993687 0.30661 0.963539 0.686614 0.220988 0.672099 0.331538 1.01543 0.707582
0.356646 0.851234 0.611058 1.19116 0.850491 0.177372 1.14321 1.8524 0.27946 0.441428
0.580551 0.456049 0.691445 0.885272 0.541516 2.34049 0.270232 1.18169 1.8163 1.31985
0.625192 0.912326 0.545977 0.753139 0.577021 1.26294 0.750883 0.488148 0.991502 0.677764
0.226924 1.5434 0.411908 0.629135 1.05025 0.769969 0.77222 0.288739 0.495376 0.365278
0.592536 0.256381 0.252265 1.13697 0.609986 0.476503 0.635791 1.48619 2.50605 0.546805
0.287309 0.715581 0.460995 1.33992 0.519701 0.789792 0.520055 0.177136 0.52107 0.584728
0.201714 0.853796 0.66229 0.380504 1.04121 0.942196 0.475091 0.681183 0.80951 0.323153
0.305351 1.49965 0.40601 0.673365 0.645171 0.527585 0.538539 0.509827 2.1257 0.675759
1.23146 0.468001 2.25467 0.718018 0.619074 0.164504 0.472712 0.813573 0.889737 1.87207
1.10312 0.896976 0.808 0.441556 0.65289 0.881927 0.480739 2.02419 1.25362 0.936899
1.10195 1.37182 1.87842 0.290419 2.38152 0.375309 1.46115 0.373825 0.511637 1.51019
0.560448 1.14204 0.865891 1.97941 1.06363 0.773721 1.24328 1.31655 0.836144 2.03489
1.2228 0.558535 0.372052 0.681061 0.452071 0.790036 0.247523 0.194751 0.265131 1.56183
0.471568 1.00049 1.18721 0.566193 0.501958 0.880442 2.48546 1.06306 0.252617 1.74251
1.79301 0.98149 0.831143 0.837423 1.40084 0.391359 1.82805 1.89484 0.920583 1.532
0.411822 1.9063 1.3138 2.76868 0.883066 0.863912 0.581591 0.708591 1.65327 0.602994
0.354567 1.16321 
>noiseOffset:
>observedSynthesisNoise:
>std_NoiseOffset:
>mutation_prior_mean:
***
0 0 0 0 0 0 0 0 0 0
0 0 0 0 0 0 0 0 0 0
0 0 0 0 0 0 0 0 0 0
0 0 0 0 0 0 0 0 0 0
>mutation_prior_sd:
***
0.35 0.35 0.35 0.35 0.35 0.35 0.35 0.35 0.35 0.35
0.35 0.35 0.35 0.35 0.35 0.35 0.35 0.35 0.35 0.35
0.35 0.35 0.35 0.35 0.35 0.35 0.35 0.35 0.35 0.35
0.35 0.35 0.35 0.35 0.35 0.35 0.35 0.35 0.35 0.35
>std_csp:
0.0512 0.0512 0.0512 0.12 0.1 0.1 0.1 0.04096 0.04096 0.04096
0.144 0.0512 0.0512 0.1 0.00351843 0.00351843 0.00351843 0.00351843 0.00351843 0.1
0.0512 0.0512 0.0512 0.1 0.00351843 0.00351843 0.00351843 0.00351843 0.00351843 0.0512
0.0512 0.0512 0.0512 0.0512 0.0512 0.0512 0.0512 0.0512 0.1 0.1728
>currentMutationParameter:
***
-0.482254 0.953316 0.744497 0.665783 0.993322 -1.12615 0.968005 -0.501335 0.667499 0.609946
1.04653 0.253693 1.37212 -1.30572 0.502844 1.015 0.722222 0.0722898 -0.461609 0.832671
-0.310169 0.865238 0.382131 -1.08203 -1.30136 0.0666517 -0.867884 0.80691 -0.0963159 -0.354765
0.893808 0.738999 -0.377868 1.17683 0.715305 0.492734 1.18623 0.66159 0.825309 0.823003
>currentSelectionParameter:
***
0.436146 -0.220821 0.380768 -0.466356 -0.198281 0.432723 -0.793192 -0.506418 -0.139109 0.151904
-0.555441 0.815473 -0.675893 0.637528 0.16439 -0.562233 -0.160248 -0.115956 1.04985 -0.351043
-0.670538 -0.0908443 -0.218691 0.181135 0.552504 0.600647 0.575459 -0.0955502 0.668158 0.174806
-0.329117 -0.128119 0.383506 -0.354631 0.424891 0.379384 -0.440186 -0.0755801 -0.511835 -0.450635
>covarianceMatrix:
A
0.000697685	0.000240731	0.000166693	-0.000262997	-3.30871e-05	7.3457e-05	
0.000240731	0.00114256	0.000325693	-0.000154699	-0.000381734	-0.000473827	
0.000166693	0.000325693	0.00121408	6.37588e-05	-0.000189436	-0.000609032	
-0.000262997	-0.000154699	6.37588e-05	0.000684024	2.70379e-05	3.35866e-05	
-3.30871e-05	-0.000381734	-0.000189436	2.70379e-05	0.000566106	0.000359192	
7.3457e-05	-0.000473827	-0.000609032	3.35866e-05	0.000359192	0.00166583	
***
>covarianceMatrix:
C
0.003	0	
0	0.003	
***
>covarianceMatrix:
D
0.0025	0	
0	0.0025	
***
>covarianceMatrix:
E
0.0025	0	
0	0.0025	
***
>covarianceMatrix:
F
0.0025	0	
0	0.0025	
***
>covarianceMatrix:
G
0.000834161	0.000540251	0.000405187	-0.000363022	-0.000339156	-0.000294034	
0.000540251	0.00180304	0.000803653	-0.000256758	-0.000908869	-0.000546845	
0.000405187	0.000803653	0.00197819	-0.000264052	-0.000424293	-0.00126056	
-0.000363022	-0.000256758	-0.000264052	0.000602025	0.000376591	0.000379472	
-0.000339156	-0.000908869	-0.000424293	0.000376591	0.0010503	0.000576506	
-0.000294034	-0.000546845	-0.00126056	0.000379472	0.000576506	0.00180103	
***
>covarianceMatrix:
H
0.0036	0	
0	0.0036	
***
>covarianceMatrix:
I
0.000903795	-0.000284452	-0.00077394	0.000249315	
-0.000284452	0.0013222	0.000533446	-0.00106483	
-0.00077394	0.000533446	0.00189984	-0.00061	
0.000249315	-0.00106483	-0.00061	0.00183388	
***
>covarianceMatrix:
K
0.0025	0	
0	0.0025	
***
>covarianceMatrix:
L
0.00114914	0.000105077	0.000280228	0.000272655	0.000471698	-0.000875684	-2.92334e-05	-0.000208364	-0.000147865	-0.000446235	
0.000105077	0.00117782	0.000135318	0.000593209	0.000346622	-0.000186415	-0.00092801	-0.000152685	-0.000613521	-0.000686617	
0.000280228	0.000135318	0.00078455	5.42234e-05	0.000389893	-0.000258274	-7.3646e-05	-0.000532546	-1.92283e-05	-0.000381936	
0.000272655	0.000593209	5.42234e-05	0.00101138	0.000690742	-0.000215635	-0.000502313	-1.44216e-05	-0.000905961	-0.000901974	
0.000471698	0.000346622	0.000389893	0.000690742	0.00176075	-0.000432121	-0.000401739	-0.000297572	-0.00075579	-0.00166488	
-0.000875684	-0.000186415	-0.000258274	-0.000215635	-0.000432121	0.00104227	0.000180654	0.00030253	0.000253935	0.000569597	
-2.92334e-05	-0.00092801	-7.3646e-05	-0.000502313	-0.000401739	0.000180654	0.00106541	0.000209883	0.000706588	0.000695736	
-0.000208364	-0.000152685	-0.000532546	-1.44216e-05	-0.000297572	0.00030253	0.000209883	0.000655077	9.76386e-05	0.000375925	
-0.000147865	-0.000613521	-1.92283e-05	-0.000905961	-0.00075579	0.000253935	0.000706588	9.76386e-05	0.0011399	0.00109463	
-0.000446235	-0.000686617	-0.000381936	-0.000901974	-0.00166488	0.000569597	0.000695736	0.000375925	0.00109463	0.00231084	
***
>covarianceMatrix:
N
0.0025	0	
0	0.0025	
***
>covarianceMatrix:
P
0.000898318	0.0005659	0.000447914	-0.000375383	-0.000382043	-0.000401097	
0.0005659	0.00189031	0.000637271	-0.000621221	-0.00116099	-0.000748102	
0.000447914	0.000637271	0.00149993	-0.0004499	-0.000535713	-0.000969805	
-0.000375383	-0.000621221	-0.0004499	0.00101645	0.000663429	0.000713559	
-0.000382043	-0.00116099	-0.000535713	0.000663429	0.00168144	0.000856519	
-0.000401097	-0.000748102	-0.000969805	0.000713559	0.000856519	0.00171787	
***
>covarianceMatrix:
Q
0.0025	0	
0	0.0025	
***
>covarianceMatrix:
R
0.00164432	0.000885386	0.00111338	0.000541219	0.00129421	-0.00102978	-0.000308818	-0.00060199	-0.000247398	-0.000790771	
0.000885386	0.00259878	0.000517089	0.000893126	0.000514483	-0.000316083	-0.00167125	4.51267e-05	-0.000511992	0.000189624	
0.00111338	0.000517089	0.00242443	-0.000148913	0.0019961	-0.000715261	6.0535e-05	-0.00184043	0.000367751	-0.00169913	
0.000541219	0.000893126	-0.000148913	0.00322025	4.94303e-05	2.17964e-05	-0.000463336	0.000595192	-0.00201466	0.000532668	
0.00129421	0.000514483	0.0019961	4.94303e-05	0.00355569	-0.00084249	0.000181003	-0.00153582	0.000198139	-0.00263624	
-0.00102978	-0.000316083	-0.000715261	2.17964e-05	-0.00084249	0.00106393	0.000216913	0.000645949	1.29339e-05	0.000816539	
-0.000308818	-0.00167125	6.0535e-05	-0.000463336	0.000181003	0.000216913	0.00212843	-0.000206103	0.000271392	-0.000328853	
-0.00060199	4.51267e-05	-0.00184043	0.000595192	-0.00153582	0.000645949	-0.000206103	0.00192346	-0.000557332	0.00178915	
-0.000247398	-0.000511992	0.000367751	-0.00201466	0.000198139	1.29339e-05	0.000271392	-0.000557332	0.00191475	-0.000541727	
-0.000790771	0.000189624	-0.00169913	0.000532668	-0.00263624	0.000816539	-0.000328853	0.00178915	-0.000541727	0.00313097	
***
>covarianceMatrix:
S
0.00069141	-3.27641e-05	0.000136462	-0.000248337	0.000126148	1.04481e-05	
-3.27641e-05	0.00104671	0.000404267	0.000112014	-0.000492022	-0.000411176	
0.000136462	0.000404267	0.00119773	3.03865e-05	-0.000376332	-0.000688323	
-0.000248337	0.000112014	3.03865e-05	0.000665612	-0.00016239	-9.13376e-05	
0.000126148	-0.000492022	-0.000376332	-0.00016239	0.00104192	0.000527757	
1.04481e-05	-0.000411176	-0.000688323	-9.13376e-05	0.000527757	0.00114092	
***
>covarianceMatrix:
T
0.000758837	-7.63478e-05	8.91775e-05	-0.000386293	3.20514e-05	-6.90276e-05	
-7.63478e-05	0.00156079	0.000708872	0.000150458	-0.000811704	-0.000593459	
8.91775e-05	0.000708872	0.00165485	-5.74276e-05	-0.000549199	-0.00108647	
-0.000386293	0.000150458	-5.74276e-05	0.000938776	-5.94226e-05	0.000154153	
3.20514e-05	-0.000811704	-0.000549199	-5.94226e-05	0.00107058	0.000519751	
-6.90276e-05	-0.000593459	-0.00108647	0.000154153	0.000519751	0.00169479	
***
>covarianceMatrix:
V
0.000794561	5.8211e-05	0.000168506	-0.000460162	-1.05562e-05	-0.000116486	
5.8211e-05	0.00100662	0.000360336	0.00013213	-0.000629973	-0.000375823	
0.000168506	0.000360336	0.000963446	0.000100229	-0.000358367	-0.00057319	
-0.000460162	0.00013213	0.000100229	0.00127039	-0.000180871	-2.41053e-05	
-1.05562e-05	-0.000629973	-0.000358367	-0.000180871	0.00109385	0.000486686	
-0.000116486	-0.000375823	-0.00057319	-2.41053e-05	0.000486686	0.00108529	
***
>covarianceMatrix:
Y
0.0025	0	
0	0.0025	
***
>covarianceMatrix:
Z
0.00432	0	
0	0.00432	
***
