>groupList:
A C D E F G H I K L
N P Q R S T V Y Z 
>stdDevSynthesisRate:
0.661457 
>numParam:
40
>numMixtures:
1
>std_stdDevSynthesisRate:
0.0813129
>std_phi:
***
1.54657 0.791846 0.791844 0.34656 0.433199 0.385109 1.28674 0.732103 0.563158 1.54657
1.1439 0.761391 0.951743 0.520671 0.520671 0.761394 1.42989 0.915131 0.685169 0.846088
1.23726 0.951733 0.81355 0.813552 1.23726 1.23725 0.585685 1.54658 0.915132 0.563158
0.676872 1.25242 0.915133 0.989805 0.658816 0.585685 0.676873 0.416538 0.450526 0.915136
1.28675 0.433198 0.311866 0.951736 0.288336 0.650839 0.468548 0.288337 0.633476 0.712574
0.732103 0.732106 0.676872 1.23725 0.633477 0.856461 0.60911 1.65251 1.56551 1.54657
1.07058 0.791847 0.963402 0.468547 0.131242 0.320414 0.450525 0.9898 0.761391 0.791846
1.18967 0.84609 0.616576 0.658816 0.879936 1.3749 1.20425 1.18967 0.813546 0.890717
1.23725 1.48709 0.658817 0.989805 1.02941 0.81355 1.33822 0.703947 0.23067 0.761389
0.468548 0.541498 0.676873 0.527052 0.89072 1.48707 1.18967 0.703946 1.33822 1.09991
0.951739 0.168547 0.500645 1.28674 0.259472 0.915135 0.732106 0.951734 1.14392 0.732106
0.761389 0.277247 1.18967 1.05761 1.23725 1.15792 0.563159 0.541498 0.468546 0.633474
1.0294 0.601737 1.1439 0.585684 1.14391 1.11339 0.541498 0.585683 0.585684 0.601737
1.54658 1.28675 0.227877 1.18967 1.42989 0.890712 0.732106 0.416537 1.07058 0.989809
0.879932 1.67278 1.33821 0.506781 0.60911 0.527052 0.989799 0.468548 1.39174 1.7397
1.32201 0.450528 1.05761 1.28674 1.32202 0.541497 1.07058 1.02941 0.951741 1.18967
0.846086 0.98981 0.500647 1.0294 0.400516 0.609111 1.23726 0.633476 0.846089 0.890717
0.541499 1.09991 1.39175 0.506781 0.527053 0.951736 0.548134 0.951737 1.18967 2.09096
1.27117 0.658817 0.856464 0.462875 0.650838 0.801551 0.570059 0.541497 0.609113 1.33822
1.22228 0.732107 0.389833 0.389832 1.14392 1.23726 0.60911 1.48709 1.1134 1.15794
0.236992 0.977818 1.07058 1.20425 0.320412 1.48709 0.791845 0.360421 0.791848 1.02939
1.23725 0.416537 1.15793 0.915129 0.563158 0.732104 0.879929 0.890714 0.951741 0.823519
0.890713 1.67278 0.676872 1.60843 0.416537 1.0294 1.33822 0.487289 1.18967 0.989808
0.879929 1.0294 1.28675 0.658818 0.650838 1.67276 0.904048 1.39175 0.732107 0.370301
0.926354 0.346561 0.500647 0.703946 0.633475 0.879935 0.89072 0.82352 1.23726 0.989801
1.07058 1.07057 0.500644 0.450526 1.09992 0.703947 1.54658 0.813548 1.48708 0.400516
0.658816 1.39175 1.0294 1.23726 1.33822 1.28675 1.18967 0.856464 0.263357 0.856465
0.416537 0.890715 0.563157 1.05761 1.60845 0.732107 1.23727 1.28675 0.951733 1.07057
0.951738 0.197177 0.33323 0.732104 0.585686 0.633477 0.527053 0.633476 0.487291 0.989806
0.95174 0.846088 1.28674 1.14392 0.433199 0.468549 0.520672 1.32201 0.548134 1.18967
0.633476 0.9898 0.633476 1.23725 0.856462 0.625808 0.346559 1.02939 0.585684 0.468549
0.823521 0.164052 1.23725 0.732106 0.609111 0.951736 1.33822 0.823513 0.712576 0.416539
0.324339 0.791846 1.09991 0.650838 0.329196 1.20425 0.761391 1.18966 0.625805 1.18966
1.5053 1.07057 0.9898 1.23726 0.846092 0.676873 0.609113 1.39177 0.487289 1.18968
0.658817 0.915129 1.09991 1.05761 0.977831 0.977819 1.56552 1.07057 1.02939 1.44742
0.416537 1.42989 0.585684 0.33323 0.770722 0.703949 1.23725 0.846094 0.791849 0.82352
0.82352 0.712576 0.9898 0.951744 0.856469 0.609111 0.879938 0.379434 0.468548 0.879935
0.450527 1.14392 1.0294 1.54658 0.50678 0.951734 1.20425 1.71863 0.320414 0.601737
0.487288 0.609112 1.4299 0.846096 0.541498 0.433199 0.609113 1.1134 1.48708 1.44741
0.500645 0.73211 1.23726 0.76139 0.625808 0.506782 0.951744 0.48139 0.514368 0.609111
1.20425 0.703949 0.685169 1.28675 0.712575 0.288338 0.320413 1.18967 1.67278 0.915136
0.9898 1.37491 0.813546 1.60845 0.823524 0.563159 1.37489 0.951737 0.951744 1.33824
0.9898 0.548134 1.18968 0.846088 1.44743 1.15793 1.33822 1.4299 1.23725 1.42989
1.02939 1.28675 0.609111 1.18967 1.18967 1.4299 1.18967 1.09992 1.28675 0.879927
1.07058 1.48708 1.15792 0.405425 0.752173 1.73967 0.915138 1.67279 1.09991 1.33822
1.28675 1.33823 1.09992 1.39176 1.67277 1.18967 0.374837 0.50678 0.732106 0.520671
1.33821 0.951741 0.585684 0.527051 0.400516 1.4871 0.374838 0.676872 0.288338 0.76139
1.33822 0.1823 0.385112 0.30809 1.44742 0.890716 0.813549 0.450527 0.450526 0.926351
0.450525 0.450527 1.11339 0.76139 0.703948 0.249493 0.468546 0.879931 0.405426 0.625807
0.915137 1.01693 0.3703 0.360422 1.73969 0.926348 0.462875 1.3749 0.633477 0.563157
1.11341 0.82352 0.915129 1.50531 0.951736 0.9898 0.57006 1.78735 0.76139 0.500644
1.3749 0.82352 0.84609 2.23421 0.823519 0.926344 0.791847 0.48729 0.703951 0.951731
0.360422 0.374837 1.07058 0.246472 0.625808 0.266584 0.360422 0.548135 1.01693 0.450526
0.658816 1.07057 1.39174 1.18967 0.151675 1.09992 0.676873 1.67277 1.0294 0.940205
0.456048 1.35461 1.23726 1.1439 0.76139 1.56552 1.23726 0.989808 0.541499 1.32201
0.563157 0.433198 0.951736 1.50531 1.18967 0.416536 0.732104 1.02939 0.56316 0.732105
0.890712 1.32201 0.563157 1.3749 0.527052 1.54657 0.676874 1.07058 0.592862 1.28675
1.44742 0.915129 0.585684 1.23726 1.0294 1.4871 1.42988 1.71861 0.761392 0.433198
0.76139 1.33822 0.915126 1.05761 0.3703 1.23727 0.732105 1.33821 0.374838 0.462874
1.0294 0.761389 0.468547 0.951741 0.52067 1.39174 1.37489 0.570059 0.856461 1.33821
1.23726 0.468549 0.592862 1.01694 1.0294 0.433197 0.625807 0.856461 0.389832 0.468547
0.879932 0.585684 0.951741 0.741077 1.50533 0.977824 1.02939 1.14392 1.0294 0.585685
0.500647 1.0294 0.82352 0.989808 1.07057 0.890728 1.54657 1.11339 0.685169 0.585683
0.915136 1.07058 0.915129 1.0294 0.60911 0.856463 0.311865 0.33323 0.989804 0.989797
0.813543 0.650839 0.609111 0.405423 0.791846 0.374838 0.416537 0.761391 0.500646 0.856461
0.609111 0.416539 1.52783 1.78738 1.28675 0.977824 0.791845 0.846096 1.67277 1.07056
0.468548 0.50678 0.468549 0.658816 1.23726 0.915132 0.400518 0.703945 0.951736 1.48709
1.28674 0.563158 1.14391 1.07059 0.288336 0.609112 1.60843 1.23725 0.879929 1.23726
0.951733 0.915128 1.09994 0.585686 1.20424 0.296242 0.676874 0.67687 0.633474 1.23725
0.450528 0.520673 0.385112 0.703948 1.71863 0.592862 1.44742 0.926349 0.277248 1.54658
0.732106 0.48729 0.951744 1.28674 0.400518 0.801544 0.585684 1.33821 0.650839 1.88163
0.926344 0.989799 0.385111 0.915131 1.18966 0.890713 1.93323 0.76139 0.823524 1.33822
1.39174 0.625808 0.360421 1.4871 1.1134 0.915135 0.915127 1.23726 0.520673 0.703948
0.56316 0.277247 0.989816 0.761392 0.951748 0.791849 0.541499 0.823512 1.28675 0.633476
0.320414 0.48729 0.468548 1.23725 0.609112 1.28675 1.33821 0.585685 1.09992 0.468548
0.468548 0.915128 0.782257 1.07059 0.761392 1.11339 0.277248 0.416539 1.25242 1.23726
0.563158 0.170613 1.20425 0.791846 0.813544 1.54659 0.82352 0.732107 1.28674 0.462875
0.337311 0.951728 0.703948 0.846083 1.80928 0.703948 0.650836 1.28674 0.989805 0.320414
1.07058 0.732106 1.37491 0.374838 0.732106 0.570058 0.823518 1.09991 1.22227 0.421642
0.823521 0.951741 0.609111 0.915131 1.32202 0.374839 0.625806 0.541498 1.60843 1.48709
0.633476 1.33822 0.915129 0.541498 0.25633 1.4299 1.0294 0.433198 0.87993 0.879936
1.05761 0.3703 0.527053 0.989814 1.42989 0.609111 1.73969 0.823528 1.07057 1.42989
0.450526 0.389832 1.88165 0.703949 0.360422 0.374838 0.977824 0.879935 1.4871 1.23726
0.563158 1.44741 0.761387 0.890712 0.732105 0.500646 0.563159 1.07057 1.23726 0.791842
0.246472 0.609111 1.18966 0.541498 1.60843 0.951736 1.11339 0.592861 1.09991 0.433199
0.703948 0.915128 0.337314 1.1439 1.09991 1.07057 0.50678 0.856454 0.601738 1.65253
0.450527 0.416538 1.02939 0.75217 0.487289 1.14391 0.500646 0.732103 0.601738 0.585685
0.585684 0.741078 1.14392 0.360421 1.0294 0.633476 1.60845 0.346558 0.633477 0.506781
1.48709 0.299871 0.81355 1.54658 0.625808 0.563157 0.658815 1.37489 0.633477 1.33822
1.14391 0.346559 0.481389 0.732103 0.791845 1.14391 0.703946 1.05761 0.433199 0.732106
0.433198 0.601739 1.95692 0.625806 0.926344 1.07058 0.712574 1.3749 0.685171 1.0294
0.823526 0.520671 1.4871 1.28674 0.506782 1.0294 0.856464 0.500644 0.951736 0.374838
0.732105 0.915129 0.732104 0.487288 1.28677 1.4871 0.374837 0.846089 0.951739 0.879929
0.385112 0.320412 0.951738 0.405423 0.563159 0.951741 1.28674 0.320413 1.48709 0.703946
0.500646 1.4871 1.3382 0.541499 0.433201 1.1134 1.23725 1.15793 1.15794 0.52067
0.400518 1.07058 1.23727 1.15793 0.703946 0.541498 0.400517 0.450527 0.296239 1.7397
0.400517 0.60911 2.09098 0.791846 1.02939 1.33822 0.813548 1.73967 0.585685 1.23726
1.23725 0.732104 0.791846 1.33822 1.11341 0.468547 1.11339 1.33822 0.791842 0.56316
0.633478 0.676871 0.585684 0.791847 1.33822 0.500646 1.42989 1.54657 0.468547 1.28675
0.813546 1.28675 0.52067 0.445072 1.67278 1.18967 0.541498 1.48709 1.73969 0.481391
1.0294 1.4299 0.856465 1.20424 1.39175 1.02941 0.856455 0.36042 0.823517 0.879929
0.450527 0.585684 1.14391 1.17526 0.360422 1.56553 0.48729 0.400517 1.54658 0.633478
0.500643 1.23725 0.416536 0.320413 0.450526 1.39175 1.20425 0.782258 0.500645 0.601737
0.813551 0.823514 1.44741 0.823515 1.15792 0.915136 0.846091 0.732104 1.67278 1.39175
0.563158 0.791842 0.487289 0.732106 1.18967 0.732104 2.09096 0.337313 0.703947 1.28674
0.856461 0.951743 1.4871 0.879929 0.563158 0.433198 0.468547 0.989802 1.22227 0.856457
1.33822 0.732103 0.288338 0.951744 0.915129 0.761387 0.856459 1.42989 1.23726 0.685169
1.25241 0.277248 1.4299 1.30252 0.500643 1.18966 1.02939 1.54658 0.989803 0.563158
0.541498 0.76139 0.752171 0.213268 0.915135 0.989803 0.658816 0.989808 0.915132 1.33821
0.48139 0.311864 0.951739 1.09992 0.416537 0.126192 1.39174 0.879935 0.703948 0.506782
0.951736 1.28674 1.4299 0.676871 0.703948 1.18966 0.650838 0.761389 1.4299 0.791845
0.633476 0.308092 1.54656 1.42988 0.658816 0.676874 1.20424 0.578593 1.48708 1.23726
1.23726 0.823511 1.28675 0.346559 0.703946 1.07057 0.548135 1.23725 1.23726 0.823521
0.563159 1.23726 1.85888 1.4299 0.385113 1.15794 0.846089 1.48707 1.15793 1.48709
0.609113 0.633477 0.541498 0.38511 0.500647 1.05761 0.676873 1.07057 0.685168 0.500646
1.23725 0.87994 0.87994 0.284847 0.823519 0.761386 1.4299 0.541498 0.346559 1.05761
1.39174 1.48708 1.02938 0.433196 0.761389 0.299871 0.29987 0.856456 0.33323 0.791847
0.658816 1.18967 0.520671 0.400518 0.333231 0.989817 1.28675 1.54657 0.846092 0.433199
0.9898 0.676874 1.4299 0.450527 1.23725 0.563159 0.732105 1.23726 1.44742 0.324339
1.71862 1.80929 0.791842 1.33822 0.989808 1.07057 0.500644 0.468547 0.951736 0.951741
0.527054 0.650838 0.487288 0.50678 0.856454 1.60845 1.54657 1.4299 1.07058 0.915128
1.05762 1.54658 1.11339 0.177438 1.28673 0.761392 0.951736 0.468547 0.541497 0.633476
0.82352 0.846092 0.520671 0.585684 1.33823 1.65252 0.563157 0.989808 0.752172 0.846094
0.433197 1.05761 0.633477 0.541498 0.346559 1.09991 0.9898 1.44741 0.85646 0.433197
2.35205 0.585686 0.360421 0.389831 0.246472 0.609112 0.520672 0.823521 0.346558 0.650839
1.3749 0.520673 1.44742 0.3703 0.625807 0.601737 1.14391 0.416538 0.625807 0.732105
0.32434 0.585685 0.890712 0.421643 0.609111 1.09992 0.76139 0.52067 0.29987 0.658816
1.39174 1.28674 1.14391 1.15792 0.527054 1.4871 1.48709 1.05761 1.09991 0.791846
0.520671 0.685169 0.823519 0.791847 0.951731 0.374839 0.585684 1.42989 0.320412 0.823519
0.676872 0.585685 0.76139 0.468548 0.450526 0.29987 0.732106 0.320412 0.609111 0.563158
0.609111 1.54657 0.650838 0.926344 1.85886 0.703948 1.73969 0.703948 0.500646 0.374837
0.500646 0.506782 0.563159 1.4871 0.658817 0.400516 0.4332 0.416537 0.520672 0.487291
1.7397 0.703946 0.468547 0.703948 0.846093 0.823514 0.791845 0.791843 1.07058 0.761387
0.676873 1.54658 0.548134 1.23726 1.78737 1.11339 0.400516 1.60842 0.989808 0.791845
0.879934 1.67277 1.18966 1.42988 1.60843 0.266583 1.14392 0.87993 0.370301 0.676873
2.41653 0.650838 1.09992 0.370301 0.823521 0.989812 0.221797 1.33821 0.3703 0.823519
0.741082 0.585685 1.02939 0.462873 0.433198 1.07058 1.14392 0.500648 1.44742 1.09993
1.28675 0.585684 0.370298 0.221798 0.676873 0.585684 0.95173 0.3703 0.585684 1.0294
1.14392 0.650839 0.633476 0.703946 0.823528 1.67276 0.520673 0.468548 0.732105 0.723242
1.33823 0.609112 0.563158 0.520671 1.60844 1.88164 1.37489 0.951739 0.685166 0.585685
1.18967 0.703946 0.346558 0.450527 1.23726 0.320414 0.585686 0.563157 0.879938 1.48708
0.703949 0.963408 0.89072 0.29624 1.23725 0.732106 0.60911 0.703948 0.879942 0.585684
1.48709 1.23726 1.1134 0.38983 1.14392 0.989812 0.585686 0.703945 0.9898 0.601736
0.500645 1.39175 0.86928 1.50531 1.02939 0.360422 0.320412 0.609112 0.658816 0.712574
1.14392 1.02939 0.633476 1.28676 0.585684 0.450526 1.73967 0.926348 1.85885 0.625808
0.520671 0.563159 1.28674 1.50533 0.541498 0.732104 0.791845 0.879934 0.676872 0.625805
0.650838 0.585684 1.33821 0.633476 0.951743 0.563157 0.585683 0.813545 0.548135 1.09992
0.650839 0.633476 0.462875 1.11339 0.658815 0.658817 0.374837 0.416537 0.609112 0.487289
1.33823 0.548135 0.625807 0.370298 0.527052 0.732104 0.468547 0.468547 0.915136 0.951739
1.15794 1.14392 0.487289 0.658817 0.782258 0.791843 0.823522 0.989808 0.676872 0.450527
>categories:
0 0
>mixtureAssignment:
0 0 0 0 0 0 0 0 0 0 0 0 0 0 0 0 0 0 0 0 0 0 0 0 0 0 0 0 0 0 0 0 0 0 0 0 0 0 0 0 0 0 0 0 0 0 0 0 0 0
0 0 0 0 0 0 0 0 0 0 0 0 0 0 0 0 0 0 0 0 0 0 0 0 0 0 0 0 0 0 0 0 0 0 0 0 0 0 0 0 0 0 0 0 0 0 0 0 0 0
0 0 0 0 0 0 0 0 0 0 0 0 0 0 0 0 0 0 0 0 0 0 0 0 0 0 0 0 0 0 0 0 0 0 0 0 0 0 0 0 0 0 0 0 0 0 0 0 0 0
0 0 0 0 0 0 0 0 0 0 0 0 0 0 0 0 0 0 0 0 0 0 0 0 0 0 0 0 0 0 0 0 0 0 0 0 0 0 0 0 0 0 0 0 0 0 0 0 0 0
0 0 0 0 0 0 0 0 0 0 0 0 0 0 0 0 0 0 0 0 0 0 0 0 0 0 0 0 0 0 0 0 0 0 0 0 0 0 0 0 0 0 0 0 0 0 0 0 0 0
0 0 0 0 0 0 0 0 0 0 0 0 0 0 0 0 0 0 0 0 0 0 0 0 0 0 0 0 0 0 0 0 0 0 0 0 0 0 0 0 0 0 0 0 0 0 0 0 0 0
0 0 0 0 0 0 0 0 0 0 0 0 0 0 0 0 0 0 0 0 0 0 0 0 0 0 0 0 0 0 0 0 0 0 0 0 0 0 0 0 0 0 0 0 0 0 0 0 0 0
0 0 0 0 0 0 0 0 0 0 0 0 0 0 0 0 0 0 0 0 0 0 0 0 0 0 0 0 0 0 0 0 0 0 0 0 0 0 0 0 0 0 0 0 0 0 0 0 0 0
0 0 0 0 0 0 0 0 0 0 0 0 0 0 0 0 0 0 0 0 0 0 0 0 0 0 0 0 0 0 0 0 0 0 0 0 0 0 0 0 0 0 0 0 0 0 0 0 0 0
0 0 0 0 0 0 0 0 0 0 0 0 0 0 0 0 0 0 0 0 0 0 0 0 0 0 0 0 0 0 0 0 0 0 0 0 0 0 0 0 0 0 0 0 0 0 0 0 0 0
0 0 0 0 0 0 0 0 0 0 0 0 0 0 0 0 0 0 0 0 0 0 0 0 0 0 0 0 0 0 0 0 0 0 0 0 0 0 0 0 0 0 0 0 0 0 0 0 0 0
0 0 0 0 0 0 0 0 0 0 0 0 0 0 0 0 0 0 0 0 0 0 0 0 0 0 0 0 0 0 0 0 0 0 0 0 0 0 0 0 0 0 0 0 0 0 0 0 0 0
0 0 0 0 0 0 0 0 0 0 0 0 0 0 0 0 0 0 0 0 0 0 0 0 0 0 0 0 0 0 0 0 0 0 0 0 0 0 0 0 0 0 0 0 0 0 0 0 0 0
0 0 0 0 0 0 0 0 0 0 0 0 0 0 0 0 0 0 0 0 0 0 0 0 0 0 0 0 0 0 0 0 0 0 0 0 0 0 0 0 0 0 0 0 0 0 0 0 0 0
0 0 0 0 0 0 0 0 0 0 0 0 0 0 0 0 0 0 0 0 0 0 0 0 0 0 0 0 0 0 0 0 0 0 0 0 0 0 0 0 0 0 0 0 0 0 0 0 0 0
0 0 0 0 0 0 0 0 0 0 0 0 0 0 0 0 0 0 0 0 0 0 0 0 0 0 0 0 0 0 0 0 0 0 0 0 0 0 0 0 0 0 0 0 0 0 0 0 0 0
0 0 0 0 0 0 0 0 0 0 0 0 0 0 0 0 0 0 0 0 0 0 0 0 0 0 0 0 0 0 0 0 0 0 0 0 0 0 0 0 0 0 0 0 0 0 0 0 0 0
0 0 0 0 0 0 0 0 0 0 0 0 0 0 0 0 0 0 0 0 0 0 0 0 0 0 0 0 0 0 0 0 0 0 0 0 0 0 0 0 0 0 0 0 0 0 0 0 0 0
0 0 0 0 0 0 0 0 0 0 0 0 0 0 0 0 0 0 0 0 0 0 0 0 0 0 0 0 0 0 0 0 0 0 0 0 0 0 0 0 0 0 0 0 0 0 0 0 0 0
0 0 0 0 0 0 0 0 0 0 0 0 0 0 0 0 0 0 0 0 0 0 0 0 0 0 0 0 0 0 0 0 0 0 0 0 0 0 0 0 0 0 0 0 0 0 0 0 0 0
0 0 0 0 0 0 0 0 0 0 0 0 0 0 0 0 0 0 0 0 0 0 0 0 0 0 0 0 0 0 0 0 0 0 0 0 0 0 0 0 0 0 0 0 0 0 0 0 0 0
0 0 0 0 0 0 0 0 0 0 0 0 0 0 0 0 0 0 0 0 0 0 0 0 0 0 0 0 0 0 0 0 0 0 0 0 0 0 0 0 0 0 0 0 0 0 0 0 0 0
0 0 0 0 0 0 0 0 0 0 0 0 0 0 0 0 0 0 0 0 0 0 0 0 0 0 0 0 0 0 0 0 0 0 0 0 0 0 0 0 0 0 0 0 0 0 0 0 0 0
0 0 0 0 0 0 0 0 0 0 0 0 0 0 0 0 0 0 0 0 0 0 0 0 0 0 0 0 0 0 0 0 0 0 0 0 0 0 0 0 0 0 0 0 0 0 0 0 0 0
0 0 0 0 0 0 0 0 0 0 0 0 0 0 0 0 0 0 0 0 0 0 0 0 0 0 0 0 0 0 0 0 0 0 0 0 0 0 0 0 0 0 0 0 0 0 0 0 0 0
0 0 0 0 0 0 0 0 0 0 0 0 0 0 0 0 0 0 0 0 0 0 0 0 0 0 0 0 0 0 0 0 0 0 0 0 0 0 0 0 0 0 0 0 0 0 0 0 0 0
0 0 0 0 0 0 0 0 0 0 0 0 0 0 0 0 0 0 0 0 0 0 0 0 0 0 0 0 0 0 0 0 0 0 0 0 0 0 0 0 0 0 0 0 0 0 0 0 0 0
0 0 0 0 0 0 0 0 0 0 0 0 0 0 0 0 0 0 0 0 0 0 0 0 0 0 0 0 0 0 0 0 0 0 0 0 0 0 0 0 0 0 0 0 0 0 0 0 0 0
0 0 0 0 0 0 0 0 0 0 0 0 0 0 0 0 0 0 0 0 0 0 0 0 0 0 0 0 0 0 0 0 0 0 0 0 0 0 0 0 0 0 0 0 0 0 0 0 0 0
0 0 0 0 0 0 0 0 0 0 0 0 0 0 0 0 0 0 0 0 0 0 0 0 0 0 0 0 0 0 0 0 0 0 0 0 0 0 0 0 0 0 0 0 0 0 0 0 0 0
>numMutationCategories:
1
>numSelectionCategories:
1
>categoryProbabilities:
1 
>selectionIsInMixture:
***
0 
>mutationIsInMixture:
***
0 
>obsPhiSets:
0
>currentSynthesisRateLevel:
***
0.45663 0.681433 0.906275 1.9124 0.764422 3.33882 0.329195 0.90113 0.562688 0.509608
0.520301 0.901313 0.540085 1.09421 1.56651 0.402127 0.784594 0.406358 1.39458 0.245785
0.152076 0.734525 0.86989 0.70069 0.266914 0.906599 0.9072 0.269807 0.350203 1.11984
0.807816 0.40763 0.476477 0.497551 1.11368 1.16358 0.826949 1.02985 2.08226 1.50747
0.409973 1.20757 2.47783 0.307025 3.10094 1.54048 1.51322 2.12653 1.79162 0.754929
2.41633 2.00542 0.596363 0.381416 0.908496 0.543717 1.34607 1.51509 1.16738 0.271959
0.487352 0.605812 0.598856 0.802198 3.01463 1.43049 3.69169 1.4795 1.5298 0.301925
0.341161 0.719496 1.00971 1.02694 0.763212 0.162059 0.486779 0.39924 1.33215 0.311597
0.984471 0.171496 0.467604 0.722944 1.06371 1.29322 0.640744 0.777715 1.22503 0.826729
1.45707 0.593338 0.474244 1.34247 0.90461 0.969779 0.332746 1.03285 0.989084 0.371526
0.753083 1.99016 1.16816 0.391137 1.28917 0.372657 1.41191 0.714554 0.45535 0.683681
0.698216 1.48273 0.263723 0.317882 0.367881 0.354322 0.781069 1.62826 1.40608 0.759298
0.467376 0.811745 0.692742 1.92849 0.249656 0.305658 1.28812 1.1615 1.87837 1.00432
0.195939 1.11955 1.2162 0.396167 0.32211 0.84608 1.47282 2.08769 0.72662 0.765729
0.689684 0.496072 0.45429 1.34359 1.05685 1.20159 0.276778 1.97649 0.230857 0.575381
0.83326 1.76169 0.36216 0.516211 0.183407 1.34721 0.718641 0.196405 0.755223 0.190234
2.54849 0.693193 0.687796 0.669075 1.77157 1.11188 0.648844 0.771139 0.621161 1.42192
1.03838 0.322452 0.421415 1.31365 0.80207 1.18915 1.01429 1.55588 0.749424 0.332638
0.180082 0.696572 1.18435 1.62577 0.71159 0.654514 0.705217 1.36814 0.946498 0.44272
0.72337 1.27841 0.8055 1.21835 0.70598 0.313763 0.994817 0.31429 0.553545 1.96314
1.7448 0.123478 0.226614 1.20094 2.16309 0.362635 0.651349 1.39961 0.81444 0.590358
0.0977094 1.68398 0.711037 0.709094 1.67534 1.00458 0.801844 0.862529 0.83263 1.52908
0.801645 0.192816 1.3423 0.22415 1.42915 0.524438 0.365136 1.47662 0.298545 0.368134
0.63057 0.287513 0.408373 0.353581 1.06859 0.415296 0.700144 0.082697 0.971184 4.35761
1.01729 2.0556 1.99699 2.42531 1.01797 1.00982 1.32562 0.459977 0.779079 0.650809
0.911791 2.05064 1.72437 1.64024 0.268565 0.645579 0.342168 0.620485 0.408372 1.37797
0.684173 0.199217 0.328259 0.213849 0.583992 0.253782 0.273216 1.01054 1.84758 0.3446
1.00208 0.737841 0.65521 0.629645 0.259629 0.736165 0.896614 0.396486 0.952142 0.66471
0.672986 4.49209 2.61576 1.30017 0.834796 1.08887 1.33403 1.37498 0.606301 0.273101
0.654983 0.551011 0.380183 0.439675 1.66866 2.0178 0.812102 0.52141 0.83469 0.53874
0.655001 0.408518 0.731137 0.484015 0.643401 1.25841 3.32757 0.416751 1.05548 1.44817
1.10622 2.43573 0.546801 0.727446 1.79221 1.45322 0.7435 1.12347 1.89601 1.3844
1.63304 0.595861 0.343926 0.900211 3.9751 1.2745 0.883592 0.35235 0.682579 0.35885
0.186733 0.918416 1.09644 0.783877 0.935672 0.859243 1.68985 0.558191 0.636837 0.554248
1.53181 0.664392 1.04455 0.448386 1.46578 0.926438 0.398558 1.03394 0.397616 0.396325
1.19267 0.666821 2.08572 0.890803 1.23317 0.840837 0.530381 1.04112 0.725834 1.21833
1.44075 0.475441 0.788055 1.08316 0.384074 0.9322 0.540608 1.03258 3.40416 1.12396
0.908848 1.47577 0.473041 0.100639 1.04142 0.590221 0.367186 1.15466 0.734208 1.38222
2.86136 0.823942 0.814744 1.84961 2.13703 1.98735 2.7091 0.474611 1.24391 0.650551
1.30013 0.573983 0.424601 1.67532 1.79767 0.578418 0.718229 1.04343 1.28253 0.799529
0.345098 1.01816 1.35448 0.44073 1.24298 1.01609 3.2779 0.843507 0.20764 0.381623
0.554723 0.353056 1.26237 0.598746 0.970399 1.35252 0.773958 1.09141 1.13333 0.448548
0.817837 0.666397 0.352935 0.507164 0.207366 0.389855 0.353839 0.769152 0.356254 0.223557
0.678122 0.107429 0.792985 0.538207 0.419173 0.452036 0.672843 2.2025 1.21364 2.49254
0.444312 1.04754 0.244608 0.87432 0.939928 0.349822 1.5779 0.352861 0.531679 0.37535
0.274567 0.202753 0.833133 0.539005 0.122173 0.755035 3.39633 0.95503 0.901733 0.987196
0.265066 1.77587 0.780687 1.41587 0.96778 1.34716 1.33976 1.12946 0.996495 1.0478
0.237723 1.32932 0.743145 3.42122 0.243758 1.00008 0.653999 1.38033 2.05052 0.531181
1.01047 1.20833 0.927279 0.798764 1.62194 1.35847 1.24122 0.756473 2.03651 1.1425
0.51829 0.786526 1.90653 1.61933 0.426729 1.20393 0.973669 0.291052 0.881495 0.545858
0.762752 0.829712 1.91178 0.230336 0.789574 0.508648 0.827957 0.300325 1.36439 2.74405
0.374355 0.889312 1.32096 0.284327 1.33698 0.467088 0.501362 0.803408 0.730423 0.809932
2.59 0.967648 0.548407 2.31883 0.922079 1.89303 3.89951 1.22071 1.20261 3.40181
1.67304 0.656122 0.349125 0.577862 2.80457 1.02335 1.78092 0.230943 0.848329 1.66674
0.813789 0.470991 0.594173 0.59192 0.967374 0.386216 0.327128 0.312104 1.6593 0.235312
1.98297 2.7721 0.569253 0.314679 0.955845 1.38319 0.98976 0.670617 2.50017 0.603908
1.52007 0.967396 0.993271 0.55742 1.98001 0.285672 2.20599 0.547485 0.761664 0.444176
0.188022 0.788189 1.30307 0.609259 0.368487 0.474488 0.348518 0.195047 1.27772 0.759161
0.891982 0.156464 0.478128 0.356727 1.46769 0.502705 0.717407 0.193194 0.833167 1.23611
1.00444 0.652717 0.683941 0.413078 0.943328 0.751134 0.860856 0.918691 1.23017 0.208763
0.516067 3.62514 0.700317 1.30633 1.08225 1.7218 0.728689 0.42414 1.12992 2.45732
0.568292 0.567641 0.797524 1.52846 0.525163 0.43349 0.293011 0.609609 0.295942 1.2124
0.961321 1.60484 0.756061 0.393969 0.667603 0.96425 0.354051 0.438098 1.63077 0.753425
1.18959 0.627204 0.399671 0.492183 0.61698 0.820473 0.922317 1.20301 0.710605 0.486605
0.225054 0.975709 3.88771 1.01975 0.859336 1.4244 1.7275 0.907153 0.651734 0.806989
1.54809 2.55249 0.4946 0.396542 0.31622 1.02979 0.556596 1.75671 0.584586 0.290395
1.49676 1.66642 1.64554 3.7435 0.452528 1.08748 1.36482 0.597687 1.00694 0.971447
0.888041 1.40798 0.742284 0.760416 1.3198 1.09728 0.264765 0.280715 2.72182 0.631374
0.584501 0.953268 0.436958 0.883747 0.364155 1.61026 0.906213 0.582877 0.929866 0.506127
1.45437 2.05048 1.56247 1.00025 0.75294 1.30953 0.267777 0.509851 1.87672 0.393389
0.557759 1.14774 0.643645 0.448892 1.177 0.621789 1.51233 1.19682 1.11124 0.545927
0.591639 0.702308 0.915047 0.352877 1.97332 0.689799 0.606339 0.847565 0.686869 0.234189
0.416448 2.29241 3.07245 0.281781 0.643495 0.662487 0.6046 0.396011 1.73225 1.19489
1.42057 3.22285 0.850285 1.14939 0.220051 0.994895 0.664478 0.902206 0.337747 0.963637
1.6737 1.0788 1.27818 0.470854 0.833551 0.289716 0.301728 0.808346 0.434421 1.14536
1.99748 0.429345 0.723251 0.596342 0.685876 0.534794 1.88317 1.57772 0.735216 0.313273
1.26202 1.82492 0.277835 0.534106 1.42972 0.12527 0.477996 0.696907 0.216539 1.27349
1.26823 0.424127 0.688284 1.08307 0.859558 0.721821 1.3316 0.258089 0.334761 2.12749
0.304241 0.540344 0.245484 0.881037 2.33671 0.478867 0.860264 2.19895 2.24735 0.915125
0.900461 3.39276 1.58526 0.541546 0.295469 0.722739 1.53804 0.753959 0.408374 0.601443
0.552773 0.606597 1.22602 1.18753 1.40478 0.238611 0.734062 1.9364 0.401506 0.459798
2.00733 2.27239 0.641817 0.452347 0.177218 2.66816 0.19667 0.99541 1.17542 0.270251
1.20492 1.19993 0.230394 0.522615 2.26457 0.938193 0.439183 1.39378 0.379856 0.409307
0.95524 0.281443 0.448016 0.587279 1.88728 0.72389 1.11211 1.37399 0.377413 0.845275
4.03164 0.810895 0.540081 2.33953 0.29397 2.0302 0.477528 1.27345 0.706524 3.72593
0.851417 0.318014 1.08399 0.281132 0.64317 1.06141 1.05367 0.624818 0.78921 0.518694
2.09599 1.65374 0.507508 0.465651 1.58199 0.328315 0.97528 0.511476 0.834549 0.689788
1.61328 0.723935 1.01213 1.10923 0.537537 0.837647 0.237536 1.75862 0.907973 0.53757
0.535487 1.39774 0.496366 1.16908 0.920353 0.919128 1.07351 0.412969 0.818802 0.306136
0.2485 2.82546 1.18674 0.813766 0.865085 0.711265 0.660685 0.541918 1.53923 0.681033
1.61659 0.544682 0.162498 0.838466 0.740827 0.525682 1.18255 0.591209 0.801644 0.465352
0.469298 0.934991 0.323712 0.740757 0.927587 0.701606 2.17169 1.22433 0.594184 0.941252
1.52269 0.668879 0.65648 0.694845 0.712969 0.714578 0.918801 1.03782 0.558614 0.423941
1.30595 1.51303 0.384313 1.67399 1.69259 0.603342 0.256018 1.27536 0.149281 0.879663
2.93564 0.334523 0.400516 1.93574 0.77157 0.773272 0.230079 0.283334 0.975782 0.755043
1.62541 0.590637 0.44991 0.324006 0.844389 0.804988 0.777267 0.732286 1.0968 0.232087
1.31192 1.11373 0.536791 1.05944 1.15512 0.52651 0.989759 0.636992 1.06554 0.822862
0.130174 0.780456 0.680533 0.614927 0.639629 3.01842 0.319663 0.644734 0.998274 0.855696
0.553855 0.86267 1.04247 0.769874 0.49205 1.16172 0.942577 0.526805 1.32096 0.195258
0.680218 0.513591 2.34157 0.835477 0.363479 0.906029 1.08426 0.361105 0.179835 0.830353
1.01154 0.425795 0.373533 0.80362 0.483538 1.31054 2.12652 1.81329 0.473918 0.612207
1.93966 0.910005 0.411098 0.240039 0.942387 0.927664 0.59985 4.1537 0.609263 0.416807
2.09226 1.37629 2.13641 1.82789 2.58968 1.06194 0.365439 0.737607 1.44144 0.957806
0.927745 0.772825 0.801552 0.883482 0.311475 1.21122 0.973535 0.556589 0.578818 0.361633
2.4076 0.759315 1.05723 0.733416 0.697386 0.874864 0.275412 1.7239 0.887967 0.4265
0.548072 0.420386 0.371429 0.631781 1.02614 3.39571 0.977934 0.769123 0.747511 0.391353
0.257356 1.26663 3.87459 0.497588 0.630945 0.906175 0.651936 0.824776 0.356254 0.734748
0.994147 1.28993 0.472849 0.587836 4.19666 0.262619 0.709729 0.565154 0.348219 0.954246
0.712757 0.639164 0.853729 1.24528 0.685717 0.398713 0.970661 0.453286 0.756695 0.986824
1.80498 0.714218 0.649268 0.662927 1.42323 2.91541 0.301223 0.5044 0.882996 1.60851
0.423246 0.338496 0.392203 1.75565 1.09287 0.16074 0.87371 1.07681 0.62122 0.825593
1.52679 1.41244 0.776545 0.447818 0.918601 1.04983 0.703588 0.741621 0.30436 0.381471
0.801834 0.500254 0.321415 1.4126 0.936559 0.521791 1.24169 0.550409 0.443659 2.75664
1.15272 0.237902 0.742574 0.439021 1.45515 0.438644 0.775904 0.609151 0.865548 0.255371
0.882967 1.36546 1.2543 0.884013 1.29555 0.751999 0.462168 0.438342 1.17857 1.94438
0.816185 1.30545 0.557123 2.05527 0.880138 0.577699 0.455661 1.1006 0.961842 1.56881
0.443386 0.837879 0.422031 2.73354 0.619326 4.67194 1.0543 0.239488 1.99565 1.72954
0.948822 0.781749 1.36534 1.09972 1.79151 1.46888 0.807616 0.372979 1.01493 1.41416
0.564447 1.82913 0.579093 1.50018 0.341073 0.75999 1.46389 0.249289 0.667689 1.04008
0.426796 0.387953 0.664308 0.303567 0.654487 1.09044 1.27317 1.24667 0.848289 0.486208
1.11028 1.04242 1.56597 0.721501 0.59233 0.376489 0.953924 0.724001 0.646908 0.433979
0.765803 0.269497 1.85451 1.37901 0.754254 0.557139 0.331474 1.32629 2.35779 0.899376
0.483436 0.742849 1.41999 0.870312 0.380915 0.601474 0.914695 0.561906 1.46369 0.426023
1.69683 0.43263 0.749129 3.51772 1.69048 0.359852 0.458134 0.292038 1.69975 2.19557
0.485318 1.1328 1.85983 0.921667 1.44635 0.87754 0.947146 1.19866 2.5367 1.11414
0.539779 1.15144 0.338986 1.85742 1.15819 0.958939 0.66791 0.977118 1.32181 2.29956
1.63473 1.29437 0.484979 1.34905 1.05519 0.461353 1.05763 0.760711 3.54554 1.05742
0.372397 0.725695 0.268654 0.884456 1.19757 0.458044 0.298472 0.402392 0.610263 0.896621
1.00115 3.0077 0.909007 0.942477 1.34829 1.36929 0.568336 1.13138 1.70813 1.15478
1.36508 1.08906 0.818651 4.03003 1.4524 2.23756 3.74309 1.11205 0.998786 0.913484
1.19822 0.91978 1.78817 0.584889 0.574724 1.21908 0.652824 0.947761 0.955149 2.08311
1.27096 1.78002 1.16095 0.586838 0.964903 1.49054 0.678762 1.10849 0.980348 0.707715
0.402495 0.637763 0.989284 0.859254 0.664019 1.21152 0.954377 0.53791 0.583378 0.810485
1.46857 0.724328 0.507277 0.539561 0.418706 0.420668 1.11848 0.889316 1.08497 1.37253
0.617548 0.85816 0.677164 0.434946 0.30155 1.57792 1.36833 0.973857 1.69756 2.92416
0.514543 1.38192 0.600605 1.01715 0.596357 1.93093 1.85499 1.00811 1.89218 0.504661
1.04588 0.749257 0.269764 1.47772 2.02328 0.484784 0.600712 1.09396 0.591777 0.525848
1.15325 2.0687 1.37128 1.46263 0.92391 1.36911 0.660323 0.808035 0.858636 0.498328
1.08481 1.11914 0.731703 1.15804 0.697968 0.46529 1.16203 1.96189 0.811747 1.00078
0.411807 0.732351 1.61772 1.16916 0.536068 0.647691 0.439021 0.838504 0.446022 2.21906
0.5177 0.639616 1.37897 0.733553 0.593178 1.37574 2.30528 2.16335 0.668621 0.677288
0.676701 0.528725 0.596401 1.55453 0.225233 0.669766 1.86712 0.681612 0.811392 0.697626
0.284833 0.239687 3.01595 1.62494 0.395822 0.607282 1.11874 0.756904 0.962397 0.758453
1.7136 0.505051 0.317618 0.273418 0.313103 2.01593 1.20214 1.14561 1.4412 0.681043
0.46985 0.399332 3.44634 0.358945 0.867417 0.580382 0.876654 0.232388 0.888595 0.725623
0.815652 1.25608 0.587477 0.81049 0.842663 0.797849 1.83715 0.687342 1.51245 0.711922
1.27861 1.92826 0.374477 2.77745 1.03261 0.922903 1.54922 0.74515 1.54906 0.685822
1.01837 1.27351 1.17057 0.423933 0.632896 0.90965 0.903812 1.36665 1.11631 1.41729
0.192767 1.64019 1.87893 1.47412 1.43199 0.806971 0.834623 1.2276 0.341694 0.518832
0.396316 0.411406 1.05827 0.77682 0.857489 0.361278 1.19144 0.670107 0.513261 1.10395
>noiseOffset:
>observedSynthesisNoise:
>std_NoiseOffset:
>mutation_prior_mean:
***
0 0 0 0 0 0 0 0 0 0
0 0 0 0 0 0 0 0 0 0
0 0 0 0 0 0 0 0 0 0
0 0 0 0 0 0 0 0 0 0
>mutation_prior_sd:
***
0.35 0.35 0.35 0.35 0.35 0.35 0.35 0.35 0.35 0.35
0.35 0.35 0.35 0.35 0.35 0.35 0.35 0.35 0.35 0.35
0.35 0.35 0.35 0.35 0.35 0.35 0.35 0.35 0.35 0.35
0.35 0.35 0.35 0.35 0.35 0.35 0.35 0.35 0.35 0.35
>std_csp:
0.1 0.1 0.1 0.1 0.1 0.1 0.1 0.1 0.1 0.1
0.1 0.1 0.1 0.1 0.1 0.1 0.1 0.1 0.1 0.1
0.1 0.1 0.1 0.1 0.1 0.1 0.1 0.1 0.1 0.1
0.1 0.1 0.1 0.1 0.1 0.1 0.1 0.1 0.1 0.1
>currentMutationParameter:
***
-0.365634 1.09444 0.765799 0.74797 1.16445 -1.19102 0.762264 -0.689863 0.646325 0.722734
0.905403 0.403657 1.18692 -1.31965 0.512002 1.04102 0.723963 0.192147 -0.221559 1.11033
-0.452788 0.797969 0.316324 -0.870441 -0.946847 0.268047 -0.902294 0.978832 0.205383 -0.498932
0.889954 0.580989 -0.409402 1.26473 0.813403 0.339046 1.07503 0.544595 0.838108 0.973415
>currentSelectionParameter:
***
0.549733 -0.405788 0.284733 -0.619913 -0.398766 0.6793 -0.898032 -0.389003 -0.15316 0.139147
-0.515657 1.11273 -0.699773 0.966831 0.496034 -0.706602 -0.222139 -0.278847 1.32799 -0.684073
-0.693387 -0.17073 -0.403981 0.173111 0.582691 0.844552 0.914631 -0.197869 0.68325 0.381003
-0.423149 -0.217974 0.436152 -0.66661 -0.0420448 0.667499 -0.479664 -0.0521788 -0.659752 -0.783633
>covarianceMatrix:
A
0.000542429	0.000274388	0.000226503	-0.00032132	-7.90619e-05	-0.000104767	
0.000274388	0.000450548	9.93519e-05	-0.000187996	-0.000181221	-9.97162e-05	
0.000226503	9.93519e-05	0.000487349	-4.60312e-05	-1.07257e-05	-0.000115871	
-0.00032132	-0.000187996	-4.60312e-05	0.000351391	8.24444e-05	6.4067e-05	
-7.90619e-05	-0.000181221	-1.07257e-05	8.24444e-05	0.000149873	6.56622e-05	
-0.000104767	-9.97162e-05	-0.000115871	6.4067e-05	6.56622e-05	8.7689e-05	
***
>covarianceMatrix:
C
0.00231779	-0.00180689	
-0.00180689	0.00192945	
***
>covarianceMatrix:
D
0.00110468	-0.00085007	
-0.00085007	0.000837221	
***
>covarianceMatrix:
E
0.001096	-0.000829508	
-0.000829508	0.000787769	
***
>covarianceMatrix:
F
0.00145727	-0.0011947	
-0.0011947	0.001326	
***
>covarianceMatrix:
G
0.000489059	0.000337124	0.000332716	-0.00027025	-0.000114587	-0.000111158	
0.000337124	0.000624863	0.000229324	-0.000181004	-0.000245146	-7.19735e-05	
0.000332716	0.000229324	0.000644806	-0.000221302	-0.000131403	-0.000215254	
-0.00027025	-0.000181004	-0.000221302	0.000307976	0.000172908	0.000149047	
-0.000114587	-0.000245146	-0.000131403	0.000172908	0.000274927	0.000100564	
-0.000111158	-7.19735e-05	-0.000215254	0.000149047	0.000100564	0.000225117	
***
>covarianceMatrix:
H
0.00196688	-0.00155766	
-0.00155766	0.00165095	
***
>covarianceMatrix:
I
0.00124588	-7.50598e-05	-0.00123124	-2.10482e-05	
-7.50598e-05	0.000873362	-0.000145966	-0.000674328	
-0.00123124	-0.000145966	0.00181912	0.000153612	
-2.10482e-05	-0.000674328	0.000153612	0.000697751	
***
>covarianceMatrix:
K
0.00122119	-0.000905774	
-0.000905774	0.000959874	
***
>covarianceMatrix:
L
0.000230146	5.82834e-05	0.000113574	2.01246e-05	4.41806e-05	-0.000186426	-5.33701e-05	-4.25547e-05	-1.20325e-05	6.82717e-05	
5.82834e-05	0.000188024	0.000107621	4.39115e-05	7.74324e-05	6.04091e-07	-7.61368e-05	-5.85956e-05	1.89889e-06	3.25859e-05	
0.000113574	0.000107621	0.000220718	3.52045e-05	3.50832e-05	-0.000106972	-8.04031e-05	-9.7845e-05	-1.15861e-05	9.41898e-05	
2.01246e-05	4.39115e-05	3.52045e-05	0.000146051	3.70556e-05	6.50701e-05	-1.79709e-05	1.17615e-05	-5.36338e-05	4.26164e-05	
4.41806e-05	7.74324e-05	3.50832e-05	3.70556e-05	0.000220853	1.95358e-05	-3.87556e-05	-2.55913e-05	3.58834e-05	-2.20405e-05	
-0.000186426	6.04091e-07	-0.000106972	6.50701e-05	1.95358e-05	0.000414419	8.87437e-05	0.000109099	3.57318e-05	-9.27699e-05	
-5.33701e-05	-7.61368e-05	-8.04031e-05	-1.79709e-05	-3.87556e-05	8.87437e-05	8.644e-05	6.68386e-05	1.71765e-05	-4.25504e-05	
-4.25547e-05	-5.85956e-05	-9.7845e-05	1.17615e-05	-2.55913e-05	0.000109099	6.68386e-05	0.000124984	-5.53565e-06	-4.65891e-05	
-1.20325e-05	1.89889e-06	-1.15861e-05	-5.36338e-05	3.58834e-05	3.57318e-05	1.71765e-05	-5.53565e-06	7.87791e-05	-4.86961e-05	
6.82717e-05	3.25859e-05	9.41898e-05	4.26164e-05	-2.20405e-05	-9.27699e-05	-4.25504e-05	-4.65891e-05	-4.86961e-05	0.000116029	
***
>covarianceMatrix:
N
0.00117858	-0.000894286	
-0.000894286	0.000944198	
***
>covarianceMatrix:
P
0.000702676	0.000397838	0.00044634	-0.000563933	-0.000298918	-0.000356218	
0.000397838	0.00153943	0.000312442	-0.000260683	-0.001192	-0.000150976	
0.00044634	0.000312442	0.00094399	-0.000297341	-0.00016832	-0.000639125	
-0.000563933	-0.000260683	-0.000297341	0.000702799	0.000345105	0.000434803	
-0.000298918	-0.001192	-0.00016832	0.000345105	0.00128474	0.000191807	
-0.000356218	-0.000150976	-0.000639125	0.000434803	0.000191807	0.000704321	
***
>covarianceMatrix:
Q
0.0010937	-0.000782499	
-0.000782499	0.000758505	
***
>covarianceMatrix:
R
0.000482801	0.000228182	0.000242502	0.000186369	-2.29225e-05	-0.000401069	-7.7677e-05	-0.000176157	-0.000162565	-2.37334e-05	
0.000228182	0.000548576	8.36567e-05	2.66604e-07	9.87249e-05	-0.000221055	-0.000261336	-0.000109274	-5.64985e-05	-6.51634e-05	
0.000242502	8.36567e-05	0.000271539	0.000147027	2.86325e-05	-0.000180703	1.17121e-05	-0.000114319	-0.00010958	-9.3351e-06	
0.000186369	2.66604e-07	0.000147027	0.000313449	-9.56349e-06	-0.000202826	5.49957e-05	-8.06694e-05	-0.00015543	-1.77749e-05	
-2.29225e-05	9.87249e-05	2.86325e-05	-9.56349e-06	0.000238739	8.6351e-05	-1.03448e-05	5.48955e-05	8.03049e-06	3.53707e-05	
-0.000401069	-0.000221055	-0.000180703	-0.000202826	8.6351e-05	0.000478844	9.24403e-05	0.000206591	0.000199464	3.4863e-05	
-7.7677e-05	-0.000261336	1.17121e-05	5.49957e-05	-1.03448e-05	9.24403e-05	0.000218163	4.35944e-05	-1.67648e-05	4.92499e-05	
-0.000176157	-0.000109274	-0.000114319	-8.06694e-05	5.48955e-05	0.000206591	4.35944e-05	0.000126738	9.34383e-05	2.50428e-05	
-0.000162565	-5.64985e-05	-0.00010958	-0.00015543	8.03049e-06	0.000199464	-1.67648e-05	9.34383e-05	0.000168981	4.31245e-06	
-2.37334e-05	-6.51634e-05	-9.3351e-06	-1.77749e-05	3.53707e-05	3.4863e-05	4.92499e-05	2.50428e-05	4.31245e-06	7.32814e-05	
***
>covarianceMatrix:
S
0.0010294	0.000406658	0.000426065	-0.000872006	-0.000399945	-0.000372137	
0.000406658	0.00113637	0.0003817	-0.000365275	-0.000830298	-0.000282082	
0.000426065	0.0003817	0.000920206	-0.000411476	-0.00033494	-0.000747045	
-0.000872006	-0.000365275	-0.000411476	0.000957613	0.000420692	0.000438273	
-0.000399945	-0.000830298	-0.00033494	0.000420692	0.000809659	0.000341935	
-0.000372137	-0.000282082	-0.000747045	0.000438273	0.000341935	0.000791516	
***
>covarianceMatrix:
T
0.000329401	0.000180739	0.000278783	-0.000182403	-7.36257e-05	-9.73938e-05	
0.000180739	0.000489488	0.000146384	-9.16792e-05	-0.000210862	-2.9339e-05	
0.000278783	0.000146384	0.000537983	-0.000147615	-1.11895e-05	-0.000210552	
-0.000182403	-9.16792e-05	-0.000147615	0.000168721	5.96829e-05	8.77034e-05	
-7.36257e-05	-0.000210862	-1.11895e-05	5.96829e-05	0.0001502	6.10901e-07	
-9.73938e-05	-2.9339e-05	-0.000210552	8.77034e-05	6.10901e-07	0.000180825	
***
>covarianceMatrix:
V
0.00114317	-4.01196e-05	0.000195367	-0.000962223	5.51715e-06	-0.000152423	
-4.01196e-05	0.000792466	0.000321635	8.28569e-05	-0.000543178	-0.000231932	
0.000195367	0.000321635	0.000551682	-0.000144433	-0.000259044	-0.000416245	
-0.000962223	8.28569e-05	-0.000144433	0.00110329	-2.68035e-05	0.000149202	
5.51715e-06	-0.000543178	-0.000259044	-2.68035e-05	0.000510757	0.000242545	
-0.000152423	-0.000231932	-0.000416245	0.000149202	0.000242545	0.000426249	
***
>covarianceMatrix:
Y
0.00163702	-0.00134275	
-0.00134275	0.00146797	
***
>covarianceMatrix:
Z
0.00260236	-0.00221299	
-0.00221299	0.00249331	
***
