>groupList:
A C D E F G H I K L
N P Q R S T V Y Z 
>stdDevSynthesisRate:
1.65628 
>numParam:
40
>numMixtures:
1
>std_stdDevSynthesisRate:
0.144
>std_phi:
***
1.86385 3.2759 1.9384 3.40693 4.25867 1.43373 2.62072 2.51992 1.49108 3.02875
3.93738 1.34181 0.371293 0.386145 1.10287 0.386145 2.72555 0.308916 0.386145 0.482681
0.386145 0.371293 0.371293 0.627485 0.84836 0.652585 2.51992 0.678688 2.83457 3.2759
0.386145 1.86385 2.51992 0.417654 3.2759 2.01594 1.43373 3.2759 0.501988 0.522068
1.86385 1.10287 3.40693 0.401591 1.49108 0.386145 2.72555 0.815731 0.627485 3.1499
0.386145 0.501988 4.42901 2.83457 0.652585 2.18044 1.55072 0.627485 0.882294 0.371293
0.386145 0.386145 0.401591 3.2759 0.482681 0.564668 1.10287 2.51992 0.371293 0.482681
3.54321 1.49108 0.627485 3.40693 2.83457 1.55072 0.627485 1.06045 3.2759 2.01594
0.386145 0.627485 0.371293 2.51992 3.1499 1.61275 0.815731 3.1499 1.06045 0.334123
2.62072 2.72555 0.401591 0.401591 0.401591 1.19286 2.01594 0.371293 0.28561 0.705835
3.40693 4.25867 1.10287 1.37858 0.308916 1.06045 0.371293 3.2759 3.2759 1.10287
1.9384 3.40693 1.55072 2.83457 1.67726 1.61275 0.297034 0.371293 2.35836 0.815731
0.482681 0.371293 3.2759 2.62072 3.1499 3.40693 1.10287 1.14698 3.1499 0.652585
1.49108 1.61275 0.482681 0.386145 1.10287 0.482681 0.386145 0.705835 2.62072 1.9384
1.86385 3.40693 0.482681 3.2759 2.423 1.86385 4.25867 0.882294 0.652585 0.386145
0.882294 2.62072 3.02875 1.79216 1.10287 0.371293 2.62072 2.51992 0.482681 2.32981
1.19286 1.06045 2.01594 0.482681 0.321272 0.815731 1.06045 0.84836 0.371293 1.49108
1.79216 3.2759 3.1499 0.84836 0.371293 0.815731 0.84836 2.01594 0.84836 3.2759
3.2759 3.2759 1.43373 0.815731 0.501988 2.423 0.84836 0.705835 1.19286 2.72555
0.627485 0.482681 0.84836 2.51992 2.32981 0.882294 0.815731 0.371293 0.652585 2.01594
3.2759 1.10287 0.501988 0.627485 4.25867 3.40693 0.84836 1.43373 3.2759 0.652585
0.522068 3.2759 0.678688 0.522068 2.62072 3.40693 3.2759 0.678688 2.01594 0.386145
2.72555 0.652585 0.84836 0.678688 1.86385 3.40693 0.371293 1.06045 1.49108 1.10287
2.94795 3.2759 0.371293 3.02875 1.86385 0.84836 0.678688 3.40693 0.386145 3.54321
3.2759 0.401591 3.1499 1.14698 3.2759 0.678688 1.55072 3.40693 0.386145 0.815731
2.51992 0.815731 3.40693 0.815731 0.54295 2.51992 2.72555 0.652585 0.882294 3.2759
0.627485 3.40693 2.09657 0.882294 3.2759 1.79216 1.43373 1.10287 0.501988 0.84836
1.37858 0.84836 1.19286 1.43373 2.62072 0.401591 0.815731 0.882294 0.84836 1.49108
0.522068 
>categories:
0 0
>mixtureAssignment:
0 0 0 0 0 0 0 0 0 0 0 0 0 0 0 0 0 0 0 0 0 0 0 0 0 0 0 0 0 0 0 0 0 0 0 0 0 0 0 0 0 0 0 0 0 0 0 0 0 0
0 0 0 0 0 0 0 0 0 0 0 0 0 0 0 0 0 0 0 0 0 0 0 0 0 0 0 0 0 0 0 0 0 0 0 0 0 0 0 0 0 0 0 0 0 0 0 0 0 0
0 0 0 0 0 0 0 0 0 0 0 0 0 0 0 0 0 0 0 0 0 0 0 0 0 0 0 0 0 0 0 0 0 0 0 0 0 0 0 0 0 0 0 0 0 0 0 0 0 0
0 0 0 0 0 0 0 0 0 0 0 0 0 0 0 0 0 0 0 0 0 0 0 0 0 0 0 0 0 0 0 0 0 0 0 0 0 0 0 0 0 0 0 0 0 0 0 0 0 0
0 0 0 0 0 0 0 0 0 0 0 0 0 0 0 0 0 0 0 0 0 0 0 0 0 0 0 0 0 0 0 0 0 0 0 0 0 0 0 0 0 0 0 0 0 0 0 0 0 0
0 0 0 0 0 0 0 0 0 0 0 0 0 0 0 0 0 0 0 0 0 0 0 0 0 0 0 0 0 0 0 
>numMutationCategories:
1
>numSelectionCategories:
1
>categoryProbabilities:
1 
>selectionIsInMixture:
***
0 
>mutationIsInMixture:
***
0 
>obsPhiSets:
0
>currentSynthesisRateLevel:
***
0.19181 0.0151939 0.422002 0.0451116 0.0430345 0.219689 0.0915918 0.331693 0.263387 0.0632472
0.0189164 0.160423 1.1553 0.786091 0.19843 0.828977 0.0931293 0.949207 0.723594 0.55491
0.832803 1.24201 1.66887 0.363994 0.363874 0.407502 0.0759605 0.155972 0.0628117 0.154245
1.42941 0.0997515 0.135364 0.803691 0.0114125 0.0783042 0.218766 0.0743732 0.316868 0.224739
0.207654 0.161997 0.0341217 0.911796 0.105944 0.610295 0.0180324 1.14368 0.343767 0.00486347
1.08418 0.319792 0.0238904 0.0660498 0.420708 0.0269159 0.0396813 0.683606 0.176604 1.3612
0.949234 0.605871 0.350725 0.137737 0.727439 0.65418 0.158521 0.0216925 1.028 0.704088
0.00890466 0.109189 1.14064 0.00815906 0.0494136 0.100113 1.05216 0.266706 0.0256903 0.266008
1.81029 0.414782 1.2763 0.242224 0.101206 0.119005 1.31193 0.215804 0.173756 0.343457
0.0662283 0.157839 0.895726 0.684312 0.490006 0.322806 0.145704 1.48446 0.385971 0.397787
0.0523733 0.0512379 0.183784 0.305014 1.05352 0.106744 1.11814 0.0201995 0.0572243 0.251883
0.298731 0.0325318 0.244054 0.092544 0.0806777 0.136371 0.664042 1.42638 0.163353 0.223982
0.357302 1.60631 0.0688348 0.183027 0.195188 0.103845 0.282858 0.590904 0.00743972 0.163181
0.220531 0.113089 0.968525 1.57518 0.553792 0.492484 1.2554 0.254055 0.146891 0.273432
0.224388 0.00465313 1.10041 0.0108201 0.293135 0.172041 0.0258571 0.787748 0.364983 0.33796
1.11465 0.10269 0.0291861 0.227667 0.352729 1.50564 0.169757 0.0187096 0.452813 0.398558
0.531601 0.208853 0.0333364 1.07759 1.20521 1.13811 0.311814 0.415187 0.97054 0.334375
0.1384 0.0427028 0.116653 0.220166 1.12796 0.237938 0.299299 0.156376 0.846045 0.0296973
0.303572 0.021872 0.122967 0.406275 0.882522 0.144393 0.305048 0.349188 0.150779 0.0652112
0.850464 0.299987 1.1123 0.116014 0.288899 0.315315 0.536524 1.14868 0.226753 0.220359
0.137878 0.21019 0.549398 0.745869 0.0357331 0.0216901 0.231007 0.230284 0.0226232 0.385392
0.15918 0.0848174 0.176467 0.589546 0.248769 0.00422484 0.0928308 0.384375 0.12163 1.14534
0.131999 0.175074 0.22504 0.86729 0.41567 0.0239828 0.590541 0.670273 0.356023 0.093319
0.0108498 0.0819617 0.711422 0.0443079 0.201979 0.219536 0.605209 0.0377105 1.2447 0.0265387
0.187643 0.256768 0.0299247 0.316514 0.0175316 0.414454 0.127864 0.0148518 0.637682 0.281485
0.164337 0.222311 0.00529738 0.842588 0.309396 0.421036 0.0633086 0.139703 0.169886 0.0104892
0.396977 0.00625801 0.142996 0.190945 0.0194568 0.21576 0.217591 0.205233 0.640758 0.360982
0.248272 0.432424 0.200439 0.34238 0.0308147 0.853829 0.810144 0.154336 0.259179 0.592497
0.724128 
>noiseOffset:
>observedSynthesisNoise:
>std_NoiseOffset:
>mutation_prior_mean:
***
0 0 0 0 0 0 0 0 0 0
0 0 0 0 0 0 0 0 0 0
0 0 0 0 0 0 0 0 0 0
0 0 0 0 0 0 0 0 0 0
>mutation_prior_sd:
***
0.35 0.35 0.35 0.35 0.35 0.35 0.35 0.35 0.35 0.35
0.35 0.35 0.35 0.35 0.35 0.35 0.35 0.35 0.35 0.35
0.35 0.35 0.35 0.35 0.35 0.35 0.35 0.35 0.35 0.35
0.35 0.35 0.35 0.35 0.35 0.35 0.35 0.35 0.35 0.35
>std_csp:
0.0512 0.0512 0.0512 442.779 575.613 11.2455 0.13 0.0512 0.0512 0.0512
575.613 0.0512 0.0512 0.13 0.064 0.064 0.064 0.064 0.064 70.5641
0.064 0.064 0.064 972.786 0.064 0.064 0.064 0.064 0.064 0.08
0.08 0.08 0.08 0.08 0.08 0.08 0.08 0.08 91.7333 41.7539
>currentMutationParameter:
***
-0.102259 0.807837 0.607665 0.511797 0.748255 -0.757522 0.441145 -0.870695 0.150832 0.295071
0.43832 0.765873 0.832415 -0.817926 0.54307 0.659338 0.526432 0.302848 0.239577 0.671895
-0.337628 0.592412 0.0813324 -0.43314 -0.78881 0.182796 -0.553845 0.873038 0.153537 -0.349416
0.450472 0.406225 -0.195117 0.774607 0.691155 0.604364 0.759748 0.311478 0.488845 0.64859
>currentSelectionParameter:
***
1.30862 -0.529156 2.74275 -1.45909 -0.511434 1.5819 -2.62184 -1.62272 0.721954 1.12076
-0.750467 3.39051 -1.25958 2.74735 1.60318 -1.19106 0.270559 -1.22205 3.17429 -1.52519
-3.42073 0.679603 -0.223771 -0.50523 1.13764 3.64536 3.34001 -0.0284828 3.64101 1.0172
-0.115488 0.672616 1.45316 -0.659059 1.5684 1.20678 -0.501722 0.888089 -1.3019 -1.52595
>covarianceMatrix:
A
0.000995575	0.000182408	0.000961819	-0.000863896	-8.4568e-05	-0.00103004	
0.000182408	0.000943722	0.000288957	-6.94211e-06	-0.000597607	-0.000456174	
0.000961819	0.000288957	0.00319222	-0.000952065	-0.000281492	-0.00415797	
-0.000863896	-6.94211e-06	-0.000952065	0.00164861	3.90813e-05	0.00181962	
-8.4568e-05	-0.000597607	-0.000281492	3.90813e-05	0.000867855	0.000306654	
-0.00103004	-0.000456174	-0.00415797	0.00181962	0.000306654	0.00980518	
***
>covarianceMatrix:
C
0.00475704	-0.00616117	
-0.00616117	0.0168544	
***
>covarianceMatrix:
D
0.00277097	-0.0041332	
-0.0041332	0.0127165	
***
>covarianceMatrix:
E
0.00265014	-0.00404679	
-0.00404679	0.0160668	
***
>covarianceMatrix:
F
0.00782425	-0.00882948	
-0.00882948	0.0169969	
***
>covarianceMatrix:
G
0.00114114	0.000571984	0.000457866	-0.00119008	-0.000925156	-0.000963986	
0.000571984	0.00165849	0.000391307	-0.000597512	-0.00268639	-0.00043149	
0.000457866	0.000391307	0.00194685	-0.000274238	-0.00119566	-0.0037967	
-0.00119008	-0.000597512	-0.000274238	0.00348377	0.00186699	0.000623946	
-0.000925156	-0.00268639	-0.00119566	0.00186699	0.0105649	0.00536422	
-0.000963986	-0.00043149	-0.0037967	0.000623946	0.00536422	0.0159213	
***
>covarianceMatrix:
H
0.00638812	-0.0121842	
-0.0121842	0.0410385	
***
>covarianceMatrix:
I
0.00324316	-0.000165675	-0.00671516	0.000418115	
-0.000165675	0.00131349	0.000251278	-0.00153687	
-0.00671516	0.000251278	0.0311866	-0.00164418	
0.000418115	-0.00153687	-0.00164418	0.00341179	
***
>covarianceMatrix:
K
0.00642108	-0.00636249	
-0.00636249	0.0106534	
***
>covarianceMatrix:
L
0.000704904	7.07762e-05	0.0001583	0.000206831	0.000579672	-0.000745524	-0.00010524	-0.000220384	-0.000323332	-0.00103849	
7.07762e-05	0.000396666	0.000222764	0.000198128	-2.37947e-05	-0.00022622	-0.000292096	-0.000474877	-0.00029252	6.99441e-05	
0.0001583	0.000222764	0.00083507	0.000307091	3.86107e-05	-0.000404884	-0.000330168	-0.00125872	-0.000405627	-0.000139275	
0.000206831	0.000198128	0.000307091	0.000586422	8.14336e-05	-0.000426895	-0.000327912	-0.000600958	-0.000587964	-0.000195784	
0.000579672	-2.37947e-05	3.86107e-05	8.14336e-05	0.00175	-0.00066944	-0.000159743	0.000276057	-0.0002562	-0.00300497	
-0.000745524	-0.00022622	-0.000404884	-0.000426895	-0.00066944	0.00164243	0.000354015	0.000798538	0.000697455	0.00127586	
-0.00010524	-0.000292096	-0.000330168	-0.000327912	-0.000159743	0.000354015	0.000735793	0.000730357	0.000603762	0.000339539	
-0.000220384	-0.000474877	-0.00125872	-0.000600958	0.000276057	0.000798538	0.000730357	0.00280499	0.000878417	-0.000380023	
-0.000323332	-0.00029252	-0.000405627	-0.000587964	-0.0002562	0.000697455	0.000603762	0.000878417	0.00107064	0.000553265	
-0.00103849	6.99441e-05	-0.000139275	-0.000195784	-0.00300497	0.00127586	0.000339539	-0.000380023	0.000553265	0.0066267	
***
>covarianceMatrix:
N
0.0021087	-0.00338635	
-0.00338635	0.0146374	
***
>covarianceMatrix:
P
0.0024205	0.000896501	0.00111527	-0.00210725	-0.00140942	-0.00111496	
0.000896501	0.0026238	0.000962034	-0.00110725	-0.00295788	-0.00109347	
0.00111527	0.000962034	0.0022366	-0.00186608	-0.00120245	-0.00281876	
-0.00210725	-0.00110725	-0.00186608	0.00661609	0.00106587	0.00382929	
-0.00140942	-0.00295788	-0.00120245	0.00106587	0.00722434	0.00155142	
-0.00111496	-0.00109347	-0.00281876	0.00382929	0.00155142	0.00605186	
***
>covarianceMatrix:
Q
0.00259326	-0.00327382	
-0.00327382	0.0085376	
***
>covarianceMatrix:
R
0.000592822	0.000440476	0.000446837	0.000250738	0.000126043	-0.000637259	-0.000648026	-0.000478528	-0.000448034	0.000689353	
0.000440476	0.00194766	0.000878293	0.000394615	0.00022254	-0.000609453	-0.00328838	-0.00154201	-0.000482114	0.0017844	
0.000446837	0.000878293	0.00138222	0.000430324	0.000254104	-0.000544767	-0.00130065	-0.00198509	-0.000744892	0.00179126	
0.000250738	0.000394615	0.000430324	0.00111834	0.000174433	-0.00029365	-0.000165207	-0.000409925	-0.00117103	-5.93924e-06	
0.000126043	0.00022254	0.000254104	0.000174433	0.000911333	0.000103819	-0.00037483	-0.000117925	-0.000317896	-0.000997525	
-0.000637259	-0.000609453	-0.000544767	-0.00029365	0.000103819	0.00182076	0.001528	0.0012742	0.00095788	-0.00178477	
-0.000648026	-0.00328838	-0.00130065	-0.000165207	-0.00037483	0.001528	0.0111519	0.00317246	0.000463399	-0.00393079	
-0.000478528	-0.00154201	-0.00198509	-0.000409925	-0.000117925	0.0012742	0.00317246	0.00511651	0.00120513	-0.00449113	
-0.000448034	-0.000482114	-0.000744892	-0.00117103	-0.000317896	0.00095788	0.000463399	0.00120513	0.00277976	-7.21484e-05	
0.000689353	0.0017844	0.00179126	-5.93924e-06	-0.000997525	-0.00178477	-0.00393079	-0.00449113	-7.21484e-05	0.0104571	
***
>covarianceMatrix:
S
0.00160163	-0.000339901	2.75851e-05	-0.000829826	0.000459098	0.000219401	
-0.000339901	0.00200556	0.00044493	0.000484183	-0.00102155	-0.000590619	
2.75851e-05	0.00044493	0.00144817	-6.07027e-05	-0.000311179	-0.000627428	
-0.000829826	0.000484183	-6.07027e-05	0.00198583	-0.000504134	-0.000144702	
0.000459098	-0.00102155	-0.000311179	-0.000504134	0.00190311	0.00059457	
0.000219401	-0.000590619	-0.000627428	-0.000144702	0.00059457	0.00174627	
***
>covarianceMatrix:
T
0.00164589	-0.000369676	0.000105305	-0.000968949	0.000414561	0.00104902	
-0.000369676	0.00145564	0.000123703	0.000502108	-0.000519705	-0.000807315	
0.000105305	0.000123703	0.00137327	-0.000175073	-0.000111684	-0.000951439	
-0.000968949	0.000502108	-0.000175073	0.00215327	-0.000442909	-0.000992578	
0.000414561	-0.000519705	-0.000111684	-0.000442909	0.00147572	0.000928955	
0.00104902	-0.000807315	-0.000951439	-0.000992578	0.000928955	0.00514607	
***
>covarianceMatrix:
V
0.00289853	0.000157877	0.000623822	-0.00274759	-1.48304e-05	-0.000165462	
0.000157877	0.00163383	0.000538961	0.000179099	-0.000868238	-0.000689498	
0.000623822	0.000538961	0.00186544	-2.74619e-05	-0.000248846	-0.00118954	
-0.00274759	0.000179099	-2.74619e-05	0.00629119	-7.24868e-05	-0.000142584	
-1.48304e-05	-0.000868238	-0.000248846	-7.24868e-05	0.00174922	0.000574334	
-0.000165462	-0.000689498	-0.00118954	-0.000142584	0.000574334	0.00247255	
***
>covarianceMatrix:
Y
0.00279493	-0.00517212	
-0.00517212	0.0211135	
***
>covarianceMatrix:
Z
0.00540467	-0.0111133	
-0.0111133	0.0496726	
***
