>groupList:
A C D E F G H I K L
N P Q R S T V Y Z 
>stdDevSynthesisRate:
0.869998 
>numParam:
40
>numMixtures:
1
>std_stdDevSynthesisRate:
0.20736
>std_phi:
***
0.917586 0.297034 0.371293 0.84836 0.386145 0.28561 0.371293 0.401591 0.371293 0.386145
0.371293 0.652585 0.882294 0.522068 0.386145 0.386145 1.06045 0.522068 0.417654 0.371293
0.297034 0.54295 1.55072 0.627485 0.705835 0.371293 0.501988 0.401591 0.482681 0.882294
1.55072 0.522068 0.371293 1.61275 0.386145 0.297034 0.28561 0.371293 0.95429 1.19286
0.2197 0.28561 0.678688 0.308916 0.652585 0.297034 1.49108 0.815731 0.308916 0.297034
1.79216 0.28561 1.19286 1.43373 0.308916 1.55072 0.371293 0.882294 0.652585 0.386145
0.652585 0.825728 1.9384 0.386145 0.652585 0.371293 0.297034 0.678688 0.917586 0.401591
0.95429 0.522068 0.652585 0.386145 1.49108 0.386145 0.501988 0.522068 0.815731 0.84836
0.386145 0.882294 0.401591 0.28561 0.501988 1.24058 0.54295 0.401591 0.705835 0.522068
0.482681 0.652585 0.501988 0.308916 0.522068 0.28561 1.06045 0.84836 0.386145 0.321272
0.917586 1.07345 0.501988 1.55072 0.522068 1.14698 0.917586 0.652585 0.627485 0.882294
0.815731 0.652585 0.734069 0.228488 1.9384 0.627485 0.371293 0.501988 0.882294 0.917586
0.386145 0.386145 0.401591 0.652585 0.84836 0.627485 1.19286 0.28561 0.882294 0.308916
0.652585 0.371293 1.10287 0.482681 0.501988 0.482681 0.882294 0.308916 0.371293 0.627485
1.24058 1.9384 0.321272 0.321272 1.24058 1.86385 0.501988 0.321272 1.86385 0.705835
0.28561 1.61275 0.84836 1.03216 0.482681 0.882294 0.371293 0.627485 0.522068 0.297034
0.371293 0.627485 0.627485 0.371293 0.54295 1.24058 0.678688 0.2197 0.371293 1.06045
0.627485 0.627485 1.14698 0.371293 2.01594 0.522068 0.401591 0.882294 0.705835 0.501988
0.401591 0.84836 0.2197 0.501988 0.371293 1.55072 0.297034 0.371293 0.627485 0.169
0.386145 0.386145 0.627485 0.321272 0.815731 0.564668 0.417654 0.627485 0.627485 0.482681
>categories:
0 0
>mixtureAssignment:
0 0 0 0 0 0 0 0 0 0 0 0 0 0 0 0 0 0 0 0 0 0 0 0 0 0 0 0 0 0 0 0 0 0 0 0 0 0 0 0 0 0 0 0 0 0 0 0 0 0
0 0 0 0 0 0 0 0 0 0 0 0 0 0 0 0 0 0 0 0 0 0 0 0 0 0 0 0 0 0 0 0 0 0 0 0 0 0 0 0 0 0 0 0 0 0 0 0 0 0
0 0 0 0 0 0 0 0 0 0 0 0 0 0 0 0 0 0 0 0 0 0 0 0 0 0 0 0 0 0 0 0 0 0 0 0 0 0 0 0 0 0 0 0 0 0 0 0 0 0
0 0 0 0 0 0 0 0 0 0 0 0 0 0 0 0 0 0 0 0 0 0 0 0 0 0 0 0 0 0 0 0 0 0 0 0 0 0 0 0 0 0 0 0 0 0 0 0 0 0
>numMutationCategories:
1
>numSelectionCategories:
1
>categoryProbabilities:
1 
>selectionIsInMixture:
***
0 
>mutationIsInMixture:
***
0 
>obsPhiSets:
0
>currentSynthesisRateLevel:
***
0.369233 1.3006 0.917689 0.207764 0.978677 1.12733 1.08523 0.729554 0.87733 1.46894
1.64018 0.456202 0.443385 0.296479 1.8972 0.662929 0.373275 0.327151 0.281102 1.08694
0.722115 0.551842 0.136842 1.01733 0.269825 1.55099 0.481226 0.761507 0.721604 0.273847
0.159449 0.574596 0.458497 0.194273 0.687097 0.413601 1.42533 1.02784 0.229851 0.256772
0.920917 1.71323 0.346383 1.88032 0.245065 1.51975 0.618565 0.991477 0.422784 1.33529
0.605219 1.26811 0.0955963 0.247156 0.302795 0.200485 1.43763 0.344413 1.28033 0.688309
0.99618 0.186942 0.0940926 1.29882 0.340132 0.972928 1.61198 0.423164 0.467545 0.713509
0.197839 0.740669 0.56358 0.812626 0.185628 0.865323 0.383786 0.507862 1.41028 0.575305
0.371614 0.390935 0.611834 1.59454 0.614873 0.137481 0.253499 0.700673 0.221527 0.222263
1.80535 0.657765 0.606496 1.93648 0.349948 1.46288 0.639046 0.52697 1.05933 0.93661
0.344586 0.177299 0.480488 0.0929233 0.681644 0.220522 0.229154 0.450168 1.05649 0.474356
0.298183 0.503969 0.284204 0.513147 0.172691 0.560911 0.521829 0.564817 0.150489 0.230448
0.745883 0.75281 0.735419 0.313487 0.372766 0.560228 0.19265 1.07313 0.273628 0.634362
0.50342 1.72042 0.227427 1.44862 0.395807 0.61066 0.46189 0.954774 2.02482 0.495361
0.156123 0.0749968 0.225299 1.91561 0.323311 0.0852531 0.649317 0.415398 0.158578 0.409174
1.57595 0.132753 0.329948 0.15569 0.892937 0.373306 0.500385 1.02556 0.696141 1.78539
0.484646 0.345872 0.399056 0.501898 0.437211 0.066525 0.240031 0.53152 1.19705 0.305372
0.449015 0.532069 0.242446 1.55845 0.058491 0.730481 0.437742 0.289873 0.492706 1.24079
0.687658 0.567767 0.668086 0.494666 1.90817 0.171055 0.819013 1.05039 1.90218 0.6802
0.418982 0.432983 0.91263 1.79904 0.877181 0.338649 0.580338 0.355248 0.68402 1.59145
>noiseOffset:
>observedSynthesisNoise:
>std_NoiseOffset:
>mutation_prior_mean:
***
0 0 0 0 0 0 0 0 0 0
0 0 0 0 0 0 0 0 0 0
0 0 0 0 0 0 0 0 0 0
0 0 0 0 0 0 0 0 0 0
>mutation_prior_sd:
***
0.35 0.35 0.35 0.35 0.35 0.35 0.35 0.35 0.35 0.35
0.35 0.35 0.35 0.35 0.35 0.35 0.35 0.35 0.35 0.35
0.35 0.35 0.35 0.35 0.35 0.35 0.35 0.35 0.35 0.35
0.35 0.35 0.35 0.35 0.35 0.35 0.35 0.35 0.35 0.35
>std_csp:
0.0512 0.0512 0.0512 19.005 24.7065 0.371293 0.169 0.0512 0.0512 0.0512
11.2455 0.064 0.064 0.13 0.032768 0.032768 0.032768 0.032768 0.032768 1.06045
0.08 0.08 0.08 119.253 0.0167772 0.0167772 0.0167772 0.0167772 0.0167772 0.08
0.08 0.08 0.08 0.08 0.08 0.032768 0.032768 0.032768 2.32981 0.371293
>currentMutationParameter:
***
-0.280287 0.969344 0.876842 0.793036 0.95642 -0.943208 0.276605 -0.676852 0.486508 0.636166
0.71372 0.652485 0.984478 -0.947715 0.391391 0.846525 0.393571 0.270007 0.159245 0.812217
-0.506488 0.519147 -0.00150029 -0.563262 -0.987613 0.0429858 -0.431487 1.11167 0.228272 -0.456545
0.542409 0.512885 -0.358747 0.872463 0.666898 0.457399 0.752477 0.293342 0.614561 0.706324
>currentSelectionParameter:
***
1.38781 -0.705194 1.67436 -1.60467 -0.815116 1.27298 -1.78463 -1.39984 0.297264 0.818896
-0.978281 3.45098 -1.25065 2.13904 1.75197 -1.33663 0.464595 -0.883612 2.39409 -1.43169
-2.57417 0.442928 -0.0450071 -0.36843 1.08087 3.39903 2.31283 -0.475768 2.48982 1.05568
-0.316531 0.502829 1.06558 -0.807433 1.41782 1.31843 -0.577437 0.606216 -1.29295 -1.39293
>covarianceMatrix:
A
0.00157493	-1.53917e-05	0.00104269	-0.00159859	-0.000121903	-0.000806266	
-1.53917e-05	0.00105629	-0.000220084	0.000112123	-0.000800926	0.000244536	
0.00104269	-0.000220084	0.00263096	-0.000859746	-0.000101209	-0.00225021	
-0.00159859	0.000112123	-0.000859746	0.00363341	-0.000271023	0.00222271	
-0.000121903	-0.000800926	-0.000101209	-0.000271023	0.0011403	-0.00012562	
-0.000806266	0.000244536	-0.00225021	0.00222271	-0.00012562	0.00552682	
***
>covarianceMatrix:
C
0.00694912	-0.00810306	
-0.00810306	0.0172729	
***
>covarianceMatrix:
D
0.00302262	-0.00351651	
-0.00351651	0.00648217	
***
>covarianceMatrix:
E
0.00407648	-0.00474373	
-0.00474373	0.0095873	
***
>covarianceMatrix:
F
0.00504123	-0.00851406	
-0.00851406	0.0237656	
***
>covarianceMatrix:
G
0.00118613	0.000715573	0.00069117	-0.00126371	-0.000892482	-0.000910704	
0.000715573	0.00208279	0.000731032	-0.000782889	-0.00279935	-0.00069866	
0.00069117	0.000731032	0.00348551	-0.000510117	-0.000444364	-0.00467987	
-0.00126371	-0.000782889	-0.000510117	0.00298294	0.0017819	0.000962257	
-0.000892482	-0.00279935	-0.000444364	0.0017819	0.0071487	0.00048962	
-0.000910704	-0.00069866	-0.00467987	0.000962257	0.00048962	0.0102507	
***
>covarianceMatrix:
H
0.00920043	-0.0124886	
-0.0124886	0.0262735	
***
>covarianceMatrix:
I
0.00815042	-0.000714099	-0.011241	8.44806e-05	
-0.000714099	0.00190081	-0.00029578	-0.00172689	
-0.011241	-0.00029578	0.0422391	-0.00240075	
8.44806e-05	-0.00172689	-0.00240075	0.00389753	
***
>covarianceMatrix:
K
0.00787286	-0.0099237	
-0.0099237	0.020007	
***
>covarianceMatrix:
L
0.00104739	0.000156372	0.00018259	0.000256435	0.000485059	-0.00158212	-0.000222501	-0.000412736	-0.000319257	-0.00138317	
0.000156372	0.000743929	0.00029088	0.000343772	0.000143371	-9.77558e-05	-0.000926865	-0.000570244	-0.000439137	-0.000241949	
0.00018259	0.00029088	0.00092343	0.000397803	0.000150882	-5.78112e-05	-0.000421243	-0.00129697	-0.000449089	0.000133798	
0.000256435	0.000343772	0.000397803	0.00053198	0.000175846	-0.00030208	-0.000393874	-0.000689891	-0.000581957	-0.000137209	
0.000485059	0.000143371	0.000150882	0.000175846	0.00113767	-0.000883994	-0.000223268	-0.000242882	-0.000279749	-0.00223346	
-0.00158212	-9.77558e-05	-5.78112e-05	-0.00030208	-0.000883994	0.00478761	3.6147e-05	0.00079108	0.00036041	0.00431876	
-0.000222501	-0.000926865	-0.000421243	-0.000393874	-0.000223268	3.6147e-05	0.00209996	0.00104403	0.000980358	0.000570685	
-0.000412736	-0.000570244	-0.00129697	-0.000689891	-0.000242882	0.00079108	0.00104403	0.00284908	0.000926037	0.000635433	
-0.000319257	-0.000439137	-0.000449089	-0.000581957	-0.000279749	0.00036041	0.000980358	0.000926037	0.00121754	0.000590317	
-0.00138317	-0.000241949	0.000133798	-0.000137209	-0.00223346	0.00431876	0.000570685	0.000635433	0.000590317	0.00976695	
***
>covarianceMatrix:
N
0.00397978	-0.00477309	
-0.00477309	0.0134394	
***
>covarianceMatrix:
P
0.00375528	0.000664219	0.00138117	-0.00444065	5.48164e-05	-0.00219159	
0.000664219	0.00634735	0.0023253	-0.00403591	-0.00884125	-0.00416612	
0.00138117	0.0023253	0.00431343	-0.00438714	-0.00357549	-0.00711697	
-0.00444065	-0.00403591	-0.00438714	0.016398	0.00712819	0.010164	
5.48164e-05	-0.00884125	-0.00357549	0.00712819	0.0217446	0.0093995	
-0.00219159	-0.00416612	-0.00711697	0.010164	0.0093995	0.0174195	
***
>covarianceMatrix:
Q
0.0039776	-0.0044465	
-0.0044465	0.00813866	
***
>covarianceMatrix:
R
0.00102324	0.000513906	0.000655275	0.000283715	0.000234298	-0.0011768	-0.000290836	-0.000674603	-0.000234652	4.32378e-05	
0.000513906	0.0027708	0.000951258	-0.000425147	0.000235812	-0.000418431	-0.00422427	-0.00127189	0.000493151	0.0011485	
0.000655275	0.000951258	0.00142508	-0.000224685	0.000105074	-0.000749769	-0.00143441	-0.00153089	0.000288311	0.000807744	
0.000283715	-0.000425147	-0.000224685	0.00196295	0.000182395	-0.000203433	0.00175332	0.00100183	-0.00172893	-0.000880082	
0.000234298	0.000235812	0.000105074	0.000182395	0.00165379	-0.000209613	0.00025796	0.000244755	-0.000241691	-0.00140152	
-0.0011768	-0.000418431	-0.000749769	-0.000203433	-0.000209613	0.00179358	0.000173722	0.000972258	0.000342339	-0.000103236	
-0.000290836	-0.00422427	-0.00143441	0.00175332	0.00025796	0.000173722	0.0103533	0.00285	-0.0021656	-0.00318924	
-0.000674603	-0.00127189	-0.00153089	0.00100183	0.000244755	0.000972258	0.00285	0.00271241	-0.00115031	-0.00173023	
-0.000234652	0.000493151	0.000288311	-0.00172893	-0.000241691	0.000342339	-0.0021656	-0.00115031	0.0023675	0.00138135	
4.32378e-05	0.0011485	0.000807744	-0.000880082	-0.00140152	-0.000103236	-0.00318924	-0.00173023	0.00138135	0.00391874	
***
>covarianceMatrix:
S
0.00193204	-0.000274462	0.000161907	-0.00174109	0.000448499	2.58083e-05	
-0.000274462	0.00143795	0.00018556	0.000524043	-0.000596833	-0.000451403	
0.000161907	0.00018556	0.00132169	-0.000220285	-0.000128522	-0.000755867	
-0.00174109	0.000524043	-0.000220285	0.00397484	-0.000661663	0.000177369	
0.000448499	-0.000596833	-0.000128522	-0.000661663	0.00156476	0.000476116	
2.58083e-05	-0.000451403	-0.000755867	0.000177369	0.000476116	0.00250451	
***
>covarianceMatrix:
T
0.00155912	-0.000245974	-0.000143285	-0.000984189	0.000322455	0.00113344	
-0.000245974	0.00150848	0.000329663	0.000509876	-0.000926475	-0.00111756	
-0.000143285	0.000329663	0.00137925	0.000308774	-0.000445205	-0.000997695	
-0.000984189	0.000509876	0.000308774	0.00236491	-0.000551996	-0.00169577	
0.000322455	-0.000926475	-0.000445205	-0.000551996	0.00231351	0.00158079	
0.00113344	-0.00111756	-0.000997695	-0.00169577	0.00158079	0.00463743	
***
>covarianceMatrix:
V
0.00210509	0.000431596	0.000564918	-0.00275457	-0.000443294	-0.000501202	
0.000431596	0.00138806	0.000379508	-0.000834124	-0.00155759	-0.000454306	
0.000564918	0.000379508	0.00136022	-0.000199509	-0.000516291	-0.00159614	
-0.00275457	-0.000834124	-0.000199509	0.00703928	0.000745127	0.000385607	
-0.000443294	-0.00155759	-0.000516291	0.000745127	0.00290931	0.000891006	
-0.000501202	-0.000454306	-0.00159614	0.000385607	0.000891006	0.00298065	
***
>covarianceMatrix:
Y
0.00548047	-0.00771299	
-0.00771299	0.0177193	
***
>covarianceMatrix:
Z
0.0124488	-0.0203649	
-0.0203649	0.042776	
***
