>groupList:
A C D E F G H I K L
N P Q R S T V Y Z 
>stdDevSynthesisRate:
0.624858 
>numParam:
40
>numMixtures:
1
>std_stdDevSynthesisRate:
0.0611024
>std_phi:
***
0.3703 0.879934 1.67277 0.85646 1.20425 0.601737 0.85646 0.563158 0.823519 0.506781
0.676873 1.18967 0.411494 0.791845 0.197177 0.236992 0.791845 0.926347 1.18967 0.284846
0.506781 1.20425 0.468547 0.76139 0.48139 0.468547 0.527052 1.32202 1.73968 0.685168
0.951737 0.311865 0.266584 1.28675 1.44742 0.791845 0.940214 1.17212 0.633476 1.07057
0.400516 0.416537 0.433198 0.563158 0.732105 0.29624 0.364838 0.25633 1.23726 0.33323
0.320413 0.915132 0.890718 1.04201 0.263356 0.433198 0.29987 0.29987 0.308089 0.337313
0.311865 0.703947 0.346559 0.563158 0.625807 0.468547 0.3703 0.199594 0.823519 1.28675
0.548134 0.823519 0.676873 0.520671 0.12134 0.346559 0.277247 0.633476 0.468547 0.487289
0.269851 1.27117 0.33323 0.813549 0.823519 0.915132 1.54657 0.416537 0.658815 0.236992
0.184536 0.506781 0.205064 1.14391 0.311865 0.685168 0.33323 0.400516 0.468547 0.890718
0.609112 0.548134 0.239896 0.915132 1.32202 0.3703 1.0294 0.311865 0.989806 0.520671
0.791845 0.732105 0.703947 0.813549 0.685168 0.3703 0.405425 0.239896 0.450526 0.527052
0.450526 0.103722 0.76139 1.18967 1.3749 0.915132 0.462875 1.44742 1.07057 1.33822
1.60844 1.23726 1.39175 0.394609 1.05761 0.633476 0.963401 0.616576 0.284846 0.563158
0.33323 0.633476 0.609112 0.846091 0.311865 0.548134 0.33323 0.48139 1.04201 1.80927
0.189594 0.506781 1.01694 0.85646 0.239896 1.14391 1.73968 0.462875 0.563158 0.288337
0.288337 0.249492 0.346559 0.676873 1.33822 1.15793 0.676873 0.951737 0.791845 0.963401
0.823519 0.527052 0.732105 0.712574 0.350806 0.76139 0.732105 1.39175 0.468547 0.350806
0.27389 0.346559 0.450526 0.151675 0.126193 0.791845 0.585684 0.0970719 0.732105 0.308089
0.676873 0.915132 1.58896 1.1134 0.221798 0.57006 0.32434 0.320413 0.385112 0.813549
0.288337 0.487289 0.308089 0.360421 0.506781 0.989806 0.308089 0.126193 0.140232 1.15793
1.4088 0.703947 0.685168 0.609112 0.585684 0.227877 0.732105 0.433198 0.685168 0.541498
0.342363 1.39175 0.76139 0.926347 0.879934 1.23726 1.18967 1.07057 0.712574 1.09992
0.548134 1.44742 1.1134 0.890718 1.28675 1.39175 0.915132 0.676873 0.29624 0.33323
0.585684 0.320413 0.520671 0.25633 0.633476 0.213267 0.500645 1.09992 1.54657 0.170614
0.650839 0.438507 0.732105 0.416537 0.813549 1.09992 0.389831 0.197177 0.741077 0.625807
0.308089 0.389831 1.30252 0.468547 0.224516 0.791845 0.601737 0.879934 0.468547 0.951737
0.320413 0.813549 1.23726 0.487289 1.07057 0.926347 1.23726 0.405425 0.85646 0.506781
0.676873 0.346559 0.703947 1.18967 0.890718 1.28675 0.823519 1.33822 1.0294 0.308089
1.07057 0.487289 1.15793 0.585684 0.989806 0.650839 1.23726 1.33822 1.48709 1.25242
1.39175 0.76139 1.73968 0.791845 0.879934 0.915132 0.421642 1.50531 1.28675 1.73968
0.541498 1.28675 0.416537 1.42989 1.60844 0.541498 0.732105 0.239896 1.44742 0.926347
0.650839 0.462875 0.103722 0.633476 0.450526 1.3749 0.346559 0.732105 0.266584 0.433198
0.266584 0.633476 1.0294 0.374838 0.468547 0.468547 1.14391 0.445072 0.416537 0.356058
0.400516 0.468547 0.213267 1.28675 1.46908 0.989806 0.879934 0.833611 1.50531 1.07057
1.1134 1.23726 0.712574 1.62815 0.527052 0.926347 0.703947 0.585684 0.400516 1.0294
0.951737 0.288337 1.25242 0.741077 0.421642 0.520671 0.741077 0.468547 0.29187 0.385112
0.320413 0.468547 0.879934 0.184536 1.3749 0.963401 0.548134 0.320413 0.462875 0.126193
0.246472 1.15793 1.39175 0.182301 0.157742 0.563158 0.85646 0.487289 0.592862 0.506781
0.100955 0.450526 0.585684 1.50531 0.400516 1.44742 0.400516 0.269851 0.385112 0.266584
0.126193 0.12134 0.400516 0.890718 0.951737 1.52785 1.48709 1.85886 0.230669 1.15793
1.69327 0.866956 0.462875 0.450526 0.601737 0.741077 0.500645 0.487289 1.15793 1.44742
0.450526 0.791845 1.23726 1.3749 0.592862 1.48709 1.56553 1.50531 0.915132 0.658815
1.0294 1.44742 1.60844 0.400516 1.20425 1.28675 0.801549 0.989806 0.833611 0.433198
0.512992 0.951737 1.73968 2.35205 0.846091 1.15793 0.500645 0.791845 0.450526 1.33822
1.0294 1.20425 0.541498 0.85646 0.989806 0.658815 2.64574 0.29624 1.23726 1.50531
1.60844 0.548134 1.20425 0.752171 2.61371 1.56553 2.51318 0.527052 0.658815 1.35462
1.56553 1.33822 1.14391 1.58896 1.71862 0.703947 0.85646 0.890718 1.28675 0.350806
0.752171 1.62815 1.23726 1.80927 0.500645 0.25633 0.951737 1.50531 1.15793 1.07057
0.712574 0.963401 1.09992 1.23726 0.989806 0.782258 0.520671 1.44742 1.28675 0.601737
0.926347 0.890718 1.0294 0.915132 0.563158 1.33822 0.633476 0.85646 1.67277 1.08369
0.57006 0.416537 0.658815 0.609112 0.879934 1.18967 0.791845 0.450526 1.67277 0.926347
1.1134 0.732105 0.703947 1.18967 3.05767 0.879934 0.813549 1.39175 1.42989 0.609112
0.506781 1.18967 0.989806 1.23726 0.890718 0.468547 1.50531 0.879934 1.28675 1.93322
1.25242 0.890718 0.633476 0.585684 1.1134 0.585684 0.487289 0.791845 0.732105 1.0294
0.963401 0.915132 1.60844 1.18967 0.633476 1.15793 0.374838 1.54657 0.989806 0.500645
0.915132 0.732105 0.846091 0.835847 1.0294 0.76139 0.585684 1.33822 0.500645 0.989806
1.07057 0.57006 2.71826 0.926347 0.703947 0.76139 1.0294 1.28675 0.823519 1.3749
0.676873 0.951737 0.633476 0.890718 0.989806 0.609112 1.1134 2.79276 0.846091 0.284846
0.374838 0.685168 0.951737 1.07057 0.48139 1.60844 0.989806 1.27117 0.288337 1.23726
2.1746 0.585684 0.915132 1.0294 0.585684 1.14085 1.67277 0.676873 0.3703 0.405425
1.05761 1.05761 0.462875 0.685168 1.33822 1.23726 0.303545 0.879934 0.468547 1.07057
0.926347 1.67277 0.926347 0.76139 0.782258 0.311865 0.823519 0.732105 0.791845 0.147628
0.658815 1.0294 0.951737 1.95691 1.07057 0.890718 0.732105 0.658815 1.44742 0.585684
0.487289 1.67277 0.527052 0.650839 1.28675 0.791845 0.926347 1.0294 0.951737 1.67277
1.20425 0.426809 0.823519 0.791845 0.625807 0.915132 2.20125 1.80927 1.39175 0.592862
1.50531 0.541498 1.18967 0.977823 1.05761 1.30252 0.951737 0.926347 0.76139 1.50531
0.712574 0.791845 0.791845 1.18967 1.23726 1.01694 0.494584 0.633476 0.421642 1.07057
1.67277 0.288337 0.741077 0.450526 1.73968 0.712574 1.44742 0.823519 0.433198 0.541498
0.890718 1.1134 1.18967 1.50531 1.54657 0.732105 0.487289 0.563158 1.60844 1.30252
1.60844 0.940214 0.846091 0.541498 0.468547 1.0294 1.39175 1.23726 1.44742 1.18967
0.940214 1.39175 1.1134 0.277247 0.468547 0.658815 1.23726 1.35462 1.18967 0.633476
1.93322 0.520671 0.239896 0.468547 0.676873 0.676873 0.585684 0.601737 0.76139 1.85886
0.926347 1.1134 0.823519 1.23726 0.563158 0.85646 1.44742 2.01054 0.732105 0.400516
0.85646 1.54657 0.989806 1.01694 0.625807 0.512992 0.926347 1.14391 0.520671 0.703947
0.76139 1.30252 0.527052 0.438507 0.487289 0.823519 0.951737 1.0294 0.601737 0.202582
0.676873 1.44742 0.791845 0.989806 0.450526 0.189594 0.989806 0.703947 1.0294 0.450526
0.520671 1.18967 1.20425 1.50531 1.23726 0.205064 1.18967 1.23726 1.05761 1.80927
0.823519 0.450526 0.609112 0.487289 0.977823 0.658815 0.385112 1.39175 0.823519 1.69327
0.732105 0.450526 0.320413 0.234123 1.44742 1.78737 0.676873 0.609112 0.951737 0.633476
0.592862 1.15793 0.791845 0.563158 1.25242 0.337313 1.42989 1.33822 0.512992 1.48709
1.08369 1.25242 0.199594 1.09992 0.833611 1.54657 0.770721 0.823519 0.308089 0.732105
0.633476 0.585684 1.60844 0.732105 0.989806 1.09992 2.75157 0.703947 0.977823 1.28675
0.879934 2.51318 0.658815 1.60844 1.07057 0.541498 1.3749 0.360421 0.85646 1.28675
0.433198 0.650839 0.585684 0.277247 1.60844 0.421642 1.0294 0.685168 1.1134 0.723242
1.60844 1.44742 0.951737 0.360421 0.741077 0.389831 1.12704 0.76139 0.468547 0.732105
1.27117 0.890718 1.28675 0.520671 0.236992 1.25242 2.09097 0.823519 0.585684 0.791845
1.39175 1.07057 0.506781 2.23421 0.879934 0.389831 1.54657 0.633476 1.28675 0.563158
0.85646 1.14391 0.940214 0.823519 0.712574 0.563158 0.890718 0.609112 1.44742 0.813549
0.989806 1.48709 0.346559 0.374838 1.14391 0.676873 0.609112 0.951737 1.07057 0.915132
0.506781 1.56553 0.846091 0.915132 0.527052 0.951737 0.506781 0.732105 0.712574 0.823519
1.14391 0.846091 3.26713 1.14391 3.05767 2.64574 1.20425 1.15793 0.76139 0.342363
1.9047 1.54657 0.400516 0.791845 0.85646 1.18967 0.732105 0.85646 1.85886 1.20425
1.48709 1.60844 1.07057 0.592862 0.658815 0.25633 1.71862 1.35462 1.39175 0.732105
0.732105 0.563158 1.56553 0.926347 0.506781 2.90447 1.80927 0.385112 0.915132 0.791845
0.563158 1.18967 1.42989 1.42989 1.20425 0.676873 1.07057 0.421642 0.685168 0.468547
1.48709 0.926347 0.658815 1.14391 0.712574 0.791845 1.33822 0.563158 0.926347 0.890718
1.15793 0.374838 0.879934 0.520671 1.50531 1.73968 0.732105 1.07057 0.337313 0.563158
0.879934 1.0294 1.14391 1.0294 1.09992 0.963401 0.468547 0.937699 0.951737 1.42989
0.520671 0.438507 1.15793 1.09992 1.1134 1.44742 1.48709 0.823519 1.01694 1.33822
0.609112 0.85646 0.989806 0.879934 1.33822 0.926347 1.15793 0.926347 0.416537 0.85646
0.585684 1.00194 2.94007 1.25242 0.548134 1.54657 0.411494 0.676873 0.989806 0.450526
1.0294 1.42989 1.04201 0.541498 0.732105 0.666889 0.676873 1.33822 0.456048 0.468547
0.712574 0.866956 1.28675 1.54657 1.28675 1.33822 0.890718 1.39175 0.951737 1.18967
0.48139 1.67277 0.259472 1.15793 1.73968 1.67277 0.450526 1.15793 1.39175 1.1134
0.791845 0.712574 0.487289 0.823519 1.1134 0.741077 0.76139 0.487289 0.890718 1.23726
1.42989 0.57006 0.563158 0.951737 1.73968 0.879934 0.374838 1.44742 0.951737 1.14391
0.548134 0.633476 0.703947 0.85646 1.42989 1.62815 3.17997 1.15793 0.405425 0.732105
1.07057 0.712574 0.541498 0.890718 0.741077 0.633476 0.926347 1.25242 0.823519 1.60844
1.14391 0.416537 1.78737 2.09097 1.65252 0.527052 0.500645 0.658815 0.658815 2.01054
0.823519 0.676873 0.85646 0.951737 1.23726 1.3749 1.07057 0.633476 1.39175 0.374838
0.703947 0.585684 0.76139 1.20425 1.35462 0.732105 1.28675 0.450526 0.421642 1.44742
1.25242 0.85646 0.76139 1.14391 0.926347 0.791845 0.989806 1.28675 0.609112 0.732105
1.23726 0.563158 1.65252 0.236992 0.506781 0.723242 0.633476 0.427954 0.199594 0.433198
0.791845 0.791845 0.741077 0.520671 0.732105 1.28675 1.42989 1.07057 0.890718 0.695425
0.658815 0.592862 0.541498 0.76139 0.360421 0.732105 0.703947 0.703947 1.15793 0.823519
0.374838 1.3749 0.823519 1.15793 0.563158 0.520671 0.184536 0.85646 0.57006 0.592862
1.33822 1.20425 1.20425 0.520671 0.658815 0.879934 0.33323 1.07057 0.609112 1.07057
0.585684 0.360421 1.50531 0.57006 0.520671 1.0294 1.15793 0.989806 1.28675 0.585684
0.592862 0.732105 0.29624 1.54657 0.915132 0.712574 0.650839 1.60844 0.360421 0.926347
0.385112 1.71862 2.35205 1.05761 0.500645 1.15793 0.308089 0.963401 0.563158 0.3703
0.468547 1.0294 0.915132 1.23726 0.433198 1.0294 1.14391 0.48139 0.124666 0.400516
0.153534 0.76139 0.578593 0.76139 0.951737 0.915132 0.685168 0.926347 0.487289 0.277247
1.39175 0.890718 0.890718 1.18967 0.601737 0.76139 1.23726 0.926347 1.69327 0.625807
0.450526 0.601737 1.3749 0.879934 0.57006 1.0294 1.0294 0.405425 0.421642 1.50531
0.989806 0.356058 1.39175 0.385112 2.71826 1.73968 0.506781 0.890718 1.09992 1.15793
2.75157 1.28675 0.389831 0.732105 0.145841 1.28675 1.3749 1.0294 0.791845 1.33822
0.76139 0.712574 3.53373 0.625807 0.585684 0.801549 0.563158 1.07057 0.520671 0.356058
0.416537 0.625807 0.563158 1.20425 0.890718 1.1134 0.85646 2.54398 0.527052 0.879934
1.39175 0.527052 0.456048 0.487289 0.563158 0.703947 1.14391 0.732105 0.189594 0.230669
0.890718 0.592862 2.03518 0.76139 1.50531 1.20425 2.51318 1.39175 0.385112 0.450526
2.71826 1.67277 0.823519 0.791845 0.926347 0.563158 1.48709 1.09992 1.62815 0.385112
1.18967 0.951737 0.676873 0.732105 0.723242 1.18967 1.4088 0.732105 0.76139 0.76139
1.18967 1.15793 0.989806 0.405425 1.14391 1.44742 1.30252 0.676873 1.50531 1.32202
0.500645 1.62815 1.18967 1.18967 1.54657 1.30252 0.732105 0.951737 1.33822 0.520671
0.915132 0.405425 0.230669 0.879934 0.468547 3.26713 0.468547 1.93322 0.585684 1.78737
0.29987 0.658815 1.67277 0.609112 1.44742 1.56553 2.54398 0.85646 0.658815 0.520671
0.989806 1.80927 0.658815 0.616576 0.926347 1.0294 2.71826 0.400516 0.277247 0.951737
0.926347 1.07057 1.30252 1.62815 1.0294 0.658815 0.951737 0.866956 1.20425 0.541498
1.39175 0.823519 0.650839 1.39175 0.563158 0.879934 0.951737 0.76139 0.450526 0.703947
0.421642 1.07057 0.609112 0.650839 0.213267 0.989806 0.85646 0.592862 0.541498 0.915132
0.468547 0.585684 0.791845 0.616576 0.823519 0.823519 1.18967 1.07057 1.23726 0.416537
0.346559 0.676873 0.487289 0.940214 0.601737 1.04201 0.506781 0.791845 0.389831 1.33822
1.15793 0.548134 0.585684 0.266584 0.676873 0.277247 0.633476 0.520671 2.71826 0.609112
0.712574 0.989806 0.658815 0.890718 1.20425 0.879934 2.54398 0.85646 0.585684 0.915132
0.633476 0.791845 0.676873 0.350806 0.823519 0.346559 0.500645 1.44742 0.846091 0.500645
2.79276 1.18967 1.07057 1.50531 0.633476 0.346559 0.685168 0.879934 1.07057 0.658815
1.48709 1.07057 0.374838 1.44742 0.500645 1.3749 0.609112 0.548134 0.989806 1.44742
1.33822 0.184536 0.450526 0.915132 1.1134 1.54657 0.926347 1.08369 1.28675 0.890718
0.915132 0.712574 1.39175 1.15793 1.23726 0.791845 1.33822 0.85646 1.00194 0.76139
1.22228 0.782258 0.658815 3.14148 1.23726 0.29987 0.601737 1.52376 0.915132 1.60844
0.951737 0.658815 0.801549 1.48709 0.732105 1.48709 1.30252 0.585684 0.433198 1.1134
1.93322 1.67277 2.71826 0.541498 1.23726 0.782258 1.73968 0.915132 1.27117 0.585684
1.50531 1.23726 0.76139 1.18967 1.0294 3.02065 0.791845 1.09992 0.782258 1.0294
1.69327 0.989806 0.741077 0.951737 0.890718 1.0294 1.32202 1.23726 1.73968 1.33822
0.823519 1.95691 1.18967 1.58896 1.1134 1.67277 1.60844 0.520671 0.989806 1.05761
0.989806 0.791845 1.42989 0.926347 2.9761 1.07057 0.389831 1.1134 0.791845 1.73968
1.15793 0.879934 0.926347 0.951737 1.42989 1.71862 1.33822 1.78737 1.78737 0.770721
1.25242 1.20425 1.23726 2.82699 2.94007 1.07057 1.18967 1.28675 1.09992 2.64574
1.60844 1.44742 2.82699 1.14391 1.18967 1.48709 1.67277 1.88164 1.33822 1.73968
1.15793 2.71826 1.18967 1.73968 1.00194 1.04201 1.93322 1.56553 1.78737 1.44742
1.60844 1.54657 1.73968 1.73968 1.88164 1.48709 0.585684 0.879934 0.890718 0.989806
2.01054 3.02065 1.67277 2.44613 1.50531 1.33822 1.88164 0.563158 2.82699 1.09992
1.80927 2.44613 1.78737 1.88164 3.30717 2.01054 1.23726 1.71862 1.20425 2.26159
1.80927 1.33822 0.676873 0.823519 
>categories:
0 0
>mixtureAssignment:
0 0 0 0 0 0 0 0 0 0 0 0 0 0 0 0 0 0 0 0 0 0 0 0 0 0 0 0 0 0 0 0 0 0 0 0 0 0 0 0 0 0 0 0 0 0 0 0 0 0
0 0 0 0 0 0 0 0 0 0 0 0 0 0 0 0 0 0 0 0 0 0 0 0 0 0 0 0 0 0 0 0 0 0 0 0 0 0 0 0 0 0 0 0 0 0 0 0 0 0
0 0 0 0 0 0 0 0 0 0 0 0 0 0 0 0 0 0 0 0 0 0 0 0 0 0 0 0 0 0 0 0 0 0 0 0 0 0 0 0 0 0 0 0 0 0 0 0 0 0
0 0 0 0 0 0 0 0 0 0 0 0 0 0 0 0 0 0 0 0 0 0 0 0 0 0 0 0 0 0 0 0 0 0 0 0 0 0 0 0 0 0 0 0 0 0 0 0 0 0
0 0 0 0 0 0 0 0 0 0 0 0 0 0 0 0 0 0 0 0 0 0 0 0 0 0 0 0 0 0 0 0 0 0 0 0 0 0 0 0 0 0 0 0 0 0 0 0 0 0
0 0 0 0 0 0 0 0 0 0 0 0 0 0 0 0 0 0 0 0 0 0 0 0 0 0 0 0 0 0 0 0 0 0 0 0 0 0 0 0 0 0 0 0 0 0 0 0 0 0
0 0 0 0 0 0 0 0 0 0 0 0 0 0 0 0 0 0 0 0 0 0 0 0 0 0 0 0 0 0 0 0 0 0 0 0 0 0 0 0 0 0 0 0 0 0 0 0 0 0
0 0 0 0 0 0 0 0 0 0 0 0 0 0 0 0 0 0 0 0 0 0 0 0 0 0 0 0 0 0 0 0 0 0 0 0 0 0 0 0 0 0 0 0 0 0 0 0 0 0
0 0 0 0 0 0 0 0 0 0 0 0 0 0 0 0 0 0 0 0 0 0 0 0 0 0 0 0 0 0 0 0 0 0 0 0 0 0 0 0 0 0 0 0 0 0 0 0 0 0
0 0 0 0 0 0 0 0 0 0 0 0 0 0 0 0 0 0 0 0 0 0 0 0 0 0 0 0 0 0 0 0 0 0 0 0 0 0 0 0 0 0 0 0 0 0 0 0 0 0
0 0 0 0 0 0 0 0 0 0 0 0 0 0 0 0 0 0 0 0 0 0 0 0 0 0 0 0 0 0 0 0 0 0 0 0 0 0 0 0 0 0 0 0 0 0 0 0 0 0
0 0 0 0 0 0 0 0 0 0 0 0 0 0 0 0 0 0 0 0 0 0 0 0 0 0 0 0 0 0 0 0 0 0 0 0 0 0 0 0 0 0 0 0 0 0 0 0 0 0
0 0 0 0 0 0 0 0 0 0 0 0 0 0 0 0 0 0 0 0 0 0 0 0 0 0 0 0 0 0 0 0 0 0 0 0 0 0 0 0 0 0 0 0 0 0 0 0 0 0
0 0 0 0 0 0 0 0 0 0 0 0 0 0 0 0 0 0 0 0 0 0 0 0 0 0 0 0 0 0 0 0 0 0 0 0 0 0 0 0 0 0 0 0 0 0 0 0 0 0
0 0 0 0 0 0 0 0 0 0 0 0 0 0 0 0 0 0 0 0 0 0 0 0 0 0 0 0 0 0 0 0 0 0 0 0 0 0 0 0 0 0 0 0 0 0 0 0 0 0
0 0 0 0 0 0 0 0 0 0 0 0 0 0 0 0 0 0 0 0 0 0 0 0 0 0 0 0 0 0 0 0 0 0 0 0 0 0 0 0 0 0 0 0 0 0 0 0 0 0
0 0 0 0 0 0 0 0 0 0 0 0 0 0 0 0 0 0 0 0 0 0 0 0 0 0 0 0 0 0 0 0 0 0 0 0 0 0 0 0 0 0 0 0 0 0 0 0 0 0
0 0 0 0 0 0 0 0 0 0 0 0 0 0 0 0 0 0 0 0 0 0 0 0 0 0 0 0 0 0 0 0 0 0 0 0 0 0 0 0 0 0 0 0 0 0 0 0 0 0
0 0 0 0 0 0 0 0 0 0 0 0 0 0 0 0 0 0 0 0 0 0 0 0 0 0 0 0 0 0 0 0 0 0 0 0 0 0 0 0 0 0 0 0 0 0 0 0 0 0
0 0 0 0 0 0 0 0 0 0 0 0 0 0 0 0 0 0 0 0 0 0 0 0 0 0 0 0 0 0 0 0 0 0 0 0 0 0 0 0 0 0 0 0 0 0 0 0 0 0
0 0 0 0 0 0 0 0 0 0 0 0 0 0 0 0 0 0 0 0 0 0 0 0 0 0 0 0 0 0 0 0 0 0 0 0 0 0 0 0 0 0 0 0 0 0 0 0 0 0
0 0 0 0 0 0 0 0 0 0 0 0 0 0 0 0 0 0 0 0 0 0 0 0 0 0 0 0 0 0 0 0 0 0 0 0 0 0 0 0 0 0 0 0 0 0 0 0 0 0
0 0 0 0 0 0 0 0 0 0 0 0 0 0 0 0 0 0 0 0 0 0 0 0 0 0 0 0 0 0 0 0 0 0 0 0 0 0 0 0 0 0 0 0 0 0 0 0 0 0
0 0 0 0 0 0 0 0 0 0 0 0 0 0 0 0 0 0 0 0 0 0 0 0 0 0 0 0 0 0 0 0 0 0 0 0 0 0 0 0 0 0 0 0 0 0 0 0 0 0
0 0 0 0 0 0 0 0 0 0 0 0 0 0 0 0 0 0 0 0 0 0 0 0 0 0 0 0 0 0 0 0 0 0 0 0 0 0 0 0 0 0 0 0 0 0 0 0 0 0
0 0 0 0 0 0 0 0 0 0 0 0 0 0 0 0 0 0 0 0 0 0 0 0 0 0 0 0 0 0 0 0 0 0 0 0 0 0 0 0 0 0 0 0 0 0 0 0 0 0
0 0 0 0 0 0 0 0 0 0 0 0 0 0 0 0 0 0 0 0 0 0 0 0 0 0 0 0 0 0 0 0 0 0 0 0 0 0 0 0 0 0 0 0 0 0 0 0 0 0
0 0 0 0 0 0 0 0 0 0 0 0 0 0 0 0 0 0 0 0 0 0 0 0 0 0 0 0 0 0 0 0 0 0 0 0 0 0 0 0 0 0 0 0 0 0 0 0 0 0
0 0 0 0 0 0 0 0 0 0 0 0 0 0 0 0 0 0 0 0 0 0 0 0 0 0 0 0 0 0 0 0 0 0 0 0 0 0 0 0 0 0 0 0 0 0 0 0 0 0
0 0 0 0 0 0 0 0 0 0 0 0 0 0 0 0 0 0 0 0 0 0 0 0 0 0 0 0 0 0 0 0 0 0 0 0 0 0 0 0 0 0 0 0 0 0 0 0 0 0
0 0 0 0 0 0 0 0 0 0 0 0 0 0 0 0 0 0 0 0 0 0 0 0 0 0 0 0 0 0 0 0 0 0 0 0 0 0 0 0 0 0 0 0 0 0 0 0 0 0
0 0 0 0 0 0 0 0 0 0 0 0 0 0 0 0 0 0 0 0 0 0 0 0 0 0 0 0 0 0 0 0 0 0 0 0 0 0 0 0 0 0 0 0 0 0 0 0 0 0
0 0 0 0 0 0 0 0 0 0 0 0 0 0 0 0 0 0 0 0 0 0 0 0 0 0 0 0 0 0 0 0 0 0 0 0 0 0 0 0 0 0 0 0 
>numMutationCategories:
1
>numSelectionCategories:
1
>categoryProbabilities:
1 
>selectionIsInMixture:
***
0 
>mutationIsInMixture:
***
0 
>obsPhiSets:
0
>currentSynthesisRateLevel:
***
1.6622 0.590785 0.872647 1.31208 1.22295 0.69841 0.70948 0.956421 0.572087 0.772634
0.922045 0.187166 0.840517 1.45634 1.5741 2.50907 1.30785 0.632396 0.535115 1.99001
1.25981 0.708764 0.855023 1.04631 0.764446 2.23121 1.43744 0.622062 0.233806 0.759825
0.661234 1.04642 1.84537 0.607169 0.70176 0.808548 1.03925 0.364279 1.15952 0.288422
1.20005 1.19081 2.88303 1.46936 0.548718 3.65758 2.02754 4.35409 0.708368 2.61927
3.38537 0.983085 0.879003 0.647539 3.93181 2.97316 4.48871 3.17736 4.39145 3.23254
2.30319 1.49394 1.92974 1.08836 1.10753 1.03154 1.28003 1.99454 0.296111 0.513112
1.10389 0.599538 0.851536 1.21343 1.13422 1.32688 1.5525 1.33875 0.821872 1.91015
3.67882 0.55721 1.39795 0.89509 1.48578 0.432299 0.335519 0.943894 0.787934 2.15888
1.17871 0.873339 3.03667 0.380542 1.87694 2.30136 1.06041 0.722012 1.5556 0.489339
1.42141 1.00956 2.17034 1.12462 0.615936 1.34754 0.568956 5.1082 0.752943 1.15719
0.681672 0.872178 1.58442 0.501927 0.439086 1.07119 1.0717 1.54047 0.757627 0.60929
0.750841 2.86714 0.736942 0.468337 0.301819 0.786201 0.682077 0.280671 0.447656 0.379332
0.522176 0.821525 0.365998 1.92217 0.563945 1.0647 0.282256 0.794003 3.91686 2.4017
2.10435 1.20789 1.28931 0.872964 1.79239 0.910262 1.12808 1.04523 0.832761 0.127562
1.07096 4.10205 0.907471 0.994065 1.10853 0.627171 0.308552 4.29639 1.80556 1.14213
1.17767 2.49106 1.99158 2.29016 0.640436 1.59818 1.04965 0.635817 0.553264 0.522336
0.545183 0.827466 0.766308 0.802522 2.60428 0.622316 0.465697 0.153847 0.564817 2.12971
3.80425 2.75103 2.50034 3.09915 3.0145 1.03107 0.843338 2.2325 0.846174 1.16518
0.565803 0.610891 0.25015 0.949441 2.60069 1.02596 2.01501 2.28578 1.84155 0.929563
1.17217 0.508361 1.16819 1.08802 2.10869 0.675246 4.22212 3.15804 2.86832 0.626651
0.480476 0.60772 0.765589 0.622585 1.3985 2.62808 0.616441 0.799223 0.792198 0.754461
1.72428 0.454622 0.726959 0.711551 0.802023 0.280608 0.508242 0.45662 0.925653 0.581585
1.26195 0.517855 0.839552 0.832656 1.6156 1.3206 1.07649 1.50745 1.62772 1.13775
0.983798 3.89278 0.903744 1.92599 0.526186 1.5664 1.16508 0.210456 0.24529 1.50099
1.40876 0.994072 0.81937 1.48796 0.826778 0.911969 1.35261 2.08301 0.585532 0.664515
0.910018 1.10668 0.218139 0.585105 1.06039 0.992302 1.54072 0.651694 1.30566 1.13881
2.12102 0.915197 0.39049 0.886426 0.665454 0.720075 0.602247 2.56336 0.599228 2.31329
1.49342 1.32312 1.1941 0.67191 0.470397 0.763459 0.812829 0.304595 0.485207 4.68579
0.446795 1.12022 0.28299 0.963595 0.567599 0.657601 0.229282 0.393576 0.322568 0.4393
0.306271 1.08992 0.18032 0.721036 0.774337 0.514882 1.34628 0.666573 0.485903 0.204897
1.61229 0.167266 2.16026 0.459907 0.556538 0.922481 1.27027 2.11563 0.44367 0.526415
0.590722 1.40453 1.05967 0.779276 0.849663 0.131891 1.42989 0.452416 1.25126 0.700185
0.826472 0.557886 0.516327 1.34284 1.16212 1.84897 0.437534 1.01876 2.7581 2.12274
3.38045 1.20793 1.32887 0.506972 0.570418 1.13754 0.647747 0.476406 0.393929 0.405993
0.276351 0.447869 0.608212 0.263422 0.742929 0.522292 0.744496 0.76857 1.10433 0.372915
1.74115 0.916205 0.334038 0.522456 1.38831 0.713631 0.382866 0.813747 1.83557 1.51023
1.52825 0.530442 0.717575 1.96123 0.292172 0.449008 1.31325 1.01512 1.38227 2.00023
1.32585 0.414235 0.406298 1.14051 2.25789 1.24787 0.659661 0.454363 0.357291 0.591269
1.66581 1.78764 1.10534 0.102174 1.41365 0.58818 0.769818 1.64277 1.65379 3.28284
4.06654 3.24266 1.23813 0.558658 0.735144 0.448237 0.242005 0.510343 1.57084 0.655506
0.843972 0.405976 0.603369 1.46296 2.04997 2.19132 1.01234 1.27286 0.685143 0.688572
1.43897 0.728586 0.369098 0.147695 1.3057 0.183586 0.768232 0.434743 1.4906 1.12571
0.245356 0.386428 0.92543 0.978085 1.86687 0.300776 0.850823 0.321677 1.38444 1.78221
1.14301 0.644223 0.43423 1.29567 0.983062 0.180478 0.577289 1.01093 1.87125 0.566533
0.454612 0.308768 0.800809 0.29899 1.17485 0.720058 1.05982 1.64584 0.473679 0.373938
0.325374 1.27002 0.695678 0.811781 0.77563 0.47566 0.680408 0.796543 1.1975 0.42706
0.285109 0.719351 0.3804 0.425317 0.241585 1.15621 0.723942 0.593399 0.662651 2.34988
0.556389 0.341611 0.332703 0.442771 0.656758 3.38742 1.00734 0.44828 0.627139 1.3429
0.967443 0.708482 0.34761 0.899303 1.38531 0.958897 1.16044 0.577009 0.32687 1.57044
0.916242 0.813026 1.06465 0.881329 1.31908 0.360858 0.906935 0.662391 0.537463 0.725433
1.41564 0.943072 0.751945 0.701101 0.947266 0.609705 0.783707 0.552715 0.477538 0.576492
0.23155 1.17917 0.620742 0.511133 0.474605 0.590276 1.04002 0.559936 1.37232 0.96828
1.22025 0.510749 0.525548 0.279422 0.614626 2.33831 0.384246 1.34359 0.410292 0.460012
0.346088 1.52763 1.09799 0.612885 0.684236 1.47677 0.940748 2.51354 0.548114 0.756516
1.78132 0.380872 0.152695 0.312432 0.97925 0.270571 1.03275 0.574914 0.643459 1.32537
1.2541 0.740981 0.626893 0.685223 0.447277 0.759912 1.34854 0.66692 1.79058 0.650229
1.60609 1.33898 1.51399 0.532884 1.14391 1.60799 0.666241 0.624907 1.08642 0.435432
0.764378 0.408843 1.38837 0.541915 0.464616 0.681116 1.12895 4.07207 1.43072 1.06764
1.35704 1.06432 0.638159 0.446411 0.728163 0.284264 0.70801 0.867409 1.41193 0.977696
0.912376 2.81792 0.802194 0.299744 0.449013 0.584222 0.231687 1.5922 1.12056 2.71455
0.77092 0.764456 0.87456 1.88406 0.880231 0.556156 0.948206 0.390995 1.45931 0.537328
0.957132 0.558977 0.449893 0.562177 0.737325 1.02043 0.798628 0.819335 1.14496 2.49035
1.05037 0.464362 0.601033 0.30935 0.570471 0.746 0.674316 1.14823 0.238512 2.7278
1.94503 0.557431 1.11133 0.667617 0.407343 1.24693 0.638348 0.930201 0.54982 0.572441
0.608877 1.6703 0.46646 0.943924 1.68042 0.569025 0.822635 0.420764 0.484947 0.767865
0.517897 1.25129 0.719857 0.302043 1.53566 0.648953 0.60892 0.608827 0.736822 0.378469
1.46128 0.760996 0.771723 0.448562 0.724062 0.89562 1.53251 0.761759 1.04143 0.314476
0.602739 2.65776 0.535377 1.07966 0.571576 0.493915 0.890213 0.480956 0.661944 0.747062
0.805875 0.376885 0.309972 0.4041 0.342863 1.81821 1.24056 1.68632 0.227351 0.37047
0.332002 0.820606 0.894775 1.17559 1.65279 0.717517 0.262375 0.70031 0.237092 0.212971
1.08544 0.448445 0.250905 1.10162 1.98705 0.592963 0.675239 0.387834 0.757122 0.893731
0.365492 0.504902 1.98391 0.870908 0.713246 0.711893 0.837138 1.46069 1.14792 0.357296
0.411596 0.872417 0.842778 0.295732 1.65055 0.525467 0.316655 0.199505 1.44941 1.99946
0.637801 0.299755 0.530523 0.438368 0.613662 0.908935 0.703629 1.25456 1.41921 0.416563
0.73597 0.631542 1.22706 1.22605 1.93602 0.555073 0.931502 0.569997 1.16547 1.83334
4.22674 0.34476 0.89303 0.842967 0.832574 1.73981 0.628318 1.16962 0.888038 1.63169
0.896981 0.809638 0.824854 0.641947 0.557278 1.60692 0.735233 0.64335 0.751938 0.698664
0.630377 0.902093 1.13901 0.477214 1.05723 1.63509 0.98565 0.502111 0.601518 0.25197
1.37507 1.32917 1.07632 1.18928 0.379687 0.429823 0.624542 1.38994 0.574885 1.96599
0.933346 0.290275 0.891519 1.4515 0.589957 1.80842 0.231998 0.93464 0.764661 0.2562
0.815194 0.701654 1.47145 0.473758 0.737062 0.177637 1.19458 0.687295 1.21138 1.39448
0.815732 0.981719 0.997256 0.797571 2.36512 2.07843 1.34608 0.525681 0.988463 0.725633
0.516478 0.956883 0.777368 0.629782 1.32532 0.973903 0.646773 1.76252 1.48059 1.48502
1.37351 2.24802 1.00876 3.04827 0.226548 1.27796 0.723433 0.443892 0.795547 1.26451
0.413649 0.53898 1.06199 1.13319 1.38438 1.30458 0.590645 1.03821 1.79008 0.435013
1.07552 0.890352 0.444664 1.25091 1.03373 0.259679 0.450638 0.878191 0.742258 0.798658
0.446 0.410959 1.09853 0.474969 0.667929 0.843129 0.334144 0.550122 0.428125 1.09381
0.699351 0.662284 1.81003 0.768281 1.75101 0.8926 0.676394 1.54715 0.186153 0.776962
0.529321 0.746786 2.44408 2.27205 0.494336 0.661423 1.90396 0.907744 0.520409 0.501312
1.2222 0.772921 0.762595 0.798872 1.52198 0.66545 1.21417 0.879293 1.33936 0.847331
1.40233 0.5078 0.84685 0.616214 1.39517 0.818673 0.444331 1.96306 0.807692 1.92314
0.5143 1.25933 1.67229 0.758333 1.35175 0.496214 0.582855 0.632913 0.671965 0.647427
0.358667 0.872938 0.710125 0.988711 1.16222 2.40495 0.60972 0.271877 0.448233 1.40226
1.3479 0.91605 0.342357 0.737039 1.03631 0.147383 0.58226 1.46486 0.345186 1.01608
1.1831 0.781872 0.341555 0.320878 0.417225 0.942784 0.771377 1.78121 0.831302 1.58822
0.581832 0.983579 0.549509 0.313069 1.76312 0.638109 0.498925 1.16632 0.717246 0.69976
0.256941 2.13788 0.800414 1.1163 0.287707 0.524818 0.573806 0.881404 1.89373 1.27677
0.835099 2.19587 0.726669 0.343302 1.04707 0.726717 2.69639 0.629048 0.448193 0.314671
0.874186 2.21108 0.523815 1.2423 0.527465 0.379388 0.465039 0.609712 0.865391 0.63958
1.07445 1.10573 0.439015 0.389285 0.130744 0.52467 0.882698 0.588705 1.40002 0.820946
0.88629 0.491426 0.994878 0.82545 1.64733 0.205595 1.18221 1.22524 0.458341 1.74754
1.10899 0.657528 0.487109 0.788226 0.691597 0.912668 1.41442 0.657244 1.76448 1.26668
1.45816 0.763079 0.480695 0.465282 0.339924 0.324503 1.01466 0.416926 1.04715 0.661342
1.8476 0.890904 3.02984 0.86709 0.315032 0.753664 0.941293 0.249965 0.480756 0.3966
0.730558 0.651531 0.715537 1.19946 0.459399 0.762831 1.86038 1.32167 0.716591 0.762032
0.862554 1.10715 0.64894 1.45556 0.501587 0.770911 2.35485 0.86348 0.936837 0.156962
1.01398 0.814989 0.667147 0.913179 0.701238 0.812122 1.345 1.00182 0.726651 0.843385
0.276869 1.88939 1.1419 0.820958 0.471603 0.817473 0.999166 0.48344 1.02265 0.624243
1.11293 1.11542 0.554414 0.190868 0.841099 2.12232 1.26196 0.80357 0.860959 0.335671
0.420549 0.633546 0.569364 1.30602 0.236224 1.38306 0.982227 0.926529 0.231799 0.984162
1.08986 1.01816 0.771336 0.594742 0.668296 0.891336 0.558686 1.56604 1.33403 0.183088
0.562937 0.68081 1.26816 0.965023 0.671296 0.791222 0.847924 0.498235 0.962301 0.431488
0.482368 0.914098 0.242794 1.78738 1.15234 1.28448 0.448648 0.942419 1.57552 0.976803
1.5696 1.82679 1.23998 2.14057 0.829533 2.1348 0.22746 0.949455 0.815121 1.41206
1.24597 1.82616 1.55473 1.27464 0.938097 0.874693 0.684564 0.500594 0.424084 0.460426
1.77077 0.480363 0.869868 0.842105 0.853712 1.44759 1.76817 1.03395 0.703846 0.879615
0.647263 0.758383 0.305548 0.863047 1.38479 0.543243 0.894599 0.373536 0.674521 0.366382
0.814608 1.08199 1.25779 1.06958 0.933888 0.472514 2.20864 1.145 0.391187 1.10058
2.0594 1.38849 1.42157 0.541547 0.61885 0.948586 0.786236 1.10925 1.48122 0.733809
1.95246 0.420978 3.03155 0.473314 0.76444 0.605275 1.59045 0.783965 1.54047 1.54815
1.79111 1.45465 1.20317 0.342952 1.58554 0.568513 0.798987 1.51568 2.88285 0.804813
1.93814 0.63205 1.04287 0.9125 0.968039 0.841993 0.838441 0.955727 2.12997 1.44248
0.395953 0.692803 0.894878 0.823273 0.624395 0.960448 0.705078 0.664496 0.479958 0.958028
1.61881 0.840782 0.458729 0.888883 0.810073 0.753555 0.332804 1.38901 1.08193 0.161736
0.347354 1.76452 0.485106 2.40587 2.10333 2.02284 1.94845 1.54809 0.568634 0.689658
0.979532 0.443976 1.04794 1.6955 1.90423 0.80375 0.285424 0.947011 0.607187 1.21836
0.913865 1.29305 0.201164 1.55334 0.698956 0.801353 0.575939 0.555006 1.64168 1.90537
1.82374 1.07917 0.813453 0.331097 0.529638 0.59277 0.921797 0.530565 0.939995 1.20695
0.58913 0.656709 0.583727 1.29056 1.22301 0.765174 0.759312 1.3549 1.13792 1.43084
0.613948 0.874768 0.399576 3.4559 0.53652 0.866102 1.16562 0.372023 2.56009 1.72726
1.18901 0.620312 1.0685 1.98759 1.06683 0.992901 0.10817 1.70169 0.242439 1.32141
0.546142 1.90657 0.864171 0.368461 1.07985 0.613882 0.507676 0.735404 1.53705 0.727879
0.606274 0.599022 0.559893 0.815486 0.243106 0.313015 0.535809 1.2499 0.448499 0.307222
0.703097 0.19385 0.272436 1.18345 0.584394 0.237149 1.28652 0.551252 0.234536 1.55753
0.680575 1.03535 1.60837 0.997879 1.66837 0.98592 1.10409 0.480217 1.1257 0.557157
1.64371 0.609141 0.413909 1.03013 0.391759 0.49087 0.638081 1.70743 1.18602 1.61169
2.28633 0.263941 1.95746 0.544794 0.907305 0.467864 0.351463 1.35901 1.06244 0.741005
0.854662 0.60739 0.865586 0.191225 1.05702 0.741525 0.861845 0.676952 0.444305 2.24757
0.456556 1.73442 1.28036 0.20907 1.14509 0.540012 0.926814 1.18403 1.85526 1.15903
1.63162 0.704757 1.04962 0.76269 1.53925 1.0422 0.632757 1.71218 0.464167 1.29341
1.62774 1.66251 0.781862 1.3071 0.45241 0.774489 0.608844 0.838587 0.479882 1.50917
4.82708 1.23365 1.23102 0.840417 1.48875 0.723365 1.9015 1.05857 1.77342 0.509162
0.461894 1.00908 0.950079 2.09267 1.55817 1.19478 0.984721 0.993632 0.825113 0.573712
0.727865 0.403245 0.955542 1.41818 1.72685 0.615589 0.554116 1.05755 0.796009 1.01623
1.04094 0.830549 1.30432 2.07667 0.723175 1.22254 1.30095 0.42423 0.667375 1.01058
0.554167 1.19435 0.943363 0.284448 1.94515 1.45095 1.4592 2.29719 0.518999 0.786314
1.641 2.21621 1.16533 0.287161 1.15471 0.372996 0.484041 0.891944 0.845218 0.548307
0.3383 1.69365 1.3732 0.433474 0.457276 0.329795 1.54277 1.00571 0.920946 0.79972
0.371079 0.464706 0.414435 1.03518 0.74368 1.1417 1.03741 0.339469 0.881283 0.434791
0.388544 1.37045 0.87505 0.985755 0.234645 1.05417 1.23378 0.238784 0.697763 0.285895
0.505911 1.58979 1.32361 0.46437 0.676461 0.769713 0.430069 0.709562 0.761594 0.851317
0.42132 1.48109 0.962465 1.66813 1.75882 1.86443 0.27484 0.781416 0.518991 2.3109
0.273432 0.822721 1.43551 0.62281 0.338974 0.571108 1.13567 1.17153 1.23746 0.597948
0.415428 3.12175 0.552449 0.687737 0.470394 0.491828 0.699812 1.13558 0.814894 0.636592
0.69139 0.801862 0.766121 0.373447 0.521704 0.327945 0.310804 0.744329 0.424886 0.957107
0.243364 0.881592 0.353477 1.20304 0.388476 1.3195 0.994348 1.23465 1.4289 0.789641
0.576776 0.993577 1.85792 2.36011 0.369062 0.268375 0.380549 0.554552 0.614662 0.893684
0.298548 0.529146 0.584242 1.3776 0.673539 0.333455 1.21946 0.743073 0.897711 1.61032
0.310247 0.166722 0.258155 1.90941 0.713742 0.643808 0.738621 0.535048 1.43702 0.496843
0.42153 0.403049 1.21636 0.512095 0.838818 0.844611 0.753118 0.159035 0.484239 0.817768
0.704205 0.8078 0.402678 0.47052 0.186088 0.47114 1.03047 0.678758 1.85226 0.825275
0.825675 0.571854 0.482756 0.423675 0.556156 0.639176 0.370129 1.09173 0.227667 0.662751
0.854649 1.55871 0.939663 0.508048 3.14372 0.227588 1.323 0.419301 1.4974 0.405896
0.802618 0.950293 1.21671 0.811594 
>noiseOffset:
>observedSynthesisNoise:
>std_NoiseOffset:
>mutation_prior_mean:
***
0 0 0 0 0 0 0 0 0 0
0 0 0 0 0 0 0 0 0 0
0 0 0 0 0 0 0 0 0 0
0 0 0 0 0 0 0 0 0 0
>mutation_prior_sd:
***
0.35 0.35 0.35 0.35 0.35 0.35 0.35 0.35 0.35 0.35
0.35 0.35 0.35 0.35 0.35 0.35 0.35 0.35 0.35 0.35
0.35 0.35 0.35 0.35 0.35 0.35 0.35 0.35 0.35 0.35
0.35 0.35 0.35 0.35 0.35 0.35 0.35 0.35 0.35 0.35
>std_csp:
0.00773001 0.00773001 0.00773001 4.6211e+11 2.06281e+10 1.87092e+07 1.30493e+06 0.00929087 0.00929087 0.00929087
1.52574e+10 0.027263 0.027263 98443.6 0.00122861 0.00122861 0.00122861 0.00122861 0.00122861 1.90771e+08
0.0134218 0.0134218 0.0134218 1.05587e+12 0.00127775 0.00127775 0.00127775 0.00127775 0.00127775 0.00316621
0.00316621 0.00316621 0.00400627 0.00400627 0.00400627 0.0226828 0.0226828 0.0226828 4.19123e+08 5.03754e+08
>currentMutationParameter:
***
-0.567492 0.865083 0.607914 0.761738 1.00443 -0.978868 0.743923 -0.618237 0.578625 0.733895
0.962626 0.438024 1.10522 -1.27758 0.481824 0.883568 0.574763 0.22302 -0.304752 1.10662
-0.373162 0.856369 0.203706 -0.685593 -0.933286 0.00260119 -1.01651 0.87864 0.0642141 -0.606415
0.753327 0.436695 -0.449683 1.12807 0.614262 0.425957 1.10135 0.442752 0.818483 0.912393
>currentSelectionParameter:
***
0.649529 -0.259219 0.38647 -0.552096 -0.333201 0.506691 -0.889965 -0.438674 -0.069843 0.0883785
-0.546745 0.977844 -0.630188 0.954063 0.473898 -0.52997 -0.0737527 -0.284333 1.26209 -0.678813
-0.744273 -0.195447 -0.267 0.0429888 0.526327 0.929524 0.970084 -0.0973055 0.746185 0.443944
-0.344496 -0.0423653 0.463592 -0.51272 0.236179 0.503127 -0.466631 0.0394101 -0.663693 -0.581898
>covarianceMatrix:
A
0.000224895	0.000115681	0.000128236	-0.000176684	-9.83509e-05	-0.00011197	
0.000115681	0.000233197	0.000154239	-8.09862e-05	-0.000144893	-0.000108221	
0.000128236	0.000154239	0.000322901	-8.37474e-05	-9.39002e-05	-0.000204534	
-0.000176684	-8.09862e-05	-8.37474e-05	0.000207489	9.37963e-05	0.00012084	
-9.83509e-05	-0.000144893	-9.39002e-05	9.37963e-05	0.000121268	9.12693e-05	
-0.00011197	-0.000108221	-0.000204534	0.00012084	9.12693e-05	0.000213736	
***
>covarianceMatrix:
C
0.00107563	-0.000744885	
-0.000744885	0.000745823	
***
>covarianceMatrix:
D
0.000830811	-0.000628088	
-0.000628088	0.000582148	
***
>covarianceMatrix:
E
0.000385176	-0.000262324	
-0.000262324	0.000267261	
***
>covarianceMatrix:
F
0.000734787	-0.000561137	
-0.000561137	0.000583032	
***
>covarianceMatrix:
G
0.000233733	0.000203593	0.000130412	-0.000109865	-8.43398e-05	-2.9505e-05	
0.000203593	0.000743038	0.000339333	-4.34268e-05	-0.000345275	-7.674e-05	
0.000130412	0.000339333	0.000659307	3.70807e-05	-9.68684e-05	-0.000256798	
-0.000109865	-4.34268e-05	3.70807e-05	0.000122369	6.12731e-05	-1.2156e-06	
-8.43398e-05	-0.000345275	-9.68684e-05	6.12731e-05	0.000259716	1.0218e-05	
-2.9505e-05	-7.674e-05	-0.000256798	-1.2156e-06	1.0218e-05	0.000178771	
***
>covarianceMatrix:
H
0.00145854	-0.00118042	
-0.00118042	0.00131515	
***
>covarianceMatrix:
I
0.000595828	2.43943e-06	-0.000472968	1.65907e-05	
2.43943e-06	0.000323821	0.000113057	-0.000243926	
-0.000472968	0.000113057	0.00059914	-0.000113568	
1.65907e-05	-0.000243926	-0.000113568	0.000264646	
***
>covarianceMatrix:
K
0.000558977	-0.000390159	
-0.000390159	0.00037265	
***
>covarianceMatrix:
L
0.000342359	5.02391e-05	8.83572e-05	1.76824e-05	1.06891e-05	-0.000164346	8.68041e-06	-3.84374e-05	2.71656e-05	1.22802e-05	
5.02391e-05	0.000210335	9.74876e-05	6.03142e-05	3.56765e-05	1.35846e-05	-8.12613e-05	-2.94736e-05	-2.47113e-05	-1.25977e-06	
8.83572e-05	9.74876e-05	0.000198792	1.22805e-05	6.38415e-05	-1.31605e-06	-1.44744e-05	-0.000108179	3.91076e-05	-4.82406e-05	
1.76824e-05	6.03142e-05	1.22805e-05	0.000150389	1.11862e-05	1.25835e-05	-9.0311e-06	4.02046e-05	-5.22915e-05	2.29461e-05	
1.06891e-05	3.56765e-05	6.38415e-05	1.11862e-05	0.000155296	2.87815e-05	1.41951e-06	-3.42461e-05	1.14597e-05	-1.52266e-05	
-0.000164346	1.35846e-05	-1.31605e-06	1.25835e-05	2.87815e-05	0.000164811	9.09173e-06	2.28579e-05	-4.54962e-06	-2.64838e-05	
8.68041e-06	-8.12613e-05	-1.44744e-05	-9.0311e-06	1.41951e-06	9.09173e-06	7.14193e-05	1.71912e-05	2.67978e-05	-6.84619e-06	
-3.84374e-05	-2.94736e-05	-0.000108179	4.02046e-05	-3.42461e-05	2.28579e-05	1.71912e-05	0.000121172	-4.14699e-05	3.99314e-05	
2.71656e-05	-2.47113e-05	3.91076e-05	-5.22915e-05	1.14597e-05	-4.54962e-06	2.67978e-05	-4.14699e-05	5.10277e-05	-2.78156e-05	
1.22802e-05	-1.25977e-06	-4.82406e-05	2.29461e-05	-1.52266e-05	-2.64838e-05	-6.84619e-06	3.99314e-05	-2.78156e-05	3.47414e-05	
***
>covarianceMatrix:
N
0.000662284	-0.00047278	
-0.00047278	0.000481752	
***
>covarianceMatrix:
P
0.000379766	8.87499e-05	0.0001245	-0.000207624	-1.45207e-05	-8.52821e-05	
8.87499e-05	0.000748564	8.20683e-05	-3.98193e-05	-0.000444683	-2.13395e-05	
0.0001245	8.20683e-05	0.000242138	-3.35311e-05	1.5269e-05	-5.48595e-05	
-0.000207624	-3.98193e-05	-3.35311e-05	0.000188285	3.54724e-05	6.30451e-05	
-1.45207e-05	-0.000444683	1.5269e-05	3.54724e-05	0.000411284	4.15382e-06	
-8.52821e-05	-2.13395e-05	-5.48595e-05	6.30451e-05	4.15382e-06	6.5802e-05	
***
>covarianceMatrix:
Q
0.00077021	-0.000473563	
-0.000473563	0.000440908	
***
>covarianceMatrix:
R
0.00025826	6.74958e-05	0.00014876	-6.85123e-05	0.000155305	-0.000132271	-1.65745e-05	-1.68715e-05	5.42097e-05	6.46664e-06	
6.74958e-05	0.000377773	0.000141877	7.07545e-07	0.000121847	1.11843e-05	-0.000172511	-5.05377e-05	1.89281e-05	4.7067e-05	
0.00014876	0.000141877	0.000287069	3.10174e-05	0.000107475	4.00652e-06	-9.02097e-05	-0.000104145	2.79122e-05	9.6197e-05	
-6.85123e-05	7.07545e-07	3.10174e-05	0.00027684	-6.9264e-05	9.80623e-05	-1.64167e-05	-7.91171e-05	-4.06933e-05	6.79477e-05	
0.000155305	0.000121847	0.000107475	-6.9264e-05	0.00047451	-2.44698e-05	-1.75225e-05	2.04249e-05	5.81657e-05	-0.000173087	
-0.000132271	1.11843e-05	4.00652e-06	9.80623e-05	-2.44698e-05	0.000160978	-2.18994e-05	-1.95478e-05	-4.00116e-05	2.11787e-05	
-1.65745e-05	-0.000172511	-9.02097e-05	-1.64167e-05	-1.75225e-05	-2.18994e-05	0.000167037	4.60022e-05	-2.30863e-06	-7.49363e-05	
-1.68715e-05	-5.05377e-05	-0.000104145	-7.91171e-05	2.04249e-05	-1.95478e-05	4.60022e-05	0.000106298	2.68778e-06	-6.73172e-05	
5.42097e-05	1.89281e-05	2.79122e-05	-4.06933e-05	5.81657e-05	-4.00116e-05	-2.30863e-06	2.68778e-06	3.68277e-05	-1.71441e-05	
6.46664e-06	4.7067e-05	9.6197e-05	6.79477e-05	-0.000173087	2.11787e-05	-7.49363e-05	-6.73172e-05	-1.71441e-05	0.000211203	
***
>covarianceMatrix:
S
0.000227763	0.000139287	0.000151415	-0.000136229	-0.000100181	-0.000105965	
0.000139287	0.00034491	0.000138079	-7.40387e-05	-0.000257885	-0.000111021	
0.000151415	0.000138079	0.000254057	-8.31407e-05	-7.85953e-05	-0.000154752	
-0.000136229	-7.40387e-05	-8.31407e-05	0.000115268	7.46787e-05	6.4311e-05	
-0.000100181	-0.000257885	-7.85953e-05	7.46787e-05	0.000267893	8.67215e-05	
-0.000105965	-0.000111021	-0.000154752	6.4311e-05	8.67215e-05	0.000141246	
***
>covarianceMatrix:
T
0.000325718	0.000143883	0.000202103	-0.000198465	-6.25236e-05	-8.63724e-05	
0.000143883	0.000465456	0.00017535	-0.000109969	-0.000284312	-9.07025e-05	
0.000202103	0.00017535	0.000469688	-9.33558e-05	-8.3587e-05	-0.000247416	
-0.000198465	-0.000109969	-9.33558e-05	0.000232304	6.39584e-05	9.964e-05	
-6.25236e-05	-0.000284312	-8.3587e-05	6.39584e-05	0.000246996	5.32013e-05	
-8.63724e-05	-9.07025e-05	-0.000247416	9.964e-05	5.32013e-05	0.000273503	
***
>covarianceMatrix:
V
0.000274062	7.1759e-05	2.22961e-05	-0.0001467	-4.06794e-05	5.70394e-06	
7.1759e-05	0.000298734	3.8483e-05	-1.50701e-05	-0.000147802	-7.94181e-06	
2.22961e-05	3.8483e-05	0.00015012	-1.00654e-05	-1.2692e-05	-7.80122e-05	
-0.0001467	-1.50701e-05	-1.00654e-05	0.000200787	3.51047e-05	1.35443e-05	
-4.06794e-05	-0.000147802	-1.2692e-05	3.51047e-05	0.000146064	4.01376e-05	
5.70394e-06	-7.94181e-06	-7.80122e-05	1.35443e-05	4.01376e-05	9.66117e-05	
***
>covarianceMatrix:
Y
0.000803658	-0.00064374	
-0.00064374	0.000765831	
***
>covarianceMatrix:
Z
0.0019424	-0.00161612	
-0.00161612	0.00186127	
***
