>groupList:
A C D E F G H I K L
N P Q R S T V Y Z 
>stdDevSynthesisRate:
0.627539 
>numParam:
40
>numMixtures:
1
>std_stdDevSynthesisRate:
0.1728
>std_phi:
***
0.482681 0.678688 1.49108 1.37858 1.37858 1.37858 1.9384 1.79216 1.9384 1.06045
0.386145 1.10287 0.882294 0.482681 2.51992 1.06045 1.86385 1.10287 1.43373 1.86385
1.43373 1.14698 0.652585 0.678688 1.9384 0.917586 1.55072 0.815731 1.19286 0.627485
0.84836 2.423 0.815731 0.84836 0.882294 1.79216 0.815731 1.49108 0.882294 1.86385
0.417654 0.652585 1.2902 1.86385 0.627485 1.43373 1.43373 0.882294 1.43373 1.10287
0.627485 1.06045 0.882294 0.652585 1.10287 0.882294 1.06045 1.79216 1.10287 1.19286
0.401591 0.917586 0.882294 1.79216 0.678688 0.815731 1.24058 1.37858 1.06045 1.55072
1.9384 1.55072 1.49108 0.882294 0.401591 1.10287 0.652585 1.61275 0.522068 1.86385
0.917586 0.815731 1.9384 0.815731 1.86385 1.19286 0.678688 1.43373 0.815731 0.84836
0.28561 1.14698 0.815731 1.14698 1.19286 0.371293 1.49108 1.86385 0.815731 1.06045
1.14698 0.627485 1.9384 1.37858 1.37858 1.10287 0.652585 1.55072 0.652585 0.917586
0.84836 1.10287 0.917586 1.9384 1.49108 1.49108 1.61275 0.482681 1.06045 1.61275
1.49108 0.815731 1.55072 0.815731 0.84836 1.19286 1.86385 0.627485 1.14698 0.501988
2.01594 2.01594 0.482681 1.14698 0.522068 1.37858 0.482681 0.84836 0.482681 1.06045
1.24058 1.55072 0.705835 1.10287 1.49108 0.815731 0.371293 1.49108 1.14698 1.10287
1.86385 0.482681 1.43373 0.84836 1.49108 1.06045 1.49108 1.19286 0.247133 0.482681
1.55072 0.627485 1.19286 1.43373 1.24058 0.401591 0.678688 0.815731 1.06045 0.84836
0.386145 1.86385 1.49108 1.37858 1.9384 1.55072 1.06045 0.882294 0.501988 1.9384
1.14698 1.49108 1.86385 0.652585 0.321272 0.678688 1.86385 1.49108 0.627485 0.297034
1.14698 1.49108 1.79216 0.815731 1.49108 1.24058 1.86385 1.43373 1.10287 0.917586
1.61275 0.627485 0.705835 2.01594 1.37858 1.49108 1.43373 1.43373 1.10287 0.95429
0.371293 1.79216 0.882294 1.10287 0.678688 0.627485 0.522068 0.652585 0.882294 0.705835
0.28561 1.86385 0.917586 0.627485 0.815731 0.84836 0.627485 1.55072 1.43373 1.49108
0.652585 0.564668 1.06045 1.79216 1.79216 2.01594 1.37858 1.43373 1.10287 0.882294
1.55072 1.79216 0.917586 1.06045 0.501988 1.14698 2.01594 0.371293 1.86385 1.49108
1.37858 2.01594 0.678688 0.237628 1.86385 1.86385 0.371293 1.86385 1.49108 1.86385
1.24058 1.55072 0.678688 1.14698 2.423 0.627485 0.482681 1.49108 0.652585 1.9384
1.9384 0.652585 1.49108 1.24058 0.401591 1.10287 1.79216 1.43373 1.86385 0.54295
1.55072 0.652585 1.86385 2.01594 1.79216 1.55072 1.9384 1.79216 1.10287 0.84836
1.79216 1.55072 1.24058 1.37858 0.882294 0.482681 1.06045 0.815731 1.49108 0.678688
>categories:
0 0
>mixtureAssignment:
0 0 0 0 0 0 0 0 0 0 0 0 0 0 0 0 0 0 0 0 0 0 0 0 0 0 0 0 0 0 0 0 0 0 0 0 0 0 0 0 0 0 0 0 0 0 0 0 0 0
0 0 0 0 0 0 0 0 0 0 0 0 0 0 0 0 0 0 0 0 0 0 0 0 0 0 0 0 0 0 0 0 0 0 0 0 0 0 0 0 0 0 0 0 0 0 0 0 0 0
0 0 0 0 0 0 0 0 0 0 0 0 0 0 0 0 0 0 0 0 0 0 0 0 0 0 0 0 0 0 0 0 0 0 0 0 0 0 0 0 0 0 0 0 0 0 0 0 0 0
0 0 0 0 0 0 0 0 0 0 0 0 0 0 0 0 0 0 0 0 0 0 0 0 0 0 0 0 0 0 0 0 0 0 0 0 0 0 0 0 0 0 0 0 0 0 0 0 0 0
0 0 0 0 0 0 0 0 0 0 0 0 0 0 0 0 0 0 0 0 0 0 0 0 0 0 0 0 0 0 0 0 0 0 0 0 0 0 0 0 0 0 0 0 0 0 0 0 0 0
0 0 0 0 0 0 0 0 0 0 0 0 0 0 0 0 0 0 0 0 0 0 0 0 0 0 0 0 0 0 0 0 0 0 0 0 0 0 0 0 0 0 0 0 0 0 0 0 0 0
>numMutationCategories:
1
>numSelectionCategories:
1
>categoryProbabilities:
1 
>selectionIsInMixture:
***
0 
>mutationIsInMixture:
***
0 
>obsPhiSets:
0
>currentSynthesisRateLevel:
***
1.85826 0.645116 0.763802 1.72355 0.841905 0.473357 0.509897 1.16941 0.445308 0.561816
2.33296 0.501108 1.90802 1.93628 0.780209 2.2087 0.579391 0.94432 1.16839 0.245665
0.452763 0.459995 1.19425 1.67045 0.555978 0.971141 0.505821 0.695286 0.801183 1.376
1.32581 1.1053 0.99547 0.442308 0.6155 0.768094 1.08683 0.52237 0.935477 0.57756
2.20156 1.46151 0.563949 0.344281 0.993914 0.808741 0.94927 1.34066 0.866585 0.918182
1.21156 0.690895 0.555657 0.79385 1.60175 1.14273 1.02268 0.809197 1.0051 0.738527
1.00182 0.508936 0.430377 0.156858 0.804622 1.90966 0.458781 0.894883 0.68014 0.512777
0.271363 0.344821 0.384241 1.01542 1.28983 1.41147 0.899711 0.45988 1.43056 0.275294
0.77479 1.36757 0.291093 1.40705 0.587442 0.765815 1.44765 0.55282 0.888693 0.545076
1.79822 0.613968 0.596017 0.934551 0.438028 1.3374 0.792702 0.183609 1.56311 1.1439
0.341803 2.49674 0.459707 0.488304 1.35077 0.585759 1.32999 0.22786 0.995351 1.31288
0.915478 0.31595 1.84643 1.2444 0.780853 0.555316 0.551437 2.09113 1.7704 0.307564
0.784229 1.13938 0.569327 0.99934 0.815822 0.583111 0.781849 1.27874 0.558441 1.07919
0.417472 0.237556 2.05195 0.663843 1.12505 0.69647 1.97377 0.496123 1.35287 2.00067
0.509501 0.382693 0.568974 0.414464 0.289677 2.95989 1.57982 0.410941 0.494793 1.73177
0.24108 1.38964 0.871847 1.00381 0.152121 0.437574 0.301154 0.54301 2.0268 1.31859
0.457825 1.16859 0.584844 1.11208 0.326416 1.59407 0.828941 1.03029 0.456657 1.16275
1.42603 0.595961 0.969261 0.478445 0.403596 0.466371 1.02933 0.509533 1.0802 0.290845
0.565847 0.600698 0.189122 1.28885 2.50975 1.18212 1.09965 0.446286 0.939242 1.96258
1.32488 0.505931 0.834659 1.30944 0.42192 0.623118 0.456019 0.596771 0.572304 0.557321
0.399509 1.28038 0.842125 0.421695 1.46775 0.497285 0.780416 0.92244 0.447467 0.817297
1.1632 0.306646 0.569935 0.618405 0.858137 1.17518 0.782124 0.881834 0.961458 0.675473
1.72237 0.14999 0.880757 1.1836 0.981895 1.10491 1.24092 0.269106 0.876223 0.636066
1.06922 1.41842 1.44745 0.493861 0.153206 0.608981 0.250419 0.473332 0.446739 0.929153
0.492347 1.12427 0.769888 1.66 1.06811 0.250938 0.563522 1.06227 0.490169 0.503561
0.58274 0.609076 1.00018 1.56958 0.717659 0.453815 2.62937 0.565345 0.323808 0.793582
0.746653 0.241032 0.964198 0.871015 0.392198 1.05645 1.26983 0.307101 1.49235 0.506657
0.408089 1.24088 0.315466 0.8535 1.8191 0.886693 0.348964 0.561626 0.24122 1.2788
0.223295 0.775266 0.333248 0.281732 0.278725 0.537641 0.475547 0.459582 0.623269 0.90751
0.282652 0.245267 0.439018 0.799829 0.81763 1.36543 0.711579 1.17447 0.334813 0.804432
>noiseOffset:
>observedSynthesisNoise:
>std_NoiseOffset:
>mutation_prior_mean:
***
0 0 0 0 0 0 0 0 0 0
0 0 0 0 0 0 0 0 0 0
0 0 0 0 0 0 0 0 0 0
0 0 0 0 0 0 0 0 0 0
>mutation_prior_sd:
***
0.35 0.35 0.35 0.35 0.35 0.35 0.35 0.35 0.35 0.35
0.35 0.35 0.35 0.35 0.35 0.35 0.35 0.35 0.35 0.35
0.35 0.35 0.35 0.35 0.35 0.35 0.35 0.35 0.35 0.35
0.35 0.35 0.35 0.35 0.35 0.35 0.35 0.35 0.35 0.35
>std_csp:
0.04096 0.04096 0.04096 0.482681 3.93738 0.08 0.1 0.064 0.064 0.064
19.005 0.1 0.1 0.13 0.064 0.064 0.064 0.064 0.064 0.1
0.04096 0.04096 0.04096 0.13 0.0262144 0.0262144 0.0262144 0.0262144 0.0262144 0.0512
0.0512 0.0512 0.064 0.064 0.064 0.0512 0.0512 0.0512 0.13 5.11859
>currentMutationParameter:
***
-0.384829 0.763086 0.82282 0.650802 0.851807 -0.88539 0.713708 -0.691294 0.190087 0.43767
0.662452 0.496964 1.16341 -1.01164 0.343888 0.62673 0.550121 0.0478053 -0.346445 0.863964
-0.531322 0.792491 0.407479 -0.876249 -0.68613 0.0893607 -0.588581 1.185 0.636578 -0.439258
0.690371 0.662405 -0.340692 0.912975 0.673154 0.441895 1.05616 0.698911 0.875925 0.763098
>currentSelectionParameter:
***
0.468999 -0.304251 0.00972717 -0.678937 -0.529448 0.593793 -0.75796 -0.374456 -0.099326 -0.0785761
-0.525855 0.523179 -0.911987 0.778037 0.405559 -0.444232 -0.280083 -0.00358298 1.26218 -0.635439
-0.370233 -0.242123 -0.631089 0.354435 0.184916 0.453732 0.490853 -0.603072 -0.00376679 0.326167
-0.458004 -0.288914 0.326078 -0.573131 0.0327281 0.48254 -0.661186 -0.421463 -0.867402 -0.577902
>covarianceMatrix:
A
0.00167633	0.000499327	0.000792948	-0.00128103	-0.000513492	-0.0006649	
0.000499327	0.00238123	0.00082565	-0.000320914	-0.00187422	-0.000679291	
0.000792948	0.00082565	0.00286118	-0.000640996	-0.000814877	-0.00221075	
-0.00128103	-0.000320914	-0.000640996	0.00144932	0.000407978	0.000724523	
-0.000513492	-0.00187422	-0.000814877	0.000407978	0.00212552	0.000958837	
-0.0006649	-0.000679291	-0.00221075	0.000724523	0.000958837	0.00234756	
***
>covarianceMatrix:
C
0.0107231	-0.00838697	
-0.00838697	0.00939875	
***
>covarianceMatrix:
D
0.00691867	-0.00569661	
-0.00569661	0.00615975	
***
>covarianceMatrix:
E
0.00902111	-0.00872512	
-0.00872512	0.0103865	
***
>covarianceMatrix:
F
0.00789662	-0.00713086	
-0.00713086	0.00993308	
***
>covarianceMatrix:
G
0.00235645	0.000909021	0.000838507	-0.0019893	-0.000815624	-0.000599041	
0.000909021	0.00379447	0.00122598	-0.000659035	-0.0035002	-0.00104733	
0.000838507	0.00122598	0.00328435	-0.000685878	-0.00121157	-0.00258955	
-0.0019893	-0.000659035	-0.000685878	0.00250468	0.00111074	0.000934246	
-0.000815624	-0.0035002	-0.00121157	0.00111074	0.00447579	0.00158979	
-0.000599041	-0.00104733	-0.00258955	0.000934246	0.00158979	0.00321906	
***
>covarianceMatrix:
H
0.011698	-0.0101544	
-0.0101544	0.0120546	
***
>covarianceMatrix:
I
0.00352794	9.48321e-05	-0.00290088	-0.000237855	
9.48321e-05	0.00358678	0.000242362	-0.00246608	
-0.00290088	0.000242362	0.00483208	0.000137381	
-0.000237855	-0.00246608	0.000137381	0.00352337	
***
>covarianceMatrix:
K
0.00840908	-0.00798044	
-0.00798044	0.0103111	
***
>covarianceMatrix:
L
0.000554069	0.000126619	9.93755e-05	-0.000101446	-0.000149136	-0.000497413	-5.32939e-05	5.4622e-05	0.000164323	0.000185556	
0.000126619	0.000799601	0.000617696	-7.37027e-05	-0.000732916	-0.000265524	-0.000578442	-0.000673747	0.000124863	0.000923845	
9.93755e-05	0.000617696	0.00151698	-9.05733e-05	-0.000724463	-3.31938e-05	-0.000579645	-0.00140448	0.000361638	0.00140798	
-0.000101446	-7.37027e-05	-9.05733e-05	0.000292676	1.62403e-05	0.000161824	5.06355e-05	4.54415e-05	-0.000212978	-6.99934e-06	
-0.000149136	-0.000732916	-0.000724463	1.62403e-05	0.00159058	0.000295815	0.000782816	0.000917263	-1.25858e-05	-0.00177103	
-0.000497413	-0.000265524	-3.31938e-05	0.000161824	0.000295815	0.000957734	0.000211138	-0.000111692	-0.000131843	-0.000126811	
-5.32939e-05	-0.000578442	-0.000579645	5.06355e-05	0.000782816	0.000211138	0.000744751	0.000725723	-3.76631e-05	-0.000994166	
5.4622e-05	-0.000673747	-0.00140448	4.54415e-05	0.000917263	-0.000111692	0.000725723	0.00177247	-0.000262383	-0.0017023	
0.000164323	0.000124863	0.000361638	-0.000212978	-1.25858e-05	-0.000131843	-3.76631e-05	-0.000262383	0.000558128	0.000244482	
0.000185556	0.000923845	0.00140798	-6.99934e-06	-0.00177103	-0.000126811	-0.000994166	-0.0017023	0.000244482	0.00301146	
***
>covarianceMatrix:
N
0.00879647	-0.00817967	
-0.00817967	0.010493	
***
>covarianceMatrix:
P
0.00233451	0.00105228	0.00107585	-0.00190678	-0.000918875	-0.00100765	
0.00105228	0.00384804	0.000432621	-0.000852067	-0.00299927	-0.000216308	
0.00107585	0.000432621	0.00227912	-0.000815375	-0.000240784	-0.00164355	
-0.00190678	-0.000852067	-0.000815375	0.00228973	0.00116937	0.00127322	
-0.000918875	-0.00299927	-0.000240784	0.00116937	0.00334162	0.000438605	
-0.00100765	-0.000216308	-0.00164355	0.00127322	0.000438605	0.00199057	
***
>covarianceMatrix:
Q
0.0133242	-0.0132941	
-0.0132941	0.0169883	
***
>covarianceMatrix:
R
0.00184988	0.00138486	0.00115126	0.000706276	0.00127987	-0.00149898	-0.00103742	-0.00077436	-0.00032921	-0.000937327	
0.00138486	0.00252408	0.00117419	0.000542714	0.00150631	-0.00111312	-0.00190728	-0.000811335	-0.000242496	-0.00106621	
0.00115126	0.00117419	0.00183266	0.00136548	0.00134531	-0.000835191	-0.000583368	-0.00130809	-0.000705288	-0.000951281	
0.000706276	0.000542714	0.00136548	0.00288065	0.00107335	-0.000448213	-5.95657e-05	-0.00106235	-0.00155676	-0.000673223	
0.00127987	0.00150631	0.00134531	0.00107335	0.00282376	-0.00111058	-0.00109797	-0.00111596	-0.0004342	-0.00185075	
-0.00149898	-0.00111312	-0.000835191	-0.000448213	-0.00111058	0.00165108	0.00106795	0.000772748	0.00034407	0.00106934	
-0.00103742	-0.00190728	-0.000583368	-5.95657e-05	-0.00109797	0.00106795	0.00217276	0.000492449	0.000134643	0.000989782	
-0.00077436	-0.000811335	-0.00130809	-0.00106235	-0.00111596	0.000772748	0.000492449	0.00135417	0.000647626	0.000993121	
-0.00032921	-0.000242496	-0.000705288	-0.00155676	-0.0004342	0.00034407	0.000134643	0.000647626	0.00156068	0.00046455	
-0.000937327	-0.00106621	-0.000951281	-0.000673223	-0.00185075	0.00106934	0.000989782	0.000993121	0.00046455	0.0018101	
***
>covarianceMatrix:
S
0.00198159	0.000988091	0.000972242	-0.00182153	-0.000978016	-0.000914072	
0.000988091	0.00270142	0.00154445	-0.00083639	-0.0022322	-0.00147004	
0.000972242	0.00154445	0.00279633	-0.000929866	-0.00142179	-0.00236998	
-0.00182153	-0.00083639	-0.000929866	0.00234098	0.00107851	0.00109529	
-0.000978016	-0.0022322	-0.00142179	0.00107851	0.0026709	0.00186279	
-0.000914072	-0.00147004	-0.00236998	0.00109529	0.00186279	0.00291286	
***
>covarianceMatrix:
T
0.00123078	-1.81633e-05	0.000151361	-0.000814799	0.000216484	0.000116614	
-1.81633e-05	0.00249813	0.00148047	7.09424e-05	-0.00212839	-0.00183436	
0.000151361	0.00148047	0.00262267	-8.95915e-05	-0.00172533	-0.00269237	
-0.000814799	7.09424e-05	-8.95915e-05	0.00119095	-0.000214432	-4.92638e-05	
0.000216484	-0.00212839	-0.00172533	-0.000214432	0.00282065	0.00234701	
0.000116614	-0.00183436	-0.00269237	-4.92638e-05	0.00234701	0.00379938	
***
>covarianceMatrix:
V
0.00207385	-0.000297412	2.32276e-05	-0.00200026	0.000425768	3.23226e-05	
-0.000297412	0.00261602	0.0010504	0.000450187	-0.00208442	-0.000813562	
2.32276e-05	0.0010504	0.00170201	7.78215e-05	-0.00100161	-0.00151593	
-0.00200026	0.000450187	7.78215e-05	0.00265789	-0.000606049	-8.45947e-05	
0.000425768	-0.00208442	-0.00100161	-0.000606049	0.00237971	0.00123417	
3.23226e-05	-0.000813562	-0.00151593	-8.45947e-05	0.00123417	0.00214252	
***
>covarianceMatrix:
Y
0.0112886	-0.0109887	
-0.0109887	0.0150975	
***
>covarianceMatrix:
Z
0.0176042	-0.0146399	
-0.0146399	0.0166715	
***
