>groupList:
A C D E F G H I K L
N P Q R S T V Y Z 
>stdDevSynthesisRate:
0.737977 
>numParam:
40
>numMixtures:
1
>std_stdDevSynthesisRate:
0.1728
>std_phi:
***
0.297034 0.321272 0.1352 0.297034 0.371293 0.308916 0.297034 0.1352 0.371293 0.371293
0.371293 0.1352 0.297034 0.308916 0.1352 0.321272 1.19286 0.401591 0.627485 0.371293
0.84836 0.627485 0.308916 0.627485 0.815731 0.652585 0.522068 0.882294 0.522068 0.321272
0.815731 1.14698 1.24058 0.482681 0.84836 0.992461 1.14698 0.678688 0.297034 1.19286
1.43373 0.815731 0.1352 0.917586 0.308916 0.28561 1.79216 1.43373 0.917586 0.308916
1.55072 1.10287 1.43373 0.815731 0.522068 1.19286 0.401591 0.386145 0.386145 1.10287
0.652585 0.28561 0.371293 1.19286 1.49108 0.308916 1.06045 1.06045 0.321272 0.992461
0.652585 1.24058 0.815731 0.522068 1.43373 0.297034 0.501988 0.371293 0.522068 0.371293
1.14698 1.19286 0.678688 1.03216 1.19286 1.55072 0.652585 0.95429 0.386145 1.2902
1.14698 0.501988 1.86385 1.86385 0.678688 0.482681 0.401591 1.61275 1.86385 0.678688
0.482681 0.482681 0.84836 0.371293 1.24058 0.815731 0.417654 0.482681 1.43373 1.43373
1.24058 1.86385 0.371293 1.19286 0.386145 0.501988 0.386145 0.652585 1.49108 0.371293
0.482681 0.705835 0.652585 0.482681 1.06045 0.401591 0.84836 1.14698 0.482681 0.627485
0.705835 0.308916 0.652585 0.815731 0.882294 0.371293 0.501988 1.10287 0.501988 0.54295
0.652585 0.501988 0.678688 0.501988 0.652585 1.49108 1.24058 0.501988 0.482681 1.24058
0.678688 1.14698 0.501988 0.308916 0.564668 0.482681 0.482681 0.501988 0.734069 0.522068
0.678688 0.522068 0.627485 0.627485 0.678688 1.19286 0.917586 1.14698 0.917586 0.627485
0.386145 0.371293 1.06045 0.734069 0.482681 0.84836 0.815731 0.917586 0.501988 0.564668
0.564668 0.297034 1.49108 0.84836 1.43373 1.43373 0.95429 1.14698 1.06045 0.627485
0.501988 0.371293 0.678688 1.06045 1.19286 0.734069 0.501988 1.55072 1.43373 1.49108
0.815731 1.49108 0.678688 0.501988 0.705835 0.371293 1.10287 0.501988 0.482681 0.54295
2.01594 0.482681 0.734069 1.49108 0.84836 1.9384 0.522068 0.308916 1.24058 1.49108
0.917586 0.882294 0.705835 1.19286 0.705835 0.54295 0.522068 0.84836 1.55072 0.371293
0.522068 0.917586 0.627485 0.522068 0.43436 0.815731 1.37858 0.678688 0.882294 0.705835
0.84836 0.54295 0.992461 0.564668 1.43373 0.705835 1.55072 0.992461 1.43373 0.522068
0.482681 0.84836 0.627485 0.992461 0.705835 0.678688 0.482681 0.54295 0.734069 0.815731
0.652585 0.95429 0.917586 0.54295 1.06045 0.652585 0.84836 0.54295 0.84836 0.734069
0.522068 0.652585 0.501988 0.84836 0.95429 0.501988 0.501988 0.793969 1.14698 0.652585
1.14698 1.86385 0.564668 1.24058 1.55072 0.992461 0.627485 0.705835 0.501988 0.917586
0.882294 0.297034 0.482681 0.815731 0.95429 0.95429 1.55072 0.501988 0.705835 1.14698
>categories:
0 0
>mixtureAssignment:
0 0 0 0 0 0 0 0 0 0 0 0 0 0 0 0 0 0 0 0 0 0 0 0 0 0 0 0 0 0 0 0 0 0 0 0 0 0 0 0 0 0 0 0 0 0 0 0 0 0
0 0 0 0 0 0 0 0 0 0 0 0 0 0 0 0 0 0 0 0 0 0 0 0 0 0 0 0 0 0 0 0 0 0 0 0 0 0 0 0 0 0 0 0 0 0 0 0 0 0
0 0 0 0 0 0 0 0 0 0 0 0 0 0 0 0 0 0 0 0 0 0 0 0 0 0 0 0 0 0 0 0 0 0 0 0 0 0 0 0 0 0 0 0 0 0 0 0 0 0
0 0 0 0 0 0 0 0 0 0 0 0 0 0 0 0 0 0 0 0 0 0 0 0 0 0 0 0 0 0 0 0 0 0 0 0 0 0 0 0 0 0 0 0 0 0 0 0 0 0
0 0 0 0 0 0 0 0 0 0 0 0 0 0 0 0 0 0 0 0 0 0 0 0 0 0 0 0 0 0 0 0 0 0 0 0 0 0 0 0 0 0 0 0 0 0 0 0 0 0
0 0 0 0 0 0 0 0 0 0 0 0 0 0 0 0 0 0 0 0 0 0 0 0 0 0 0 0 0 0 0 0 0 0 0 0 0 0 0 0 0 0 0 0 0 0 0 0 0 0
>numMutationCategories:
1
>numSelectionCategories:
1
>categoryProbabilities:
1 
>selectionIsInMixture:
***
0 
>mutationIsInMixture:
***
0 
>obsPhiSets:
0
>currentSynthesisRateLevel:
***
2.20045 2.50719 2.69298 2.44868 2.34734 2.2572 2.17791 2.96349 1.87834 1.68264
1.31733 2.58723 2.26817 1.72305 2.55223 1.99466 1.18324 1.86242 1.53095 1.4568
0.620025 1.30538 2.07229 0.950539 0.643176 0.759585 1.20477 0.36204 1.2501 1.60308
0.837258 0.976857 0.463704 0.455128 0.552582 0.45908 0.426621 0.712012 1.80197 0.361411
0.337277 0.602963 2.45468 0.768574 2.63164 1.53254 0.631292 0.259169 0.40518 1.41605
0.15673 0.754888 0.509675 1.09579 0.612462 0.697681 1.2913 1.18114 0.814542 0.487548
0.534031 1.1043 1.86805 0.412376 0.451518 1.75412 0.569983 0.71165 0.684022 0.436871
0.766585 0.435006 1.16284 1.15859 0.666414 0.690719 0.929749 0.99577 0.759838 1.11838
0.108472 0.27196 0.474205 0.212217 0.244362 0.230234 0.734385 0.232009 0.552507 0.420301
0.336474 0.669874 0.251062 0.0621398 0.70637 0.95588 0.892292 0.180869 0.25703 0.655761
1.42474 0.680619 0.822901 0.989878 0.439534 0.887288 0.713066 0.81048 0.160754 0.435646
0.240846 0.285479 1.00334 0.417038 1.36914 0.759389 0.961815 0.738331 0.240336 1.92579
0.901728 0.582603 1.08089 0.75242 1.21614 1.70075 0.587262 0.453942 0.754248 0.690801
0.469741 0.923405 0.41584 1.10371 0.733515 1.24559 2.14574 0.722476 1.02349 0.969135
1.59776 1.01935 0.671578 0.904381 1.3158 0.335767 0.174194 0.722017 0.968535 0.261728
0.539528 0.687535 0.834703 1.47742 0.808211 0.659619 0.915991 0.658232 0.646698 0.880406
0.517636 1.20453 1.53829 0.700678 0.555185 0.499121 0.559137 0.834522 0.458571 0.722919
1.09925 1.44491 0.95658 0.765902 0.945492 0.497343 0.678422 0.626028 0.866806 0.37042
0.84011 0.852856 0.226014 0.544881 0.300145 1.01238 0.183127 0.446922 1.63009 0.627496
0.678553 0.916821 1.13532 0.700933 0.205951 0.272541 1.08792 0.404081 0.667013 0.451157
0.844506 0.351813 0.58465 1.03155 0.701076 1.24826 0.913276 1.48102 0.727085 0.925279
0.634421 0.822209 0.731522 0.294753 0.527533 0.183102 0.543474 1.15102 0.273158 0.42052
0.596252 0.623549 0.495569 0.309093 0.449122 0.624553 1.23914 1.69554 0.0916472 1.94536
0.540709 0.732117 0.556024 0.683118 0.601826 0.865003 0.519229 0.958366 0.352171 0.512274
0.765913 0.770564 0.335303 0.922585 0.906145 0.401581 0.159774 0.611051 0.421802 0.829026
1.30517 1.21318 1.66263 0.304791 0.78479 0.499779 1.134 0.516369 0.343654 0.866547
0.781647 0.419546 0.606894 0.80235 0.926668 0.952697 0.46174 0.458517 0.502042 0.456953
0.541512 0.634639 2.02895 0.660937 0.308535 0.58599 0.666347 0.263058 0.590174 2.33377
1.20609 0.124885 0.989125 0.932194 0.570529 0.303639 0.512137 0.583083 1.31676 0.398519
0.643476 3.26669 0.849158 0.47265 0.406167 0.311934 0.260257 0.874945 0.999208 0.383705
>noiseOffset:
>observedSynthesisNoise:
>std_NoiseOffset:
>mutation_prior_mean:
***
0 0 0 0 0 0 0 0 0 0
0 0 0 0 0 0 0 0 0 0
0 0 0 0 0 0 0 0 0 0
0 0 0 0 0 0 0 0 0 0
>mutation_prior_sd:
***
0.35 0.35 0.35 0.35 0.35 0.35 0.35 0.35 0.35 0.35
0.35 0.35 0.35 0.35 0.35 0.35 0.35 0.35 0.35 0.35
0.35 0.35 0.35 0.35 0.35 0.35 0.35 0.35 0.35 0.35
0.35 0.35 0.35 0.35 0.35 0.35 0.35 0.35 0.35 0.35
>std_csp:
0.0512 0.0512 0.0512 70.5641 262 0.815731 8.65042 0.08 0.08 0.08
262 0.1 0.1 1.06045 0.0512 0.0512 0.0512 0.0512 0.0512 19.005
0.0262144 0.0262144 0.0262144 575.613 0.032768 0.032768 0.032768 0.032768 0.032768 0.064
0.064 0.064 0.064 0.064 0.064 0.064 0.064 0.064 155.029 70.5641
>currentMutationParameter:
***
-0.239605 0.682817 0.317594 0.520248 0.809378 -0.690641 0.192305 -0.330373 0.14271 0.588932
0.552117 0.325587 0.602439 -0.751432 0.367007 0.650088 0.196941 0.578059 0.020273 0.819584
0.071561 0.75929 0.137832 -0.36341 -0.551863 0.0121481 -0.718258 0.617368 -0.102556 -0.445553
0.620726 0.0918544 -0.559515 0.922602 0.418528 0.482634 0.565333 0.0320574 0.500858 0.374724
>currentSelectionParameter:
***
0.829158 -0.195756 1.10901 -0.84824 -0.390155 0.543817 -0.81458 -1.07949 0.261288 0.146496
-0.567835 2.00218 -0.507297 1.07418 1.61088 -0.78182 0.260436 -0.817707 2.12831 -0.918485
-1.76805 -0.0124778 -0.344091 -0.321812 0.655857 2.03248 1.64696 -0.155633 1.75849 0.608523
-0.290372 0.381988 0.945018 -0.562921 0.519919 1.06657 -0.182113 0.61383 -0.780852 -0.706917
>covarianceMatrix:
A
0.00195925	0.000207935	0.000934752	-0.00103176	-0.000107691	-4.39675e-05	
0.000207935	0.00100015	0.000235149	-0.000194404	-0.000522714	-0.000271654	
0.000934752	0.000235149	0.00245268	-0.000268385	-0.000111126	-0.00119374	
-0.00103176	-0.000194404	-0.000268385	0.00161625	9.68962e-05	0.000989166	
-0.000107691	-0.000522714	-0.000111126	9.68962e-05	0.000465216	0.000103543	
-4.39675e-05	-0.000271654	-0.00119374	0.000989166	0.000103543	0.0028631	
***
>covarianceMatrix:
C
0.0116775	-0.0102521	
-0.0102521	0.0132055	
***
>covarianceMatrix:
D
0.0048411	-0.0037686	
-0.0037686	0.00434813	
***
>covarianceMatrix:
E
0.00300708	-0.00201561	
-0.00201561	0.00243999	
***
>covarianceMatrix:
F
0.00559668	-0.00567852	
-0.00567852	0.00805043	
***
>covarianceMatrix:
G
0.00254309	0.000899951	0.000451483	-0.00109901	-0.00109125	-0.00062672	
0.000899951	0.00189747	0.000306052	-0.000533645	-0.00108215	-0.000318253	
0.000451483	0.000306052	0.00242415	-0.000458073	-0.000296468	-0.00141682	
-0.00109901	-0.000533645	-0.000458073	0.00173014	0.000689833	0.000644596	
-0.00109125	-0.00108215	-0.000296468	0.000689833	0.00222151	0.000439997	
-0.00062672	-0.000318253	-0.00141682	0.000644596	0.000439997	0.00237577	
***
>covarianceMatrix:
H
0.00835385	-0.00676941	
-0.00676941	0.00860987	
***
>covarianceMatrix:
I
0.0025	0	0	0	
0	0.0025	0	0	
0	0	0.0025	0	
0	0	0	0.0025	
***
>covarianceMatrix:
K
0.00580665	-0.00576385	
-0.00576385	0.00818435	
***
>covarianceMatrix:
L
0.00247861	-0.000206662	-0.000120069	-7.38667e-05	0.000603451	-0.00351685	0.000198016	-7.39806e-06	9.94689e-05	-0.00163053	
-0.000206662	0.000867423	0.000204967	0.000496702	-0.000129792	0.000203273	-0.000545772	-0.000135004	-0.000368123	0.000144729	
-0.000120069	0.000204967	0.000883703	0.000315716	0.00021238	0.000528482	-0.000154523	-0.000789298	-0.000231642	-5.65568e-05	
-7.38667e-05	0.000496702	0.000315716	0.0008161	8.49144e-05	2.70681e-05	-0.000272974	-0.000252069	-0.000447983	-0.000418797	
0.000603451	-0.000129792	0.00021238	8.49144e-05	0.00119736	-0.000898781	6.90072e-05	-0.000266458	-4.52523e-05	-0.00133741	
-0.00351685	0.000203273	0.000528482	2.70681e-05	-0.000898781	0.00745871	-0.000482328	-0.000284588	-0.000349809	0.00375666	
0.000198016	-0.000545772	-0.000154523	-0.000272974	6.90072e-05	-0.000482328	0.000549782	0.000180913	0.00037326	-0.00034357	
-7.39806e-06	-0.000135004	-0.000789298	-0.000252069	-0.000266458	-0.000284588	0.000180913	0.00100199	0.00029033	2.23362e-05	
9.94689e-05	-0.000368123	-0.000231642	-0.000447983	-4.52523e-05	-0.000349809	0.00037326	0.00029033	0.000492867	-4.26866e-05	
-0.00163053	0.000144729	-5.65568e-05	-0.000418797	-0.00133741	0.00375666	-0.00034357	2.23362e-05	-4.26866e-05	0.00399367	
***
>covarianceMatrix:
N
0.00565779	-0.0048106	
-0.0048106	0.00632097	
***
>covarianceMatrix:
P
0.00315833	0.00126238	0.00101258	-0.00256471	-0.00111305	-0.000619348	
0.00126238	0.00403629	0.000629688	-0.00117468	-0.00363061	-0.000181961	
0.00101258	0.000629688	0.00220625	-0.000705345	-9.57112e-05	-0.00168314	
-0.00256471	-0.00117468	-0.000705345	0.0032569	0.00165592	0.000964992	
-0.00111305	-0.00363061	-9.57112e-05	0.00165592	0.00498517	0.000152012	
-0.000619348	-0.000181961	-0.00168314	0.000964992	0.000152012	0.00202165	
***
>covarianceMatrix:
Q
0.00471879	-0.00311582	
-0.00311582	0.00355629	
***
>covarianceMatrix:
R
0.00150529	0.000653675	0.00109699	0.000800813	0.000580568	-0.00118403	-0.000311793	-0.000756313	-0.000487045	0.000306904	
0.000653675	0.00332622	0.00083678	0.000735308	-0.000208221	-0.000422848	-0.00284826	-0.000444998	-0.000461671	0.00106313	
0.00109699	0.00083678	0.00220292	0.000891	0.000655267	-0.000841594	3.11328e-05	-0.00147125	-0.000502956	0.000531317	
0.000800813	0.000735308	0.000891	0.00143676	0.00017428	-0.000570914	-6.18087e-05	-0.000509693	-0.000730962	0.000710799	
0.000580568	-0.000208221	0.000655267	0.00017428	0.00145178	-0.000445717	0.000652805	-0.000295767	-0.000113131	-0.000810326	
-0.00118403	-0.000422848	-0.000841594	-0.000570914	-0.000445717	0.00116584	0.000394437	0.000763388	0.00037112	-0.000142713	
-0.000311793	-0.00284826	3.11328e-05	-6.18087e-05	0.000652805	0.000394437	0.00426733	0.000153892	0.000101483	-0.000773014	
-0.000756313	-0.000444998	-0.00147125	-0.000509693	-0.000295767	0.000763388	0.000153892	0.0015226	0.000250355	-0.000125234	
-0.000487045	-0.000461671	-0.000502956	-0.000730962	-0.000113131	0.00037112	0.000101483	0.000250355	0.000504972	-0.000486016	
0.000306904	0.00106313	0.000531317	0.000710799	-0.000810326	-0.000142713	-0.000773014	-0.000125234	-0.000486016	0.00205539	
***
>covarianceMatrix:
S
0.00207563	0.000391704	0.000833322	-0.00158315	-0.000243812	-0.000394249	
0.000391704	0.00181047	0.000486119	-0.000142935	-0.000919468	-0.000219101	
0.000833322	0.000486119	0.00167933	-0.000548629	-0.000212043	-0.00112956	
-0.00158315	-0.000142935	-0.000548629	0.00187095	0.000161963	0.000402549	
-0.000243812	-0.000919468	-0.000212043	0.000161963	0.000854203	0.000138378	
-0.000394249	-0.000219101	-0.00112956	0.000402549	0.000138378	0.0012961	
***
>covarianceMatrix:
T
0.00207439	0.000223507	0.000750967	-0.00171801	-4.18748e-05	-0.000468714	
0.000223507	0.00191172	0.000502859	-0.000193522	-0.00101746	-0.000423918	
0.000750967	0.000502859	0.0022137	-0.00046969	-0.000243519	-0.00157952	
-0.00171801	-0.000193522	-0.00046969	0.00242905	-1.85796e-05	0.000706032	
-4.18748e-05	-0.00101746	-0.000243519	-1.85796e-05	0.000894633	0.000273967	
-0.000468714	-0.000423918	-0.00157952	0.000706032	0.000273967	0.00218888	
***
>covarianceMatrix:
V
0.00421105	0.000948853	0.0010097	-0.00356064	-0.0005137	-0.000540603	
0.000948853	0.00187186	0.000849874	-0.000718173	-0.00106629	-0.000587535	
0.0010097	0.000849874	0.00224463	-0.000605411	-0.000422206	-0.00153486	
-0.00356064	-0.000718173	-0.000605411	0.00457353	0.000506684	0.00053438	
-0.0005137	-0.00106629	-0.000422206	0.000506684	0.00085548	0.00041818	
-0.000540603	-0.000587535	-0.00153486	0.00053438	0.00041818	0.00159247	
***
>covarianceMatrix:
Y
0.00660107	-0.00517306	
-0.00517306	0.0062807	
***
>covarianceMatrix:
Z
0.0114143	-0.0114588	
-0.0114588	0.0164246	
***
