>groupList:
A C D E F G H I K L
N P Q R S T V Y Z 
>stdDevSynthesisRate:
0.894949 
>numParam:
40
>numMixtures:
1
>std_stdDevSynthesisRate:
0.144
>std_phi:
***
0.84836 0.371293 0.678688 0.371293 0.371293 0.371293 0.28561 1.49108 0.371293 0.627485
0.371293 0.54295 0.652585 1.14698 0.371293 0.371293 1.55072 1.49108 0.371293 0.371293
0.917586 1.06045 0.401591 1.14698 0.386145 2.01594 1.10287 1.14698 1.9384 0.84836
1.55072 0.522068 0.28561 0.371293 0.882294 0.522068 0.501988 0.482681 0.815731 2.01594
1.49108 0.371293 0.371293 1.19286 0.371293 1.86385 0.371293 0.371293 0.371293 1.14698
0.482681 0.84836 0.482681 0.882294 1.86385 2.32981 0.84836 1.19286 0.627485 0.28561
1.49108 0.882294 0.501988 1.43373 1.24058 1.43373 1.49108 1.86385 0.297034 0.371293
0.882294 1.24058 0.652585 0.386145 0.2197 0.627485 2.01594 1.37858 1.49108 1.49108
0.705835 0.482681 0.28561 0.371293 0.308916 1.9384 0.501988 0.371293 0.705835 1.37858
0.882294 1.24058 0.482681 0.371293 0.371293 1.14698 0.917586 0.371293 1.14698 0.371293
1.14698 2.01594 0.627485 0.297034 0.386145 1.9384 0.815731 0.522068 0.705835 0.371293
1.49108 0.84836 0.371293 0.815731 0.501988 0.84836 0.678688 0.54295 1.86385 0.95429
1.9384 0.815731 0.917586 1.14698 1.37858 1.06045 1.06045 1.10287 0.815731 1.43373
0.401591 1.14698 0.627485 0.84836 1.55072 1.79216 2.01594 1.19286 1.55072 0.882294
0.482681 0.84836 1.49108 0.297034 1.06045 1.14698 1.14698 0.882294 1.19286 1.43373
1.06045 1.49108 0.627485 0.297034 1.9384 0.371293 0.815731 0.401591 1.43373 0.371293
0.501988 1.06045 0.678688 0.815731 0.371293 0.652585 0.371293 1.55072 0.522068 0.705835
1.9384 0.297034 1.49108 0.522068 1.10287 0.28561 0.84836 1.55072 0.815731 2.01594
1.55072 0.482681 1.55072 1.86385 2.01594 1.49108 1.55072 0.815731 0.522068 1.86385
0.401591 1.9384 0.678688 0.678688 1.10287 0.371293 0.308916 0.297034 1.86385 0.371293
0.417654 0.882294 1.43373 0.652585 0.501988 2.01594 1.86385 1.86385 2.09657 1.86385
0.627485 1.86385 1.37858 1.37858 1.49108 0.371293 0.627485 1.9384 0.652585 0.627485
1.49108 0.371293 0.652585 0.501988 0.678688 1.9384 2.01594 0.678688 1.79216 0.815731
0.815731 0.652585 1.10287 0.652585 0.815731 1.43373 0.882294 0.882294 0.84836 1.61275
0.308916 1.49108 0.815731 1.86385 0.627485 0.501988 1.9384 0.237628 1.9384 1.37858
1.86385 2.01594 1.61275 2.51992 2.01594 1.14698 1.49108 0.501988 0.84836 0.401591
0.522068 0.705835 0.386145 0.705835 0.54295 1.10287 0.652585 0.84836 0.627485 0.815731
1.74435 0.678688 0.84836 0.627485 0.482681 1.14698 1.10287 2.01594 0.501988 1.9384
1.06045 0.627485 0.627485 0.627485 0.482681 0.84836 0.627485 1.14698 0.627485 1.49108
2.09657 0.734069 0.401591 0.297034 0.386145 0.54295 1.24058 1.43373 0.522068 0.371293
2.01594 0.678688 1.14698 0.522068 0.386145 1.19286 0.815731 0.522068 1.14698 1.14698
0.882294 0.54295 0.247133 0.917586 1.49108 0.678688 1.79216 1.9384 0.308916 1.10287
1.19286 0.371293 1.9384 1.2902 1.10287 0.627485 0.815731 0.401591 1.55072 0.95429
1.49108 0.371293 0.386145 1.06045 1.43373 0.482681 2.09657 1.86385 0.482681 2.01594
0.652585 1.9384 0.371293 0.386145 0.522068 1.9384 0.95429 0.371293 0.482681 0.371293
0.84836 0.501988 1.43373 0.482681 0.371293 1.19286 0.678688 0.815731 1.43373 1.10287
0.627485 0.678688 0.815731 0.652585 0.678688 1.06045 1.14698 1.06045 0.386145 1.61275
1.43373 1.10287 1.43373 0.917586 1.49108 0.652585 0.678688 0.652585 0.734069 0.652585
1.14698 1.61275 1.19286 1.49108 1.14698 0.627485 0.815731 1.55072 0.882294 1.10287
0.501988 1.86385 0.482681 1.49108 0.882294 0.522068 0.815731 0.882294 1.43373 0.678688
2.09657 0.882294 0.815731 1.55072 0.84836 1.79216 0.652585 1.37858 1.49108 0.297034
1.14698 0.371293 0.84836 0.627485 0.627485 0.482681 1.79216 0.627485 
>categories:
0 0
>mixtureAssignment:
0 0 0 0 0 0 0 0 0 0 0 0 0 0 0 0 0 0 0 0 0 0 0 0 0 0 0 0 0 0 0 0 0 0 0 0 0 0 0 0 0 0 0 0 0 0 0 0 0 0
0 0 0 0 0 0 0 0 0 0 0 0 0 0 0 0 0 0 0 0 0 0 0 0 0 0 0 0 0 0 0 0 0 0 0 0 0 0 0 0 0 0 0 0 0 0 0 0 0 0
0 0 0 0 0 0 0 0 0 0 0 0 0 0 0 0 0 0 0 0 0 0 0 0 0 0 0 0 0 0 0 0 0 0 0 0 0 0 0 0 0 0 0 0 0 0 0 0 0 0
0 0 0 0 0 0 0 0 0 0 0 0 0 0 0 0 0 0 0 0 0 0 0 0 0 0 0 0 0 0 0 0 0 0 0 0 0 0 0 0 0 0 0 0 0 0 0 0 0 0
0 0 0 0 0 0 0 0 0 0 0 0 0 0 0 0 0 0 0 0 0 0 0 0 0 0 0 0 0 0 0 0 0 0 0 0 0 0 0 0 0 0 0 0 0 0 0 0 0 0
0 0 0 0 0 0 0 0 0 0 0 0 0 0 0 0 0 0 0 0 0 0 0 0 0 0 0 0 0 0 0 0 0 0 0 0 0 0 0 0 0 0 0 0 0 0 0 0 0 0
0 0 0 0 0 0 0 0 0 0 0 0 0 0 0 0 0 0 0 0 0 0 0 0 0 0 0 0 0 0 0 0 0 0 0 0 0 0 0 0 0 0 0 0 0 0 0 0 0 0
0 0 0 0 0 0 0 0 0 0 0 0 0 0 0 0 0 0 0 0 0 0 0 0 0 0 0 0 0 0 0 0 0 0 0 0 0 0 0 0 0 0 0 0 0 0 0 0 0 0
0 0 0 0 0 0 0 0 0 0 0 0 0 0 0 0 0 0 
>numMutationCategories:
1
>numSelectionCategories:
1
>categoryProbabilities:
1 
>selectionIsInMixture:
***
0 
>mutationIsInMixture:
***
0 
>obsPhiSets:
0
>currentSynthesisRateLevel:
***
0.888344 1.46148 0.714386 2.31526 1.50567 1.65281 1.87715 0.39092 1.18563 0.962097
2.99916 0.990732 0.793193 0.29731 1.35286 2.69584 0.352219 0.181532 1.21975 3.02055
0.587989 0.459082 0.594958 0.366999 0.726385 0.335304 0.48594 0.459194 0.206139 0.478567
0.19135 0.843368 1.19004 0.510696 0.458053 1.17405 0.41352 1.42119 2.8734 0.102901
0.316529 2.13133 0.816838 0.276201 2.25768 0.120414 0.7779 1.5662 2.58971 0.469021
1.09896 0.435028 1.75279 0.640072 0.755095 0.146581 0.355873 0.375605 1.98874 2.18669
0.969852 0.596796 1.15376 0.237496 0.283142 0.210848 0.215713 0.226089 3.11027 2.99085
0.592862 0.441198 0.76474 2.77569 1.5976 2.59391 0.140889 1.15464 0.257789 0.261486
1.71678 0.993921 0.838241 1.28662 0.901055 0.139573 0.668296 1.40824 0.543109 0.178964
0.300822 0.409733 1.98448 2.78696 2.49627 0.297185 0.497861 2.25095 0.395962 1.47739
0.54014 0.0567452 0.356461 0.913409 1.70055 0.207327 0.430428 0.685089 0.383206 2.20092
0.947238 0.662635 2.16391 1.37769 0.859 0.302248 0.653695 0.66248 0.349241 0.251648
0.393477 0.559857 0.363425 0.535324 0.367282 0.55126 0.596077 0.559426 0.719149 0.356401
1.70501 0.512628 0.729979 0.855805 0.313002 1.08732 0.168497 0.487374 0.197399 1.91481
1.14504 1.77527 0.189382 0.729057 1.37421 0.349522 0.745836 0.306359 0.677733 0.536425
0.483808 0.295975 1.17609 0.628426 0.560829 1.85982 0.836389 1.64635 0.714488 2.04259
1.23355 0.830527 0.534876 0.966612 1.79149 1.09327 3.12694 0.417184 0.815281 0.318928
0.250574 2.0424 0.575381 0.662742 0.941273 2.34648 0.425206 0.407028 0.413796 0.300284
0.15855 0.539985 0.223102 0.279729 0.227307 0.715597 0.27844 1.80477 0.462151 0.310634
0.842913 0.255952 0.627871 0.603792 0.605823 2.59413 0.676327 0.562475 0.733529 1.99713
0.99306 0.446349 0.133338 1.89503 1.5334 0.127798 0.221631 0.248715 0.174033 0.275672
0.781507 0.0873325 0.346553 0.512495 0.393372 2.33874 1.0952 0.370758 0.590264 0.707581
0.892229 2.85157 1.86251 1.77611 1.23219 0.288421 0.505122 0.367432 0.239928 0.809845
1.41182 0.47343 0.177412 0.886776 0.574338 0.28666 0.722563 0.725004 0.683452 0.633413
1.57239 0.218025 0.597293 0.212673 1.15459 0.366 0.364756 0.766338 0.346844 0.614218
0.13233 0.143141 0.159001 0.171217 0.318768 0.304601 0.236754 0.539128 0.337344 1.12731
0.506547 0.92303 2.58541 0.767536 0.553274 1.20941 0.435799 0.898706 0.771278 1.21883
0.155028 0.49847 0.432596 0.560179 1.09502 0.266239 0.71541 0.254469 1.13901 0.246117
0.672307 0.668852 2.46958 1.74339 1.21014 0.45736 0.76815 0.291579 0.504398 0.586843
0.467218 0.688743 1.03826 2.80447 0.488627 0.478185 0.354807 0.229968 0.770375 1.96959
0.087017 1.00333 0.459614 0.929482 1.69707 0.421218 0.725577 0.505552 0.214693 0.706686
0.559324 0.478546 0.867456 0.448589 0.427894 0.441526 0.756808 0.276592 1.37654 0.275048
0.291836 1.45261 0.654246 0.225235 0.899682 0.862127 1.62905 0.669592 0.213103 0.283172
0.225973 1.61117 2.01208 0.452181 0.424982 1.19757 0.195189 0.174584 0.575866 0.246581
0.793474 0.269926 1.37236 1.47086 0.412404 0.151624 0.508772 1.80492 0.721654 1.52524
0.582536 0.933115 0.930538 1.04461 1.2632 0.259921 0.495355 0.699449 0.163342 0.54998
0.717598 0.95415 0.312873 0.839705 0.420022 0.716265 0.202592 0.444027 2.10225 0.297112
0.135875 0.471258 0.345243 0.599812 0.506745 0.754435 0.583035 0.332062 0.799926 0.639884
0.459755 0.168476 0.323573 0.548554 0.663813 0.967878 0.625655 0.482731 0.569269 1.37629
0.578775 0.0990011 1.1167 0.461925 0.730456 0.408584 1.00818 0.455203 0.26691 0.371908
0.0896674 0.482058 0.806262 0.26514 0.475675 0.874675 0.980722 0.534562 0.450928 2.95565
0.764654 2.22317 0.368881 0.860171 1.03676 0.737703 0.633468 0.639937 
>noiseOffset:
>observedSynthesisNoise:
>std_NoiseOffset:
>mutation_prior_mean:
***
0 0 0 0 0 0 0 0 0 0
0 0 0 0 0 0 0 0 0 0
0 0 0 0 0 0 0 0 0 0
0 0 0 0 0 0 0 0 0 0
>mutation_prior_sd:
***
0.35 0.35 0.35 0.35 0.35 0.35 0.35 0.35 0.35 0.35
0.35 0.35 0.35 0.35 0.35 0.35 0.35 0.35 0.35 0.35
0.35 0.35 0.35 0.35 0.35 0.35 0.35 0.35 0.35 0.35
0.35 0.35 0.35 0.35 0.35 0.35 0.35 0.35 0.35 0.35
>std_csp:
0.064 0.064 0.064 262 340.599 6.65417 0.627485 0.064 0.064 0.064
972.786 0.064 0.064 0.1 0.0512 0.0512 0.0512 0.0512 0.0512 32.1184
0.04096 0.04096 0.04096 3.93738 0.064 0.064 0.064 0.064 0.064 0.032768
0.032768 0.032768 0.0512 0.0512 0.0512 0.0512 0.0512 0.0512 70.5641 41.7539
>currentMutationParameter:
***
-0.29685 0.864714 0.484846 0.619269 0.784389 -0.884306 0.651943 -0.679127 0.0947617 0.282758
0.541819 0.468751 0.904631 -1.0589 0.349064 0.697554 0.254574 0.248845 -0.157896 0.815504
0.0118147 0.561973 0.10191 -0.632704 -0.934371 0.0243115 -0.836816 0.81386 -0.20748 -0.452943
0.502822 0.364681 -0.306674 0.80188 0.545807 0.458644 0.766249 0.260501 0.687076 0.901342
>currentSelectionParameter:
***
0.75652 -0.263109 1.34193 -0.72074 -0.244358 0.869989 -1.30957 -0.891627 0.402129 0.59641
-0.39619 1.67092 -0.650402 1.40027 0.929283 -0.527956 0.291326 -0.485704 2.01203 -0.758002
-1.86558 0.285706 -0.0928213 -0.0542623 0.601188 1.74144 1.58151 -0.0231313 1.87325 0.600219
-0.169499 0.296694 0.709254 -0.352107 0.923421 0.754805 -0.300206 0.404542 -0.744868 -0.93966
>covarianceMatrix:
A
0.000849907	-1.787e-05	0.000455367	-0.000597034	9.04565e-05	-0.000384766	
-1.787e-05	0.000744604	5.31225e-05	3.62026e-05	-0.000295394	-0.000267262	
0.000455367	5.31225e-05	0.00176724	-0.000535913	5.63017e-05	-0.00178906	
-0.000597034	3.62026e-05	-0.000535913	0.00109661	-8.79282e-05	0.000878454	
9.04565e-05	-0.000295394	5.63017e-05	-8.79282e-05	0.000497071	5.13945e-05	
-0.000384766	-0.000267262	-0.00178906	0.000878454	5.13945e-05	0.00410834	
***
>covarianceMatrix:
C
0.00539153	-0.00393064	
-0.00393064	0.004708	
***
>covarianceMatrix:
D
0.00196929	-0.00172155	
-0.00172155	0.00238264	
***
>covarianceMatrix:
E
0.00259847	-0.00235755	
-0.00235755	0.00366241	
***
>covarianceMatrix:
F
0.00371941	-0.00410114	
-0.00410114	0.00755499	
***
>covarianceMatrix:
G
0.00108246	0.000549614	0.000384756	-0.000805444	-0.00048855	-0.000279248	
0.000549614	0.00174246	0.000371885	-0.000446054	-0.00169455	-0.000259696	
0.000384756	0.000371885	0.00174222	-0.00015559	-0.000184986	-0.00148508	
-0.000805444	-0.000446054	-0.00015559	0.00122648	0.000533056	0.0001245	
-0.00048855	-0.00169455	-0.000184986	0.000533056	0.00274593	0.000422828	
-0.000279248	-0.000259696	-0.00148508	0.0001245	0.000422828	0.00231277	
***
>covarianceMatrix:
H
0.00731606	-0.00757082	
-0.00757082	0.0127505	
***
>covarianceMatrix:
I
0.00273191	-0.000331585	-0.00421516	0.000518449	
-0.000331585	0.00105454	0.000613299	-0.000873817	
-0.00421516	0.000613299	0.00979346	-0.0010147	
0.000518449	-0.000873817	-0.0010147	0.00150695	
***
>covarianceMatrix:
K
0.00431462	-0.00393078	
-0.00393078	0.00659831	
***
>covarianceMatrix:
L
0.000628	2.53777e-06	0.000114044	3.96216e-05	0.000319138	-0.000735693	4.92864e-05	-0.000117939	2.65808e-05	-0.000411768	
2.53777e-06	0.000488666	7.81808e-05	0.000285148	-8.28313e-05	3.80916e-05	-0.000436108	-3.12278e-05	-0.000282376	0.000114958	
0.000114044	7.81808e-05	0.00038427	4.78262e-05	0.000167706	-0.000114335	-4.34157e-05	-0.000371288	3.1806e-06	-0.000151151	
3.96216e-05	0.000285148	4.78262e-05	0.000454227	4.25778e-05	1.12602e-05	-0.000295726	5.1555e-05	-0.00040743	-4.4107e-05	
0.000319138	-8.28313e-05	0.000167706	4.25778e-05	0.000878504	-0.000334527	0.000141974	-0.000112515	4.83131e-05	-0.00136103	
-0.000735693	3.80916e-05	-0.000114335	1.12602e-05	-0.000334527	0.00131283	-1.13683e-05	0.000196933	-1.5123e-05	0.000417188	
4.92864e-05	-0.000436108	-4.34157e-05	-0.000295726	0.000141974	-1.13683e-05	0.000694291	7.49834e-05	0.000493791	-0.000359786	
-0.000117939	-3.12278e-05	-0.000371288	5.1555e-05	-0.000112515	0.000196933	7.49834e-05	0.000620327	-4.28239e-05	1.08657e-05	
2.65808e-05	-0.000282376	3.1806e-06	-0.00040743	4.83131e-05	-1.5123e-05	0.000493791	-4.28239e-05	0.000640048	-0.000192413	
-0.000411768	0.000114958	-0.000151151	-4.4107e-05	-0.00136103	0.000417188	-0.000359786	1.08657e-05	-0.000192413	0.0031683	
***
>covarianceMatrix:
N
0.00295987	-0.00251282	
-0.00251282	0.00395804	
***
>covarianceMatrix:
P
0.00132397	0.000213061	0.000714344	-0.00124957	-0.000310477	-0.00101975	
0.000213061	0.00197428	0.000243293	0.000209361	-0.00194622	0.000206091	
0.000714344	0.000243293	0.00136143	-0.000915413	-0.000325984	-0.00182845	
-0.00124957	0.000209361	-0.000915413	0.00210986	-0.000114513	0.00179212	
-0.000310477	-0.00194622	-0.000325984	-0.000114513	0.00318422	0.000218645	
-0.00101975	0.000206091	-0.00182845	0.00179212	0.000218645	0.00367233	
***
>covarianceMatrix:
Q
0.002588	-0.00179983	
-0.00179983	0.00217118	
***
>covarianceMatrix:
R
0.000590105	0.000287223	0.000540701	0.000186122	0.000182207	-0.000415447	-6.20629e-05	-0.000675775	-0.000127153	-7.12227e-05	
0.000287223	0.0012117	0.000249363	0.000324765	0.000511874	-0.000219404	-0.00113529	-0.000108518	-0.000327634	-0.000766745	
0.000540701	0.000249363	0.00128836	0.000237474	0.000546187	-0.00047762	0.000301953	-0.00164239	-0.00019606	-0.000484815	
0.000186122	0.000324765	0.000237474	0.000995761	0.000146768	-9.67528e-05	-0.000135731	-0.000152471	-0.00071559	-0.000245136	
0.000182207	0.000511874	0.000546187	0.000146768	0.00173534	-8.71543e-05	-0.000209825	-0.000416099	-0.000153709	-0.00230704	
-0.000415447	-0.000219404	-0.00047762	-9.67528e-05	-8.71543e-05	0.000716483	0.000350333	0.00104974	9.00096e-05	0.000389481	
-6.20629e-05	-0.00113529	0.000301953	-0.000135731	-0.000209825	0.000350333	0.00299258	-2.65504e-05	0.000147585	0.001355	
-0.000675775	-0.000108518	-0.00164239	-0.000152471	-0.000416099	0.00104974	-2.65504e-05	0.00356218	0.000104612	0.0010743	
-0.000127153	-0.000327634	-0.00019606	-0.00071559	-0.000153709	9.00096e-05	0.000147585	0.000104612	0.000888578	0.000299015	
-7.12227e-05	-0.000766745	-0.000484815	-0.000245136	-0.00230704	0.000389481	0.001355	0.0010743	0.000299015	0.00575629	
***
>covarianceMatrix:
S
0.00159446	0.00075493	0.000698993	-0.00138552	-0.000640904	-0.000480624	
0.00075493	0.00182655	0.000783448	-0.000545885	-0.00135794	-0.000589327	
0.000698993	0.000783448	0.00202031	-0.000402868	-0.000594777	-0.00158354	
-0.00138552	-0.000545885	-0.000402868	0.00212384	0.000795776	0.000597916	
-0.000640904	-0.00135794	-0.000594777	0.000795776	0.00163469	0.000714717	
-0.000480624	-0.000589327	-0.00158354	0.000597916	0.000714717	0.00225402	
***
>covarianceMatrix:
T
0.000874721	0.000109199	0.000580794	-0.000705785	8.57472e-06	-0.000497677	
0.000109199	0.000785517	0.000246549	-0.000138212	-0.000544606	-0.00040474	
0.000580794	0.000246549	0.00165768	-0.000192989	-0.00019148	-0.00155602	
-0.000705785	-0.000138212	-0.000192989	0.00166738	-2.63279e-06	0.000707931	
8.57472e-06	-0.000544606	-0.00019148	-2.63279e-06	0.000739538	0.000351406	
-0.000497677	-0.00040474	-0.00155602	0.000707931	0.000351406	0.00275918	
***
>covarianceMatrix:
V
0.00163342	-7.59157e-05	0.000347196	-0.00189709	4.53738e-05	-0.000140826	
-7.59157e-05	0.000968477	0.000194941	0.000220657	-0.00072253	-0.000245706	
0.000347196	0.000194941	0.000735603	-0.000270523	-0.000167967	-0.000645041	
-0.00189709	0.000220657	-0.000270523	0.00313088	-0.000138658	0.000274936	
4.53738e-05	-0.00072253	-0.000167967	-0.000138658	0.000855772	0.00022701	
-0.000140826	-0.000245706	-0.000645041	0.000274936	0.00022701	0.00112558	
***
>covarianceMatrix:
Y
0.00309333	-0.00330722	
-0.00330722	0.00571492	
***
>covarianceMatrix:
Z
0.00570937	-0.0064354	
-0.0064354	0.0118673	
***
