>groupList:
A C D E F G H I K L
N P Q R S T V Y Z 
>stdDevSynthesisRate:
0.25747 
>numParam:
40
>numMixtures:
1
>std_stdDevSynthesisRate:
0.1728
>std_phi:
***
0.086528 0.501989 0.0935885 0.297034 0.228488 0.28561 0.17576 0.28561 0.297034 0.482681
0.228488 0.297034 0.297034 0.401589 0.228488 0.140608 0.28561 0.28561 0.237627 0.228488
0.28561 0.228488 0.104 0.297034 0.17576 0.482681 0.247133 0.321273 0.28561 0.28561
0.386144 0.2197 0.169 0.104 0.228488 0.297034 0.1352 0.297034 0.482681 0.386144
0.28561 0.28561 0.2197 0.228488 0.228488 0.501989 0.17576 0.237627 0.228488 0.297034
0.2197 0.228488 0.297034 0.401591 0.501988 0.652584 0.228488 0.28561 0.371293 0.169
0.627485 0.28561 0.2197 0.228488 0.17576 0.371293 0.17576 0.237628 0.13 0.169
0.2197 0.28561 0.28561 0.2197 0.13 0.482681 0.501989 0.84836 0.386145 0.386145
0.627485 0.28561 0.104 0.17576 0.13 0.652584 0.2197 0.28561 0.28561 0.371293
0.297034 0.321272 0.28561 0.18279 0.2197 0.2197 0.28561 0.2197 0.482681 0.386144
0.401589 0.386145 0.169 0.13 0.2197 0.386145 0.13 0.17576 0.17576 0.17576
0.308916 0.28561 0.17576 0.386145 0.2197 0.18279 0.28561 0.17576 0.652584 0.228488
0.501988 0.401591 0.228488 0.371293 0.371293 0.308916 0.501989 0.371293 0.297034 0.401591
0.237627 0.297034 0.28561 0.297034 0.228488 0.678687 0.237627 0.501989 0.228488 0.482681
0.228488 0.501989 0.28561 0.086528 0.501989 0.228488 0.297034 0.2197 0.228488 0.501989
0.386144 0.652584 0.228488 0.0832 0.371293 0.18279 0.297034 0.228488 0.678688 0.297034
0.228488 0.28561 0.297034 0.501989 0.308915 0.371293 0.18279 0.308915 0.237627 0.1352
0.652584 0.2197 0.386145 0.17576 0.501988 0.169 0.28561 0.501988 0.28561 0.482681
0.386145 0.1352 0.228488 0.371293 0.2197 0.627485 0.297034 0.501988 0.17576 0.40159
0.190102 0.482681 0.28561 0.18279 0.386144 0.17576 0.104 0.06656 0.652586 0.247132
0.17576 0.18279 0.297034 0.401591 0.321273 0.371293 0.308916 0.501988 0.371293 0.501989
0.237627 0.371293 0.297034 0.228488 0.371293 0.169 0.28561 0.482681 0.237627 0.2197
0.482681 0.2197 0.28561 0.501989 0.501989 0.371293 0.815731 0.1352 0.482681 0.28561
0.482681 0.2197 0.2197 0.228488 0.28561 0.297034 0.401589 0.386144 0.297034 0.386144
0.169 0.28561 0.297034 0.308915 0.386145 0.1352 0.501989 0.104 0.371293 0.386145
0.371293 0.386145 0.2197 0.386145 0.297034 0.371293 0.2197 0.13 0.28561 0.17576
0.13 0.297034 0.2197 0.386145 0.18279 0.401591 0.169 0.386145 0.2197 0.482681
0.308915 0.169 0.228488 0.18279 0.308915 0.28561 0.237627 0.501989 0.237627 0.482681
0.297034 0.2197 0.386145 0.28561 0.237628 0.237627 0.2197 0.2197 0.2197 0.501989
0.371293 0.237628 0.28561 0.18279 0.112486 0.169 0.297034 0.308915 0.190102 0.297034
0.308915 0.2197 0.308916 0.237627 0.228488 0.308915 0.2197 0.10816 0.308915 0.501988
0.17576 0.13 0.10816 0.237627 0.2197 0.1352 0.501988 0.247133 0.228488 0.297034
0.28561 0.228488 0.482681 0.228488 0.652584 0.297034 0.371293 0.140608 0.386145 0.28561
0.308916 0.228488 0.2197 0.228488 0.190102 0.17576 0.297034 0.28561 0.10816 0.501988
0.228488 0.482681 0.228488 0.18279 0.140608 0.28561 0.228488 0.28561 0.228488 0.297034
0.190102 0.17576 0.522069 0.237627 0.2197 0.28561 0.2197 0.297034 0.2197 0.297034
0.297034 0.308915 0.1352 0.371293 0.17576 0.190102 0.228488 0.308915 0.297034 0.247132
0.28561 0.371293 0.501989 0.297034 0.417654 0.2197 0.2197 0.228488 0.386144 0.237628
0.297034 0.228488 0.228488 0.482681 0.371293 0.28561 0.28561 0.371293 0.28561 0.501988
0.2197 0.28561 0.237627 0.482681 0.28561 0.1352 0.321273 0.297034 0.482681 0.140608
0.386145 0.228488 0.371293 0.297034 0.18279 0.627485 0.228488 0.401591 0.321273 0.228488
0.386144 0.228488 0.17576 0.197706 0.371293 0.18279 0.627485 0.228488 
>categories:
0 0
>mixtureAssignment:
0 0 0 0 0 0 0 0 0 0 0 0 0 0 0 0 0 0 0 0 0 0 0 0 0 0 0 0 0 0 0 0 0 0 0 0 0 0 0 0 0 0 0 0 0 0 0 0 0 0
0 0 0 0 0 0 0 0 0 0 0 0 0 0 0 0 0 0 0 0 0 0 0 0 0 0 0 0 0 0 0 0 0 0 0 0 0 0 0 0 0 0 0 0 0 0 0 0 0 0
0 0 0 0 0 0 0 0 0 0 0 0 0 0 0 0 0 0 0 0 0 0 0 0 0 0 0 0 0 0 0 0 0 0 0 0 0 0 0 0 0 0 0 0 0 0 0 0 0 0
0 0 0 0 0 0 0 0 0 0 0 0 0 0 0 0 0 0 0 0 0 0 0 0 0 0 0 0 0 0 0 0 0 0 0 0 0 0 0 0 0 0 0 0 0 0 0 0 0 0
0 0 0 0 0 0 0 0 0 0 0 0 0 0 0 0 0 0 0 0 0 0 0 0 0 0 0 0 0 0 0 0 0 0 0 0 0 0 0 0 0 0 0 0 0 0 0 0 0 0
0 0 0 0 0 0 0 0 0 0 0 0 0 0 0 0 0 0 0 0 0 0 0 0 0 0 0 0 0 0 0 0 0 0 0 0 0 0 0 0 0 0 0 0 0 0 0 0 0 0
0 0 0 0 0 0 0 0 0 0 0 0 0 0 0 0 0 0 0 0 0 0 0 0 0 0 0 0 0 0 0 0 0 0 0 0 0 0 0 0 0 0 0 0 0 0 0 0 0 0
0 0 0 0 0 0 0 0 0 0 0 0 0 0 0 0 0 0 0 0 0 0 0 0 0 0 0 0 0 0 0 0 0 0 0 0 0 0 0 0 0 0 0 0 0 0 0 0 0 0
0 0 0 0 0 0 0 0 0 0 0 0 0 0 0 0 0 0 
>numMutationCategories:
1
>numSelectionCategories:
1
>categoryProbabilities:
1 
>selectionIsInMixture:
***
0 
>mutationIsInMixture:
***
0 
>obsPhiSets:
0
>currentSynthesisRateLevel:
***
1.65841 1.25006 1.03644 1.50862 1.07648 1.27058 1.34639 0.801308 1.09973 0.989766
1.88347 0.769269 0.895984 0.908726 1.32038 1.70405 0.610034 0.694625 1.10468 1.60985
1.04542 0.796907 1.00063 0.886749 0.791939 0.936575 0.943862 0.766597 0.716326 0.660124
0.672399 1.3622 1.1358 0.978636 0.947691 1.47343 0.902715 1.36246 1.55695 0.795091
0.633092 1.2264 1.00426 0.622692 1.16948 0.872487 1.11009 1.26294 1.55492 0.761339
1.07689 0.769265 1.24189 0.941182 1.02932 0.782833 0.983599 0.842351 1.21285 1.71379
0.793709 0.819023 1.20351 0.806372 0.85427 0.914523 0.711006 0.662191 1.81594 1.7419
0.967226 0.802394 1.00989 1.54715 1.52243 1.59439 0.629721 0.871304 0.79493 0.671664
1.34329 0.973337 1.06573 1.32059 1.19911 0.553515 1.00734 1.36203 0.850221 0.739934
0.835136 0.864715 1.28116 1.75262 1.34752 0.940784 0.688078 1.47704 0.926839 1.26509
0.951488 0.72516 0.908737 1.00924 1.11292 0.687226 1.0782 0.95607 0.912385 1.65194
0.908262 1.06862 1.59967 1.19659 0.957052 1.01172 1.04445 1.05407 0.72486 0.762799
0.83967 1.28466 0.767821 0.954433 0.751749 0.857475 1.00088 0.988101 0.898122 0.688921
1.10019 0.888625 0.939929 1.05941 0.906424 1.32254 0.581603 1.19806 0.727656 1.28169
1.07734 1.6264 0.981217 1.01968 0.986161 0.84121 1.03683 1.20636 0.945592 0.918968
1.03216 0.708203 1.1778 0.931937 0.764669 1.5548 1.17173 1.21558 0.861594 1.28001
1.37181 0.932026 0.905229 1.37826 1.44031 1.13208 1.89256 0.882929 1.22726 0.876471
1.28944 1.39149 0.790771 1.29141 1.18918 1.86534 1.01167 0.984323 0.741937 0.803786
0.810831 0.998076 0.638685 0.870713 0.661527 0.676561 0.600984 1.72881 0.834329 0.796626
0.891023 0.615832 1.01972 0.88866 0.87992 1.6879 1.00561 1.12249 1.06857 1.20112
1.11973 0.905739 0.895633 1.49539 1.28224 0.68201 0.478285 0.897088 0.722487 0.600962
1.05074 0.702729 0.779237 0.816596 0.694289 1.41535 0.945531 0.67021 0.788174 1.08593
1.0618 1.72728 1.4795 1.56268 1.17075 0.826755 0.725431 0.855305 0.906434 1.04434
1.08967 0.961578 0.969673 1.12707 0.951364 0.818391 0.917293 1.04421 1.22941 0.828767
1.31375 0.657398 1.04082 0.682883 1.14356 0.93604 0.559428 1.12902 0.783119 0.760416
0.642647 0.786694 0.71462 0.660811 0.857925 0.827214 0.774815 0.896601 0.821996 1.11622
0.97461 0.832942 1.74776 0.991699 0.891887 1.33355 0.900577 1.15609 1.03905 1.44481
0.669371 0.958065 0.756722 1.08501 0.91282 0.782061 1.19368 0.851628 1.32526 0.857975
0.863862 0.938664 1.12947 1.65995 1.19574 1.17488 1.14383 0.946661 0.719056 0.814018
0.806487 0.928993 1.04594 1.71727 0.797241 0.948127 0.763017 0.888727 1.00198 1.48436
0.740925 1.11594 0.914401 1.09548 1.1366 0.720772 0.897626 0.987252 0.641881 0.90113
1.19381 0.811756 1.03939 0.935422 0.756863 0.874882 0.897121 0.705895 1.50601 0.779749
0.736933 1.3596 0.749013 0.64195 1.00472 1.13895 1.27305 1.13553 1.06009 0.643126
0.82858 1.29295 1.49436 0.902451 0.900019 1.17932 0.621611 0.69853 1.03972 0.816058
1.19756 0.810319 0.932292 1.37419 0.766106 0.633193 0.937985 1.31714 0.979723 1.30115
0.894085 1.02772 0.807502 1.09371 1.01373 0.88649 0.861921 0.879384 0.815394 0.72459
0.966088 0.928102 0.944306 0.863081 0.948762 1.09598 0.810415 0.645189 1.54842 0.782799
0.703893 0.908074 0.867043 0.927265 0.835774 1.01523 1.14442 1.03984 1.07586 0.991026
1.0029 0.725843 0.863616 1.12671 0.952461 0.940826 0.795027 1.19835 0.765888 0.917628
0.999198 0.639262 1.12359 1.24064 1.01577 0.895854 1.25268 1.08729 0.833865 0.898434
0.592886 1.14445 1.37096 0.891382 0.88201 1.10276 1.17018 0.918425 0.72111 1.48393
1.20363 1.30653 1.06686 0.874862 0.89224 1.19782 1.02843 1.07611 
>noiseOffset:
>observedSynthesisNoise:
>std_NoiseOffset:
>mutation_prior_mean:
***
0 0 0 0 0 0 0 0 0 0
0 0 0 0 0 0 0 0 0 0
0 0 0 0 0 0 0 0 0 0
0 0 0 0 0 0 0 0 0 0
>mutation_prior_sd:
***
0.35 0.35 0.35 0.35 0.35 0.35 0.35 0.35 0.35 0.35
0.35 0.35 0.35 0.35 0.35 0.35 0.35 0.35 0.35 0.35
0.35 0.35 0.35 0.35 0.35 0.35 0.35 0.35 0.35 0.35
0.35 0.35 0.35 0.35 0.35 0.35 0.35 0.35 0.35 0.35
>std_csp:
0.032768 0.032768 0.032768 0.429982 0.248832 0.248832 0.298598 0.04096 0.04096 0.04096
0.619174 0.12 0.12 0.248832 0.0209715 0.0209715 0.0209715 0.0209715 0.0209715 0.248832
0.1 0.1 0.1 0.248832 0.04096 0.04096 0.04096 0.04096 0.04096 0.04096
0.04096 0.04096 0.04096 0.04096 0.04096 0.04096 0.04096 0.04096 0.358318 0.619174
>currentMutationParameter:
***
-1.19084 2.08674 0.633183 1.70701 1.65096 -2.59462 1.27188 0.0731186 1.04472 -0.103166
2.07275 0.16151 1.42227 -2.70577 0.481166 2.30028 1.64018 0.236147 -2.56308 1.86278
-1.36935 2.63231 0.490568 -2.01915 -0.816199 -0.106376 -0.432546 1.74199 -0.473361 -1.11867
1.84022 1.15302 -0.921567 2.02358 0.5302 -0.768495 1.70725 1.11147 1.63647 1.0773
>currentSelectionParameter:
***
1.581 -1.34547 0.895566 -1.70648 -1.02788 2.32137 -1.50024 -1.51491 -0.567431 0.781225
-1.81406 1.31564 -0.986935 2.6421 0.550537 -1.8971 -1.09828 -0.258949 3.883 -1.62274
-0.261009 -1.68632 -0.456223 1.25279 0.406423 1.2185 0.746129 -0.879773 1.6445 1.10584
-1.46936 -0.572156 1.19721 -1.45718 0.571445 1.86826 -1.14492 -0.559881 -1.54198 -0.875989
>covarianceMatrix:
A
6.37008e-05	0	0	0	0	0	
0	6.37008e-05	0	0	0	0	
0	0	6.37008e-05	0	0	0	
0	0	0	0.00142139	-0.00093159	0.000480582	
0	0	0	-0.00093159	0.00157658	-6.74192e-05	
0	0	0	0.000480582	-6.74192e-05	0.00136419	
***
>covarianceMatrix:
C
0.0107495	0	
0	0.0107495	
***
>covarianceMatrix:
D
0.0062208	0	
0	0.0062208	
***
>covarianceMatrix:
E
0.0062208	0	
0	0.0062208	
***
>covarianceMatrix:
F
0.00746496	0	
0	0.00746496	
***
>covarianceMatrix:
G
0.00013271	0	0	0	0	0	
0	0.00013271	0	0	0	0	
0	0	0.00013271	0	0	0	
0	0	0	0.00240735	0.00148384	-0.000470015	
0	0	0	0.00148384	0.00215076	0.000225514	
0	0	0	-0.000470015	0.000225514	0.00160508	
***
>covarianceMatrix:
H
0.0154794	0	
0	0.0154794	
***
>covarianceMatrix:
I
0.003	0	0	0	
0	0.003	0	0	
0	0	0.003	0	
0	0	0	0.003	
***
>covarianceMatrix:
K
0.0062208	0	
0	0.0062208	
***
>covarianceMatrix:
L
1.46767e-05	0	0	0	0	0	0	0	0	0	
0	1.46767e-05	0	0	0	0	0	0	0	0	
0	0	1.46767e-05	0	0	0	0	0	0	0	
0	0	0	1.46767e-05	0	0	0	0	0	0	
0	0	0	0	1.46767e-05	0	0	0	0	0	
0	0	0	0	0	0.000835529	0.000162118	0.000245628	0.000102953	0.000133273	
0	0	0	0	0	0.000162118	0.00129886	0.00100686	0.000112987	-0.00139987	
0	0	0	0	0	0.000245628	0.00100686	0.00154859	2.0236e-05	-0.00155794	
0	0	0	0	0	0.000102953	0.000112987	2.0236e-05	0.00034461	0.000243406	
0	0	0	0	0	0.000133273	-0.00139987	-0.00155794	0.000243406	0.00410477	
***
>covarianceMatrix:
N
0.0062208	0	
0	0.0062208	
***
>covarianceMatrix:
P
0.0025	0	0	0	0	0	
0	0.0025	0	0	0	0	
0	0	0.0025	0	0	0	
0	0	0	0.0025	0	0	
0	0	0	0	0.0025	0	
0	0	0	0	0	0.0025	
***
>covarianceMatrix:
Q
0.0062208	0	
0	0.0062208	
***
>covarianceMatrix:
R
0.00013271	0	0	0	0	0	0	0	0	0	
0	0.00013271	0	0	0	0	0	0	0	0	
0	0	0.00013271	0	0	0	0	0	0	0	
0	0	0	0.00013271	0	0	0	0	0	0	
0	0	0	0	0.00013271	0	0	0	0	0	
0	0	0	0	0	0.000654619	0.000547174	0.000384297	9.29289e-05	0.000585947	
0	0	0	0	0	0.000547174	0.00385927	0.00132661	0.000330745	0.00221234	
0	0	0	0	0	0.000384297	0.00132661	0.00140734	0.000178004	0.00113824	
0	0	0	0	0	9.29289e-05	0.000330745	0.000178004	0.00243144	-0.000104958	
0	0	0	0	0	0.000585947	0.00221234	0.00113824	-0.000104958	0.00359776	
***
>covarianceMatrix:
S
0.00013271	0	0	0	0	0	
0	0.00013271	0	0	0	0	
0	0	0.00013271	0	0	0	
0	0	0	0.00176495	-0.00164693	-0.000741015	
0	0	0	-0.00164693	0.00387595	0.00236477	
0	0	0	-0.000741015	0.00236477	0.00238177	
***
>covarianceMatrix:
T
0.00013271	0	0	0	0	0	
0	0.00013271	0	0	0	0	
0	0	0.00013271	0	0	0	
0	0	0	0.00136788	-0.00120385	0.000451552	
0	0	0	-0.00120385	0.0035048	0.000261807	
0	0	0	0.000451552	0.000261807	0.00131354	
***
>covarianceMatrix:
V
0.00013271	0	0	0	0	0	
0	0.00013271	0	0	0	0	
0	0	0.00013271	0	0	0	
0	0	0	0.003988	-0.00184318	-0.00128335	
0	0	0	-0.00184318	0.00189642	0.00117886	
0	0	0	-0.00128335	0.00117886	0.00167528	
***
>covarianceMatrix:
Y
0.00895795	0	
0	0.00895795	
***
>covarianceMatrix:
Z
0.0154794	0	
0	0.0154794	
***
