>groupList:
A C D E F G H I K L
N P Q R S T V Y Z 
>stdDevSynthesisRate:
0.234541 
>numParam:
40
>numMixtures:
1
>std_stdDevSynthesisRate:
0.1728
>std_phi:
***
0.0832 0.482681 0.10816 0.28561 0.2197 0.28561 0.169 0.28561 0.2197 0.371293
0.2197 0.28561 0.28561 0.297034 0.2197 0.169 0.28561 0.28561 0.228488 0.2197
0.28561 0.28561 0.13 0.28561 0.2197 0.482681 0.2197 0.2197 0.28561 0.28561
0.371293 0.2197 0.169 0.13 0.2197 0.28561 0.1352 0.228488 0.482681 0.371293
0.28561 0.2197 0.2197 0.28561 0.2197 0.482681 0.169 0.28561 0.169 0.371293
0.2197 0.169 0.297034 0.371293 0.482681 0.627485 0.2197 0.28561 0.371293 0.169
0.627485 0.28561 0.2197 0.28561 0.17576 0.371293 0.169 0.28561 0.13 0.169
0.2197 0.28561 0.28561 0.169 0.13 0.482681 0.482681 0.815731 0.371293 0.482681
0.627485 0.28561 0.13 0.2197 0.13 0.627485 0.2197 0.28561 0.28561 0.371293
0.28561 0.297034 0.28561 0.2197 0.2197 0.2197 0.28561 0.2197 0.482681 0.371293
0.297034 0.482681 0.169 0.13 0.2197 0.371293 0.13 0.2197 0.169 0.169
0.371293 0.28561 0.169 0.371293 0.2197 0.169 0.28561 0.169 0.627485 0.2197
0.482681 0.371293 0.2197 0.371293 0.371293 0.28561 0.482681 0.371293 0.28561 0.482681
0.2197 0.28561 0.28561 0.28561 0.2197 0.627485 0.228488 0.482681 0.2197 0.482681
0.2197 0.482681 0.28561 0.1 0.482681 0.2197 0.28561 0.2197 0.28561 0.482681
0.371293 0.627485 0.2197 0.08 0.371293 0.2197 0.28561 0.2197 0.815731 0.28561
0.2197 0.28561 0.28561 0.482681 0.228488 0.28561 0.2197 0.297034 0.28561 0.13
0.627485 0.2197 0.371293 0.169 0.482681 0.169 0.28561 0.627485 0.28561 0.482681
0.386145 0.13 0.2197 0.371293 0.2197 0.627485 0.28561 0.482681 0.169 0.371293
0.2197 0.482681 0.2197 0.2197 0.371293 0.2197 0.1 0.064 0.482681 0.228488
0.169 0.2197 0.28561 0.371293 0.371293 0.371293 0.371293 0.482681 0.371293 0.482681
0.28561 0.371293 0.28561 0.28561 0.371293 0.169 0.28561 0.371293 0.228488 0.2197
0.482681 0.2197 0.28561 0.371293 0.482681 0.371293 0.815731 0.169 0.482681 0.28561
0.371293 0.2197 0.2197 0.2197 0.28561 0.28561 0.371293 0.371293 0.2197 0.371293
0.169 0.28561 0.28561 0.371293 0.482681 0.13 0.371293 0.1 0.371293 0.482681
0.371293 0.371293 0.2197 0.371293 0.371293 0.371293 0.2197 0.13 0.2197 0.2197
0.13 0.371293 0.2197 0.482681 0.169 0.482681 0.169 0.371293 0.2197 0.482681
0.297034 0.169 0.2197 0.2197 0.28561 0.28561 0.28561 0.371293 0.28561 0.482681
0.28561 0.2197 0.371293 0.28561 0.2197 0.297034 0.2197 0.2197 0.2197 0.482681
0.371293 0.2197 0.28561 0.169 0.104 0.169 0.28561 0.371293 0.169 0.28561
0.371293 0.2197 0.2197 0.228488 0.28561 0.371293 0.2197 0.1 0.371293 0.482681
0.169 0.13 0.1 0.228488 0.2197 0.169 0.482681 0.2197 0.2197 0.28561
0.28561 0.2197 0.482681 0.2197 0.627485 0.28561 0.371293 0.169 0.371293 0.28561
0.371293 0.2197 0.2197 0.2197 0.28561 0.169 0.28561 0.28561 0.104 0.482681
0.28561 0.482681 0.2197 0.169 0.1352 0.2197 0.28561 0.28561 0.28561 0.28561
0.2197 0.2197 0.482681 0.28561 0.2197 0.28561 0.2197 0.2197 0.2197 0.371293
0.28561 0.371293 0.13 0.371293 0.169 0.2197 0.169 0.371293 0.28561 0.371293
0.28561 0.371293 0.482681 0.371293 0.386145 0.2197 0.2197 0.28561 0.28561 0.28561
0.28561 0.169 0.28561 0.482681 0.28561 0.28561 0.28561 0.371293 0.28561 0.482681
0.169 0.28561 0.28561 0.371293 0.28561 0.13 0.371293 0.297034 0.371293 0.169
0.371293 0.28561 0.28561 0.28561 0.228488 0.482681 0.2197 0.386145 0.482681 0.169
0.371293 0.169 0.169 0.371293 0.28561 0.17576 0.482681 0.2197 
>categories:
0 0
>mixtureAssignment:
0 0 0 0 0 0 0 0 0 0 0 0 0 0 0 0 0 0 0 0 0 0 0 0 0 0 0 0 0 0 0 0 0 0 0 0 0 0 0 0 0 0 0 0 0 0 0 0 0 0
0 0 0 0 0 0 0 0 0 0 0 0 0 0 0 0 0 0 0 0 0 0 0 0 0 0 0 0 0 0 0 0 0 0 0 0 0 0 0 0 0 0 0 0 0 0 0 0 0 0
0 0 0 0 0 0 0 0 0 0 0 0 0 0 0 0 0 0 0 0 0 0 0 0 0 0 0 0 0 0 0 0 0 0 0 0 0 0 0 0 0 0 0 0 0 0 0 0 0 0
0 0 0 0 0 0 0 0 0 0 0 0 0 0 0 0 0 0 0 0 0 0 0 0 0 0 0 0 0 0 0 0 0 0 0 0 0 0 0 0 0 0 0 0 0 0 0 0 0 0
0 0 0 0 0 0 0 0 0 0 0 0 0 0 0 0 0 0 0 0 0 0 0 0 0 0 0 0 0 0 0 0 0 0 0 0 0 0 0 0 0 0 0 0 0 0 0 0 0 0
0 0 0 0 0 0 0 0 0 0 0 0 0 0 0 0 0 0 0 0 0 0 0 0 0 0 0 0 0 0 0 0 0 0 0 0 0 0 0 0 0 0 0 0 0 0 0 0 0 0
0 0 0 0 0 0 0 0 0 0 0 0 0 0 0 0 0 0 0 0 0 0 0 0 0 0 0 0 0 0 0 0 0 0 0 0 0 0 0 0 0 0 0 0 0 0 0 0 0 0
0 0 0 0 0 0 0 0 0 0 0 0 0 0 0 0 0 0 0 0 0 0 0 0 0 0 0 0 0 0 0 0 0 0 0 0 0 0 0 0 0 0 0 0 0 0 0 0 0 0
0 0 0 0 0 0 0 0 0 0 0 0 0 0 0 0 0 0 
>numMutationCategories:
1
>numSelectionCategories:
1
>categoryProbabilities:
1 
>selectionIsInMixture:
***
0 
>mutationIsInMixture:
***
0 
>obsPhiSets:
0
>currentSynthesisRateLevel:
***
1.62188 1.38939 1.05889 1.46965 1.18181 1.13989 1.34987 0.813784 1.07634 0.881914
1.8704 0.765183 0.942034 0.820392 1.22187 1.59379 0.703725 0.737335 1.1988 1.81052
1.02396 0.867595 1.00856 1.08264 0.909911 0.998789 0.960988 0.772866 0.661398 0.715993
0.681877 1.47366 1.10755 1.00194 0.985858 1.42389 0.932053 1.28786 1.456 0.756936
0.741024 1.45087 0.96961 0.569755 1.10307 0.758006 1.0774 1.26701 1.64582 0.719609
1.0285 0.829117 1.27967 0.73835 1.11502 0.711472 0.954806 0.800603 1.47342 1.69727
0.825567 0.834748 1.1685 0.749256 0.863066 0.842747 0.710872 0.663968 1.80295 1.84342
0.958492 0.786484 0.97608 1.49251 1.49117 1.56704 0.717935 0.682432 0.748236 0.71897
1.54188 0.908011 1.0694 1.32864 1.23801 0.503043 1.14267 1.2788 0.831542 0.694647
0.91891 0.846426 1.2985 1.64191 1.29704 0.957446 0.626434 1.37345 0.770514 1.2562
0.920932 0.548805 0.888222 1.03483 1.16354 0.719885 1.07854 0.969045 0.834427 1.66651
1.03704 1.17831 1.44562 1.29347 1.01969 0.943665 1.21045 1.12953 0.751506 0.863981
0.692304 1.16869 0.833786 0.921012 0.721824 0.798989 1.0673 0.993669 1.00574 0.68468
1.26617 0.823028 0.956392 0.992184 0.828835 1.22854 0.610077 1.18296 0.77231 1.39993
1.10369 1.33987 0.853495 1.08387 0.928329 0.876618 0.858791 1.07278 0.942441 0.769
1.04828 0.814889 1.33689 0.937545 0.75855 1.54249 1.0834 1.22781 0.705033 1.07118
1.35856 1.01552 0.794222 1.33832 1.46928 1.09724 1.73135 0.879827 1.08026 0.905359
1.31708 1.35793 0.773585 1.18945 0.800651 1.86526 0.875457 1.00788 0.719875 0.645873
0.765249 0.991567 0.602391 0.796462 0.610261 0.700388 0.653033 1.49016 0.825108 0.747619
0.914992 0.812328 1.18354 0.872942 0.982898 1.69899 0.954277 1.11943 0.95601 1.28641
1.03583 0.943548 0.953839 1.33531 1.40377 0.568457 0.689142 0.819485 0.760696 0.672619
1.04559 0.698249 0.759022 0.840919 0.752209 1.51523 1.16998 0.746252 0.825197 1.05638
0.838321 1.88534 1.42778 1.33035 0.942693 0.80391 0.763515 0.862947 0.825621 0.981208
1.09196 0.919294 0.940253 1.16537 1.06935 0.744765 1.06182 0.971694 1.26331 0.821729
1.25372 0.676023 1.1457 0.576991 1.00878 0.974689 0.838896 1.07565 0.845851 0.854244
0.63529 0.84668 0.664836 0.62439 0.800782 0.874729 0.806047 0.972503 0.885542 1.13191
0.958163 0.889998 1.58723 0.977945 0.836882 1.17413 0.867547 0.881234 1.04596 1.05478
0.803056 1.04542 0.688069 0.998221 0.993139 0.857445 1.08486 1.01175 1.16711 0.746459
0.945349 0.996427 1.09735 1.58744 1.23435 1.06151 1.08579 0.977641 0.866452 1.07179
0.86422 0.962008 0.955251 1.67994 0.826606 0.914452 0.788645 0.747061 1.0915 1.37079
0.630172 1.01911 0.90187 0.928666 1.11468 0.774837 0.87983 0.938095 0.788937 0.966166
1.14113 0.829824 1.06666 1.08582 0.742102 0.877498 0.91754 0.703569 1.30886 0.782072
0.724392 1.34459 0.820426 0.646311 1.04876 1.22115 1.19684 1.13569 1.03879 0.656981
0.893266 1.30059 1.37229 0.903095 0.841158 1.30629 0.662087 0.658912 1.03664 0.832762
1.13537 0.680401 1.05748 1.36757 0.755939 0.645338 0.893295 1.45124 0.960921 1.29717
0.893508 1.08147 0.931918 1.0275 0.989273 0.920941 0.872485 0.959264 0.856515 0.663771
0.957464 0.920398 0.814751 0.816132 0.988875 1.13996 0.863314 0.714212 1.60162 0.82583
0.843889 0.863931 0.875609 0.997839 0.840887 0.977499 1.12776 0.894555 0.959608 0.99363
0.966249 0.731332 0.772687 1.03905 0.804164 1.02356 0.907005 0.974723 0.816578 0.955244
0.914361 0.583024 1.12321 1.21466 0.907162 0.82636 1.2421 1.03661 0.888723 0.807767
0.578191 1.07477 1.40798 0.937507 0.830323 0.816909 1.12647 1.2445 0.648879 1.53891
1.00844 1.4292 1.06801 1.06979 1.16913 1.23029 0.994753 0.951045 
>noiseOffset:
>observedSynthesisNoise:
>std_NoiseOffset:
>mutation_prior_mean:
***
0 0 0 0 0 0 0 0 0 0
0 0 0 0 0 0 0 0 0 0
0 0 0 0 0 0 0 0 0 0
0 0 0 0 0 0 0 0 0 0
>mutation_prior_sd:
***
0.35 0.35 0.35 0.35 0.35 0.35 0.35 0.35 0.35 0.35
0.35 0.35 0.35 0.35 0.35 0.35 0.35 0.35 0.35 0.35
0.35 0.35 0.35 0.35 0.35 0.35 0.35 0.35 0.35 0.35
0.35 0.35 0.35 0.35 0.35 0.35 0.35 0.35 0.35 0.35
>std_csp:
0.04096 0.04096 0.04096 0.429982 0.248832 0.20736 0.298598 0.04096 0.04096 0.04096
0.515978 0.1 0.1 0.248832 0.0209715 0.0209715 0.0209715 0.0209715 0.0209715 0.248832
0.1 0.1 0.1 0.248832 0.0512 0.0512 0.0512 0.0512 0.0512 0.04096
0.04096 0.04096 0.04096 0.04096 0.04096 0.04096 0.04096 0.04096 0.358318 0.515978
>currentMutationParameter:
***
-1.19084 2.08674 0.633183 1.70701 1.65096 -2.59462 1.27188 0.0731186 1.04472 -0.103166
2.07275 0.16151 1.42227 -2.70577 0.481166 2.30028 1.64018 0.236147 -2.56308 1.86278
-1.36935 2.63231 0.490568 -2.01915 -0.816199 -0.106376 -0.432546 1.74199 -0.473361 -1.11867
1.84022 1.15302 -0.921567 2.02358 0.5302 -0.768495 1.70725 1.11147 1.63647 1.0773
>currentSelectionParameter:
***
1.5132 -1.39074 0.84481 -1.71286 -1.07349 2.32502 -1.4881 -1.46954 -0.557107 0.895603
-1.86095 1.28895 -1.04268 2.59277 0.445428 -1.96253 -1.15472 -0.291673 3.84462 -1.62003
-0.248685 -1.68243 -0.469056 1.24776 0.46961 1.21125 0.737966 -0.906073 1.5032 1.15886
-1.47493 -0.574345 1.12844 -1.48901 0.596827 1.81509 -1.12836 -0.559339 -1.5768 -0.804574
>covarianceMatrix:
A
0.00013271	0	0	0	0	0	
0	0.00013271	0	0	0	0	
0	0	0.00013271	0	0	0	
0	0	0	0.0023682	-0.00181667	0.000724877	
0	0	0	-0.00181667	0.00273426	-0.000113169	
0	0	0	0.000724877	-0.000113169	0.00211142	
***
>covarianceMatrix:
C
0.0107495	0	
0	0.0107495	
***
>covarianceMatrix:
D
0.0062208	0	
0	0.0062208	
***
>covarianceMatrix:
E
0.005184	0	
0	0.005184	
***
>covarianceMatrix:
F
0.00746496	0	
0	0.00746496	
***
>covarianceMatrix:
G
0.00013271	0	0	0	0	0	
0	0.00013271	0	0	0	0	
0	0	0.00013271	0	0	0	
0	0	0	0.00240735	0.00148384	-0.000470015	
0	0	0	0.00148384	0.00215076	0.000225514	
0	0	0	-0.000470015	0.000225514	0.00160508	
***
>covarianceMatrix:
H
0.0128995	0	
0	0.0128995	
***
>covarianceMatrix:
I
0.0025	0	0	0	
0	0.0025	0	0	
0	0	0.0025	0	
0	0	0	0.0025	
***
>covarianceMatrix:
K
0.0062208	0	
0	0.0062208	
***
>covarianceMatrix:
L
1.46767e-05	0	0	0	0	0	0	0	0	0	
0	1.46767e-05	0	0	0	0	0	0	0	0	
0	0	1.46767e-05	0	0	0	0	0	0	0	
0	0	0	1.46767e-05	0	0	0	0	0	0	
0	0	0	0	1.46767e-05	0	0	0	0	0	
0	0	0	0	0	0.000835529	0.000162118	0.000245628	0.000102953	0.000133273	
0	0	0	0	0	0.000162118	0.00129886	0.00100686	0.000112987	-0.00139987	
0	0	0	0	0	0.000245628	0.00100686	0.00154859	2.0236e-05	-0.00155794	
0	0	0	0	0	0.000102953	0.000112987	2.0236e-05	0.00034461	0.000243406	
0	0	0	0	0	0.000133273	-0.00139987	-0.00155794	0.000243406	0.00410477	
***
>covarianceMatrix:
N
0.0062208	0	
0	0.0062208	
***
>covarianceMatrix:
P
0.0025	0	0	0	0	0	
0	0.0025	0	0	0	0	
0	0	0.0025	0	0	0	
0	0	0	0.0025	0	0	
0	0	0	0	0.0025	0	
0	0	0	0	0	0.0025	
***
>covarianceMatrix:
Q
0.0062208	0	
0	0.0062208	
***
>covarianceMatrix:
R
0.00027648	0	0	0	0	0	0	0	0	0	
0	0.00027648	0	0	0	0	0	0	0	0	
0	0	0.00027648	0	0	0	0	0	0	0	
0	0	0	0.00027648	0	0	0	0	0	0	
0	0	0	0	0.00027648	0	0	0	0	0	
0	0	0	0	0	0.000934934	0.000981415	0.000550018	-0.000168119	0.000922564	
0	0	0	0	0	0.000981415	0.00601914	0.00233256	0.000176183	0.00404371	
0	0	0	0	0	0.000550018	0.00233256	0.00199889	-6.68983e-05	0.00205402	
0	0	0	0	0	-0.000168119	0.000176183	-6.68983e-05	0.00362346	-0.000530624	
0	0	0	0	0	0.000922564	0.00404371	0.00205402	-0.000530624	0.00565096	
***
>covarianceMatrix:
S
0.00013271	0	0	0	0	0	
0	0.00013271	0	0	0	0	
0	0	0.00013271	0	0	0	
0	0	0	0.00176495	-0.00164693	-0.000741015	
0	0	0	-0.00164693	0.00387595	0.00236477	
0	0	0	-0.000741015	0.00236477	0.00238177	
***
>covarianceMatrix:
T
0.00013271	0	0	0	0	0	
0	0.00013271	0	0	0	0	
0	0	0.00013271	0	0	0	
0	0	0	0.00136788	-0.00120385	0.000451552	
0	0	0	-0.00120385	0.0035048	0.000261807	
0	0	0	0.000451552	0.000261807	0.00131354	
***
>covarianceMatrix:
V
0.00013271	0	0	0	0	0	
0	0.00013271	0	0	0	0	
0	0	0.00013271	0	0	0	
0	0	0	0.003988	-0.00184318	-0.00128335	
0	0	0	-0.00184318	0.00189642	0.00117886	
0	0	0	-0.00128335	0.00117886	0.00167528	
***
>covarianceMatrix:
Y
0.00895795	0	
0	0.00895795	
***
>covarianceMatrix:
Z
0.0128995	0	
0	0.0128995	
***
