>groupList:
A C D E F G H I K L
N P Q R S T V Y Z 
>stdDevSynthesisRate:
0.98358 
>numParam:
40
>numMixtures:
1
>std_stdDevSynthesisRate:
0.12
>std_phi:
***
1.06045 0.482681 0.815731 0.371293 0.386145 0.371293 0.28561 1.06045 0.482681 0.627485
0.371293 0.501988 0.482681 1.06045 0.371293 0.371293 1.06045 1.06045 0.371293 0.371293
1.06045 1.06045 0.386145 1.06045 0.386145 1.06045 1.06045 1.06045 1.06045 0.815731
1.06045 0.627485 0.28561 0.386145 0.815731 0.482681 0.652585 0.371293 0.815731 1.06045
1.06045 0.28561 0.386145 1.06045 0.482681 1.06045 0.371293 0.371293 0.371293 1.06045
0.371293 0.627485 0.482681 0.815731 1.06045 1.06045 0.815731 1.06045 0.815731 0.371293
1.06045 0.627485 0.482681 1.06045 1.06045 1.06045 1.06045 1.06045 0.2197 0.28561
0.627485 1.06045 0.482681 0.371293 0.28561 0.652585 1.06045 1.06045 1.06045 1.06045
1.06045 0.627485 0.28561 0.482681 0.371293 1.06045 0.652585 0.627485 1.06045 1.06045
1.06045 1.06045 0.386145 0.371293 0.371293 1.06045 1.06045 0.386145 1.06045 0.482681
1.06045 1.06045 0.815731 0.28561 0.371293 1.06045 1.06045 0.652585 0.815731 0.28561
1.06045 0.815731 0.371293 0.815731 0.482681 0.815731 0.815731 0.501988 1.06045 1.06045
1.06045 0.815731 0.815731 1.06045 1.06045 1.06045 1.06045 1.06045 0.815731 1.06045
0.482681 1.06045 0.627485 0.627485 1.06045 1.06045 1.06045 1.06045 1.06045 0.815731
0.371293 0.815731 1.06045 0.297034 1.06045 1.06045 0.815731 1.06045 1.06045 1.06045
1.06045 1.06045 0.627485 0.386145 1.06045 0.371293 0.815731 0.371293 1.06045 0.371293
0.482681 1.06045 0.815731 0.815731 0.371293 0.627485 0.28561 1.06045 0.501988 0.627485
1.06045 0.371293 1.06045 0.627485 0.815731 0.28561 0.815731 1.06045 0.815731 1.06045
1.06045 0.627485 1.06045 1.06045 1.06045 1.06045 1.06045 0.815731 0.501988 1.06045
0.371293 1.06045 0.627485 0.815731 1.06045 0.371293 0.297034 0.371293 1.06045 0.28561
0.297034 0.815731 1.06045 0.815731 0.627485 1.06045 1.06045 1.06045 1.06045 1.06045
0.297034 1.06045 1.06045 1.06045 1.06045 0.28561 0.482681 1.06045 0.815731 0.627485
1.06045 0.28561 0.627485 0.627485 0.815731 1.06045 1.06045 0.815731 1.06045 0.815731
0.815731 0.815731 0.815731 0.627485 0.815731 1.06045 0.627485 0.815731 1.06045 1.06045
0.386145 1.06045 0.815731 1.06045 0.627485 0.627485 1.06045 0.237628 1.06045 1.06045
1.06045 1.06045 1.06045 1.06045 1.06045 0.815731 1.06045 0.501988 0.815731 0.482681
0.501988 0.815731 0.386145 0.815731 0.501988 0.815731 0.627485 1.06045 0.627485 0.815731
1.06045 0.815731 0.815731 0.501988 0.482681 1.06045 1.06045 1.06045 0.501988 1.06045
1.06045 0.627485 0.627485 0.627485 0.482681 0.815731 0.627485 1.06045 0.627485 1.06045
1.06045 0.815731 0.482681 0.28561 0.371293 0.627485 1.06045 1.06045 0.482681 0.371293
1.06045 0.627485 1.06045 0.627485 0.482681 1.06045 0.815731 0.482681 1.06045 1.06045
0.815731 0.501988 0.297034 1.06045 0.627485 0.371293 1.06045 1.06045 0.28561 1.06045
0.815731 0.386145 1.06045 1.06045 0.815731 0.652585 1.06045 0.501988 1.06045 0.815731
1.06045 0.482681 0.482681 1.06045 1.06045 0.627485 1.06045 1.06045 0.482681 1.06045
0.501988 1.06045 0.386145 0.371293 0.627485 1.06045 0.815731 0.386145 0.482681 0.371293
0.627485 0.501988 1.06045 0.627485 0.371293 1.06045 0.627485 1.06045 1.06045 1.06045
0.627485 0.815731 0.652585 0.627485 0.501988 1.06045 1.06045 1.06045 0.371293 1.06045
1.06045 1.06045 1.06045 0.815731 1.06045 0.815731 0.627485 0.627485 0.627485 0.627485
1.06045 1.06045 1.06045 1.06045 1.06045 0.627485 1.06045 1.06045 1.06045 1.06045
0.482681 1.06045 0.627485 1.06045 0.815731 0.627485 0.815731 0.815731 1.06045 0.627485
1.06045 0.815731 0.815731 1.06045 0.815731 1.06045 0.627485 1.06045 1.06045 0.371293
1.06045 0.371293 0.815731 0.627485 0.627485 0.482681 1.06045 0.815731 
>categories:
0 0
>mixtureAssignment:
0 0 0 0 0 0 0 0 0 0 0 0 0 0 0 0 0 0 0 0 0 0 0 0 0 0 0 0 0 0 0 0 0 0 0 0 0 0 0 0 0 0 0 0 0 0 0 0 0 0
0 0 0 0 0 0 0 0 0 0 0 0 0 0 0 0 0 0 0 0 0 0 0 0 0 0 0 0 0 0 0 0 0 0 0 0 0 0 0 0 0 0 0 0 0 0 0 0 0 0
0 0 0 0 0 0 0 0 0 0 0 0 0 0 0 0 0 0 0 0 0 0 0 0 0 0 0 0 0 0 0 0 0 0 0 0 0 0 0 0 0 0 0 0 0 0 0 0 0 0
0 0 0 0 0 0 0 0 0 0 0 0 0 0 0 0 0 0 0 0 0 0 0 0 0 0 0 0 0 0 0 0 0 0 0 0 0 0 0 0 0 0 0 0 0 0 0 0 0 0
0 0 0 0 0 0 0 0 0 0 0 0 0 0 0 0 0 0 0 0 0 0 0 0 0 0 0 0 0 0 0 0 0 0 0 0 0 0 0 0 0 0 0 0 0 0 0 0 0 0
0 0 0 0 0 0 0 0 0 0 0 0 0 0 0 0 0 0 0 0 0 0 0 0 0 0 0 0 0 0 0 0 0 0 0 0 0 0 0 0 0 0 0 0 0 0 0 0 0 0
0 0 0 0 0 0 0 0 0 0 0 0 0 0 0 0 0 0 0 0 0 0 0 0 0 0 0 0 0 0 0 0 0 0 0 0 0 0 0 0 0 0 0 0 0 0 0 0 0 0
0 0 0 0 0 0 0 0 0 0 0 0 0 0 0 0 0 0 0 0 0 0 0 0 0 0 0 0 0 0 0 0 0 0 0 0 0 0 0 0 0 0 0 0 0 0 0 0 0 0
0 0 0 0 0 0 0 0 0 0 0 0 0 0 0 0 0 0 
>numMutationCategories:
1
>numSelectionCategories:
1
>categoryProbabilities:
1 
>selectionIsInMixture:
***
0 
>mutationIsInMixture:
***
0 
>obsPhiSets:
0
>currentSynthesisRateLevel:
***
0.624559 1.43861 0.647344 2.28713 1.65014 1.44117 1.9183 0.295573 1.10042 0.739117
2.94895 0.847826 0.754786 0.286726 1.29363 3.49713 0.209946 0.291365 1.28893 2.39905
0.339008 0.293729 0.533921 0.401886 0.633257 0.189997 0.481767 0.243614 0.1637 0.545654
0.0833892 0.995757 1.24555 0.521725 0.44817 1.49907 0.433558 1.50301 1.86444 0.12344
0.261388 1.87909 0.825143 0.225651 1.7288 0.264142 0.857813 1.51936 2.41225 0.138977
0.861513 0.402722 1.571 0.695298 0.356832 0.251746 0.435704 0.294948 1.89975 2.17837
0.626311 0.646523 1.04851 0.195907 0.293398 0.349871 0.172644 0.155972 2.96854 2.80963
0.548671 0.251285 0.868974 2.39256 1.4557 2.22961 0.103363 0.77209 0.189953 0.349874
1.88651 0.91107 0.795676 1.39981 0.780908 0.167346 0.569165 1.16261 0.303644 0.238907
0.326129 0.428595 1.53313 2.71299 2.17557 0.353642 0.293538 2.10764 0.298242 1.43383
0.580444 0.0613176 0.237014 0.950404 1.43872 0.195564 0.374724 0.609101 0.413456 2.25181
0.257783 0.577782 2.14328 2.15969 0.810511 0.317505 0.731746 0.473776 0.24795 0.188149
0.557351 0.862464 0.323615 0.536276 0.341255 0.453702 0.596 0.645935 0.534359 0.259578
1.7351 0.339855 0.667621 1.04214 0.195304 0.959331 0.176256 0.606477 0.165597 1.84288
1.08776 1.66894 0.11735 0.756773 1.18833 0.342215 0.678817 0.32971 0.40023 0.639804
0.419538 0.300303 0.954971 0.596961 0.338614 1.59816 0.851372 1.38437 0.878994 1.47772
1.06953 0.315816 0.538861 1.42183 1.84117 0.707256 2.68074 0.278235 0.813648 0.294172
0.781855 1.68859 0.397476 0.539143 1.01332 2.27124 0.620387 1.15118 0.466271 0.276883
0.168758 0.476496 0.180126 0.174328 0.152626 0.307116 0.349891 1.85286 0.40279 0.179078
0.775269 0.308875 0.910336 0.390291 0.558134 2.26555 0.643816 0.46222 0.514052 1.82419
0.857664 0.400002 0.262235 1.4722 1.4618 0.201 0.11721 0.256159 0.243564 0.0883114
0.765065 0.181231 0.346588 0.285503 0.290077 2.4771 0.761364 0.351602 0.520325 0.676616
0.412775 2.93838 1.74989 1.8769 1.04737 0.228473 0.445207 0.275162 0.0583823 0.707098
1.04597 0.592468 0.389004 0.671143 0.499646 0.17501 0.754563 0.761825 0.636356 0.397548
1.34874 0.151044 0.470488 0.0858098 1.23879 0.442353 0.22472 0.729678 0.225276 0.514504
0.171544 0.161133 0.167048 0.0693012 0.334032 0.433529 0.227447 0.558183 0.339857 0.937144
0.53308 0.547584 2.78064 0.639385 0.48 1.08775 0.386273 0.543274 0.471629 1.60306
0.190329 0.510721 0.283592 0.446693 0.893133 0.242017 0.463818 0.131005 1.18583 0.0906936
0.479104 0.57196 2.20626 1.58248 0.792485 0.371576 0.670108 0.276986 0.579474 0.476451
0.343216 0.564276 0.931037 2.63449 0.569384 0.539043 0.275004 0.218334 0.573955 1.93448
0.16616 0.806383 0.472192 0.83732 1.54466 0.270851 0.706389 0.455086 0.378589 0.847679
0.337892 0.486436 0.824004 0.270842 0.309293 0.345413 0.636102 0.173888 1.35725 0.264205
0.237645 1.46185 0.189618 0.300615 0.568883 0.788073 1.60557 0.542951 0.307347 0.225573
0.292759 1.43612 1.68961 0.28924 0.405926 1.47405 0.160219 0.158371 0.58979 0.195976
0.649481 0.065139 1.57596 1.26107 0.380152 0.0920441 0.423583 1.54402 0.680224 1.70243
0.628343 0.926279 0.555601 0.981184 1.37702 0.605943 0.499514 0.682178 0.142002 0.211901
0.452248 0.908933 0.283422 0.677958 0.452716 0.361831 0.414932 0.376655 1.91492 0.268487
0.360532 0.442834 0.395474 0.652021 0.491305 0.540205 0.517575 0.435357 0.60122 0.56521
0.385448 0.0691341 0.188219 0.563527 0.368243 1.04324 0.494894 0.537458 0.429515 1.11246
0.524668 0.0300662 1.30484 0.490052 0.596908 0.33924 0.884087 0.607812 0.654282 0.385013
0.183896 0.509106 0.753805 0.310936 0.33394 1.13949 0.721076 0.794824 0.321316 2.58598
0.439887 2.13716 0.279838 0.692377 0.891325 0.7023 0.564849 0.800767 
>noiseOffset:
>observedSynthesisNoise:
>std_NoiseOffset:
>mutation_prior_mean:
***
0 0 0 0 0 0 0 0 0 0
0 0 0 0 0 0 0 0 0 0
0 0 0 0 0 0 0 0 0 0
0 0 0 0 0 0 0 0 0 0
>mutation_prior_sd:
***
0.35 0.35 0.35 0.35 0.35 0.35 0.35 0.35 0.35 0.35
0.35 0.35 0.35 0.35 0.35 0.35 0.35 0.35 0.35 0.35
0.35 0.35 0.35 0.35 0.35 0.35 0.35 0.35 0.35 0.35
0.35 0.35 0.35 0.35 0.35 0.35 0.35 0.35 0.35 0.35
>std_csp:
0.064 0.064 0.064 0.144 0.1 0.1 0.144 0.064 0.064 0.064
0.298598 0.1 0.1 0.12 0.0134218 0.0134218 0.0134218 0.0134218 0.0134218 0.12
0.0512 0.0512 0.0512 0.1 0.0134218 0.0134218 0.0134218 0.0134218 0.0134218 0.0512
0.0512 0.0512 0.0512 0.0512 0.0512 0.0512 0.0512 0.0512 0.1728 0.358318
>currentMutationParameter:
***
-0.248467 0.905909 0.468841 0.580996 0.795752 -0.8595 0.616214 -0.739237 0.128504 0.176147
0.553518 0.499779 0.853886 -1.05271 0.372014 0.742205 0.380929 0.381943 -0.0132956 0.8177
-0.145856 0.536316 0.0974837 -0.591662 -0.800512 0.0566802 -0.818708 0.803714 -0.0355011 -0.332844
0.574318 0.39757 -0.320562 0.805751 0.582073 0.485042 0.810365 0.195921 0.583394 0.790689
>currentSelectionParameter:
***
0.784801 -0.329498 1.45962 -0.75363 -0.269628 0.906985 -1.41131 -0.893329 0.529612 0.768895
-0.486539 1.81645 -0.645518 1.54013 1.02878 -0.590607 0.19442 -0.676569 1.86856 -0.839325
-1.83516 0.30784 -0.119848 -0.113607 0.464039 1.71708 1.79651 -0.0624203 1.79381 0.512347
-0.246697 0.350292 0.772123 -0.425995 0.998982 0.703005 -0.268459 0.516415 -0.73422 -0.907846
>covarianceMatrix:
A
0.00107741	-5.05324e-06	3.86099e-05	-0.000364492	2.41036e-05	0.00010038	
-5.05324e-06	0.00149341	0.000342559	0.000196486	-0.000609456	-0.000352564	
3.86099e-05	0.000342559	0.00186343	0.000110108	-0.000178411	-0.00156587	
-0.000364492	0.000196486	0.000110108	0.001212	-0.000172869	0.000101393	
2.41036e-05	-0.000609456	-0.000178411	-0.000172869	0.00114522	0.000188134	
0.00010038	-0.000352564	-0.00156587	0.000101393	0.000188134	0.00407711	
***
>covarianceMatrix:
C
0.0036	0	
0	0.0036	
***
>covarianceMatrix:
D
0.0025	0	
0	0.0025	
***
>covarianceMatrix:
E
0.0025	0	
0	0.0025	
***
>covarianceMatrix:
F
0.0036	0	
0	0.0036	
***
>covarianceMatrix:
G
0.00201324	0.00126594	0.00106506	-0.00126753	-0.00120728	-0.000876233	
0.00126594	0.00265257	0.00108392	-0.000999079	-0.00231936	-0.00106701	
0.00106506	0.00108392	0.0025693	-0.000909707	-0.00132282	-0.00174715	
-0.00126753	-0.000999079	-0.000909707	0.00241542	0.00119894	0.00103167	
-0.00120728	-0.00231936	-0.00132282	0.00119894	0.00464792	0.00168976	
-0.000876233	-0.00106701	-0.00174715	0.00103167	0.00168976	0.00339925	
***
>covarianceMatrix:
H
0.00746496	0	
0	0.00746496	
***
>covarianceMatrix:
I
0.0025	0	0	0	
0	0.0025	0	0	
0	0	0.0025	0	
0	0	0	0.0025	
***
>covarianceMatrix:
K
0.003	0	
0	0.003	
***
>covarianceMatrix:
L
0.00203308	-2.75469e-05	0.000505912	0.00019246	0.000877909	-0.00332541	0.000568917	-0.00073916	0.000318243	-0.00196912	
-2.75469e-05	0.00122891	0.000378407	0.00059945	-0.000406855	0.000155094	-0.00120881	-0.000624076	-0.000693638	0.000700195	
0.000505912	0.000378407	0.0012428	0.000490993	3.61295e-05	-0.00109897	4.7557e-05	-0.00162094	-0.000304298	-7.83348e-05	
0.00019246	0.00059945	0.000490993	0.00104835	-0.000362129	-0.000504867	-0.000560421	-0.000873978	-0.00108887	0.000410941	
0.000877909	-0.000406855	3.61295e-05	-0.000362129	0.00228338	-0.000774835	0.000870287	0.000457184	0.00113163	-0.00309692	
-0.00332541	0.000155094	-0.00109897	-0.000504867	-0.000774835	0.0101722	-0.00126655	0.00321226	-9.53065e-06	0.00539028	
0.000568917	-0.00120881	4.7557e-05	-0.000560421	0.000870287	-0.00126655	0.00243219	0.00025344	0.0013481	-0.00151898	
-0.00073916	-0.000624076	-0.00162094	-0.000873978	0.000457184	0.00321226	0.00025344	0.00382808	0.00118397	0.000663035	
0.000318243	-0.000693638	-0.000304298	-0.00108887	0.00113163	-9.53065e-06	0.0013481	0.00118397	0.00209887	-0.00154771	
-0.00196912	0.000700195	-7.83348e-05	0.000410941	-0.00309692	0.00539028	-0.00151898	0.000663035	-0.00154771	0.00937741	
***
>covarianceMatrix:
N
0.003	0	
0	0.003	
***
>covarianceMatrix:
P
0.00179437	0.000548495	0.000980066	-0.00175576	-0.000373242	-0.00111358	
0.000548495	0.00274824	0.0011489	-0.000370908	-0.00365642	-0.0012482	
0.000980066	0.0011489	0.00250166	-0.00100331	-0.00127409	-0.00304974	
-0.00175576	-0.000370908	-0.00100331	0.00493419	0.000551763	0.00194414	
-0.000373242	-0.00365642	-0.00127409	0.000551763	0.0100222	0.00235824	
-0.00111358	-0.0012482	-0.00304974	0.00194414	0.00235824	0.00702039	
***
>covarianceMatrix:
Q
0.0025	0	
0	0.0025	
***
>covarianceMatrix:
R
0.00155162	0.000940883	0.000787431	0.000791753	0.000381936	-0.00168697	-0.00087688	-0.00106906	-0.000674095	-0.00011061	
0.000940883	0.00371785	0.00042784	0.000556609	0.000727843	-0.000968399	-0.00385294	0.000189167	-0.000678768	-0.000117446	
0.000787431	0.00042784	0.00162538	0.000529506	0.000575801	-0.0007279	0.000276846	-0.00170911	-0.000373224	-1.95981e-05	
0.000791753	0.000556609	0.000529506	0.00317286	-0.000485327	-0.000567164	-0.000343551	-0.000241866	-0.002643	0.00141273	
0.000381936	0.000727843	0.000575801	-0.000485327	0.00344376	-0.000290143	9.59841e-05	0.00017713	0.000579989	-0.00363266	
-0.00168697	-0.000968399	-0.0007279	-0.000567164	-0.000290143	0.00311824	0.00196245	0.00217052	0.000830839	0.000772251	
-0.00087688	-0.00385294	0.000276846	-0.000343551	9.59841e-05	0.00196245	0.0100717	0.000336395	0.000293324	0.000503411	
-0.00106906	0.000189167	-0.00170911	-0.000241866	0.00017713	0.00217052	0.000336395	0.00512822	0.000246646	0.000370206	
-0.000674095	-0.000678768	-0.000373224	-0.002643	0.000579989	0.000830839	0.000293324	0.000246646	0.00360551	-0.0015185	
-0.00011061	-0.000117446	-1.95981e-05	0.00141273	-0.00363266	0.000772251	0.000503411	0.000370206	-0.0015185	0.00710348	
***
>covarianceMatrix:
S
0.00113134	0.000263955	0.000194707	-0.000836997	-9.5196e-05	-3.94516e-06	
0.000263955	0.00124612	0.00025339	-0.000142616	-0.000640061	-0.000132823	
0.000194707	0.00025339	0.00123275	-0.000148458	-0.000180198	-0.000742826	
-0.000836997	-0.000142616	-0.000148458	0.00201485	6.90503e-05	0.000338706	
-9.5196e-05	-0.000640061	-0.000180198	6.90503e-05	0.00124397	0.000272756	
-3.94516e-06	-0.000132823	-0.000742826	0.000338706	0.000272756	0.00177978	
***
>covarianceMatrix:
T
0.00151452	0.000220476	0.000669319	-0.00108872	-0.000118472	-0.00033236	
0.000220476	0.00115766	0.000506506	-9.79745e-05	-0.000525428	-0.000551596	
0.000669319	0.000506506	0.00213127	-0.000452144	-0.000312805	-0.00203522	
-0.00108872	-9.79745e-05	-0.000452144	0.00246632	-0.000123234	0.000946928	
-0.000118472	-0.000525428	-0.000312805	-0.000123234	0.00112994	7.94385e-05	
-0.00033236	-0.000551596	-0.00203522	0.000946928	7.94385e-05	0.00477092	
***
>covarianceMatrix:
V
0.00171487	0.000185399	0.000350921	-0.00162174	-9.38967e-05	-0.000515985	
0.000185399	0.00123482	0.000332777	-1.51419e-05	-0.000689268	-0.000242316	
0.000350921	0.000332777	0.00119051	-0.0005888	-0.0003075	-0.00102905	
-0.00162174	-1.51419e-05	-0.0005888	0.0030978	-2.06784e-05	0.001094	
-9.38967e-05	-0.000689268	-0.0003075	-2.06784e-05	0.00117148	0.000471435	
-0.000515985	-0.000242316	-0.00102905	0.001094	0.000471435	0.00225713	
***
>covarianceMatrix:
Y
0.00432	0	
0	0.00432	
***
>covarianceMatrix:
Z
0.00895795	0	
0	0.00895795	
***
