>groupList:
A C D E F G H I K L
N P Q R S T V Y Z 
>stdDevSynthesisRate:
0.98358 
>numParam:
40
>numMixtures:
1
>std_stdDevSynthesisRate:
0.12
>std_phi:
***
1.37858 0.482681 0.815731 0.371293 0.386145 0.371293 0.28561 1.37858 0.482681 0.627485
0.371293 0.501988 0.482681 1.37858 0.371293 0.371293 1.37858 1.37858 0.371293 0.371293
1.06045 1.37858 0.386145 1.37858 0.386145 1.37858 1.06045 1.06045 1.37858 0.815731
1.37858 0.627485 0.28561 0.386145 0.815731 0.482681 0.652585 0.482681 0.815731 1.37858
1.37858 0.28561 0.308916 1.06045 0.386145 1.37858 0.482681 0.371293 0.371293 1.37858
0.371293 0.815731 0.482681 0.815731 1.37858 1.37858 0.815731 1.37858 0.815731 0.371293
1.37858 0.815731 0.482681 1.37858 1.06045 1.37858 1.37858 1.37858 0.2197 0.28561
0.627485 1.06045 0.482681 0.371293 0.228488 0.652585 1.37858 1.37858 1.37858 1.37858
1.06045 0.627485 0.371293 0.482681 0.371293 1.37858 0.652585 0.501988 1.06045 1.37858
1.37858 1.37858 0.501988 0.371293 0.371293 1.06045 1.06045 0.386145 1.37858 0.482681
1.37858 1.37858 0.815731 0.371293 0.371293 1.37858 1.06045 0.652585 0.815731 0.28561
1.37858 0.815731 0.371293 0.815731 0.482681 1.06045 0.815731 0.501988 1.37858 1.06045
1.37858 0.815731 0.815731 1.06045 1.37858 1.06045 1.06045 1.06045 0.652585 1.37858
0.482681 1.37858 0.627485 0.627485 1.37858 1.37858 1.37858 1.06045 1.37858 0.815731
0.371293 0.815731 1.37858 0.297034 1.06045 1.37858 0.815731 1.06045 1.37858 1.37858
1.06045 1.37858 0.627485 0.386145 1.37858 0.371293 0.815731 0.371293 1.37858 0.371293
0.482681 1.06045 0.815731 0.815731 0.371293 0.627485 0.371293 1.37858 0.501988 0.627485
1.37858 0.371293 1.37858 0.627485 1.06045 0.28561 0.815731 1.37858 0.815731 1.37858
1.37858 0.627485 1.37858 1.37858 1.37858 1.37858 1.37858 0.815731 0.501988 1.37858
0.371293 1.37858 0.815731 0.815731 1.06045 0.371293 0.297034 0.371293 1.37858 0.28561
0.297034 0.815731 1.37858 0.815731 0.627485 1.37858 1.37858 1.37858 1.37858 1.37858
0.297034 1.06045 1.37858 1.37858 1.37858 0.28561 0.482681 1.37858 0.815731 0.627485
1.37858 0.28561 0.627485 0.627485 0.815731 1.37858 1.37858 1.06045 1.37858 1.06045
0.815731 0.815731 1.06045 0.627485 1.06045 1.37858 0.627485 1.06045 0.84836 1.37858
0.308916 1.37858 0.815731 1.37858 0.627485 0.627485 1.37858 0.237628 1.37858 1.37858
1.37858 1.37858 1.37858 1.37858 1.37858 1.06045 1.37858 0.652585 0.815731 0.482681
0.501988 0.815731 0.386145 0.815731 0.501988 1.06045 0.815731 1.37858 0.627485 0.815731
1.37858 0.815731 0.815731 0.501988 0.482681 1.06045 1.06045 1.37858 0.501988 1.37858
1.06045 0.627485 0.627485 0.627485 0.627485 1.06045 0.627485 1.37858 0.627485 1.37858
1.37858 1.06045 0.482681 0.28561 0.371293 0.627485 1.06045 1.37858 0.482681 0.371293
1.37858 0.627485 1.06045 0.627485 0.482681 1.37858 0.815731 0.482681 1.06045 1.06045
0.815731 0.501988 0.297034 1.37858 0.815731 0.371293 1.37858 1.37858 0.28561 1.37858
0.815731 0.386145 1.37858 1.06045 0.815731 0.652585 1.06045 0.501988 1.37858 0.815731
1.37858 0.482681 0.482681 1.37858 1.37858 0.627485 1.37858 1.37858 0.482681 1.37858
0.501988 1.37858 0.386145 0.371293 0.627485 1.37858 1.06045 0.501988 0.482681 0.371293
0.627485 0.401591 1.37858 0.501988 0.371293 1.37858 0.627485 1.06045 1.37858 1.06045
0.627485 0.815731 0.652585 0.815731 0.501988 1.37858 1.06045 1.06045 0.371293 1.37858
1.37858 1.37858 1.37858 0.815731 1.37858 0.815731 0.627485 0.627485 0.815731 0.627485
1.37858 1.37858 1.37858 1.37858 1.06045 0.627485 1.06045 1.37858 1.06045 1.37858
0.482681 1.37858 0.627485 1.37858 0.815731 0.627485 0.815731 0.815731 1.37858 0.627485
1.37858 0.815731 0.815731 1.37858 1.06045 1.37858 0.627485 1.37858 1.37858 0.371293
1.37858 0.371293 0.815731 0.627485 0.627485 0.482681 1.37858 0.815731 
>categories:
0 0
>mixtureAssignment:
0 0 0 0 0 0 0 0 0 0 0 0 0 0 0 0 0 0 0 0 0 0 0 0 0 0 0 0 0 0 0 0 0 0 0 0 0 0 0 0 0 0 0 0 0 0 0 0 0 0
0 0 0 0 0 0 0 0 0 0 0 0 0 0 0 0 0 0 0 0 0 0 0 0 0 0 0 0 0 0 0 0 0 0 0 0 0 0 0 0 0 0 0 0 0 0 0 0 0 0
0 0 0 0 0 0 0 0 0 0 0 0 0 0 0 0 0 0 0 0 0 0 0 0 0 0 0 0 0 0 0 0 0 0 0 0 0 0 0 0 0 0 0 0 0 0 0 0 0 0
0 0 0 0 0 0 0 0 0 0 0 0 0 0 0 0 0 0 0 0 0 0 0 0 0 0 0 0 0 0 0 0 0 0 0 0 0 0 0 0 0 0 0 0 0 0 0 0 0 0
0 0 0 0 0 0 0 0 0 0 0 0 0 0 0 0 0 0 0 0 0 0 0 0 0 0 0 0 0 0 0 0 0 0 0 0 0 0 0 0 0 0 0 0 0 0 0 0 0 0
0 0 0 0 0 0 0 0 0 0 0 0 0 0 0 0 0 0 0 0 0 0 0 0 0 0 0 0 0 0 0 0 0 0 0 0 0 0 0 0 0 0 0 0 0 0 0 0 0 0
0 0 0 0 0 0 0 0 0 0 0 0 0 0 0 0 0 0 0 0 0 0 0 0 0 0 0 0 0 0 0 0 0 0 0 0 0 0 0 0 0 0 0 0 0 0 0 0 0 0
0 0 0 0 0 0 0 0 0 0 0 0 0 0 0 0 0 0 0 0 0 0 0 0 0 0 0 0 0 0 0 0 0 0 0 0 0 0 0 0 0 0 0 0 0 0 0 0 0 0
0 0 0 0 0 0 0 0 0 0 0 0 0 0 0 0 0 0 
>numMutationCategories:
1
>numSelectionCategories:
1
>categoryProbabilities:
1 
>selectionIsInMixture:
***
0 
>mutationIsInMixture:
***
0 
>obsPhiSets:
0
>currentSynthesisRateLevel:
***
0.624559 1.43861 0.68762 2.28713 1.65014 1.44117 1.9183 0.249694 1.10042 0.739117
2.94895 0.847826 0.754786 0.286726 1.29363 3.27183 0.209946 0.291365 1.32329 2.6742
0.637791 0.293729 0.533921 0.21131 0.633257 0.189997 0.481767 0.243614 0.238827 0.545654
0.0833892 0.995757 1.24555 0.521725 0.44817 1.49907 0.433558 1.50301 1.86444 0.133404
0.261388 1.87909 0.825143 0.225651 1.71579 0.264142 0.857813 1.51936 2.41225 0.138977
0.873767 0.402722 1.54456 0.695298 0.456437 0.251746 0.435704 0.294948 1.56986 2.22862
0.618921 0.646523 1.08063 0.195907 0.293398 0.349871 0.173255 0.155972 2.96854 2.80963
0.529087 0.251285 0.969876 2.39256 1.4557 2.22961 0.103363 0.77209 0.217414 0.349874
1.88651 0.91107 0.754347 1.39981 0.780908 0.167346 0.569165 1.16261 0.306364 0.238907
0.326129 0.428595 1.53313 3.1578 2.17557 0.314917 0.448455 2.10764 0.298242 1.3239
0.580444 0.0613176 0.237014 0.768994 1.43872 0.0785787 0.31196 0.609101 0.471454 2.33967
0.777112 0.577782 2.14328 2.15969 0.810511 0.317505 0.582623 0.473776 0.24795 0.188149
0.557351 0.862464 0.323615 0.536276 0.495268 0.810611 0.596 0.645935 0.84681 0.259578
1.7351 0.392679 0.667621 1.04214 0.122006 0.959331 0.126671 0.606477 0.171506 1.84288
1.18057 1.66894 0.11735 0.756773 1.18833 0.342215 0.650545 0.32971 0.40023 0.639804
0.492256 0.300303 0.954971 0.596961 0.338614 1.89062 0.851372 1.48865 0.878994 1.47772
1.11989 0.315816 0.538861 1.42183 1.84117 0.819468 2.79147 0.293938 0.615287 0.294172
0.781855 1.68859 0.531656 0.539143 0.767618 2.27124 0.452238 1.05415 0.555563 0.276883
0.168758 0.476496 0.180126 0.17462 0.152626 0.34264 0.170786 1.85286 0.42838 0.179078
0.769598 0.308875 0.53508 0.390291 0.558134 2.26555 0.643816 0.469334 0.514052 1.80745
0.857664 0.400002 0.534135 2.12517 1.4618 0.190267 0.237347 0.180812 0.299811 0.0883114
0.765065 0.153695 0.346588 0.285503 0.290077 2.4771 1.05914 0.351602 0.520325 0.676616
0.412775 2.45584 1.30302 1.8769 1.04737 0.228473 0.445207 0.275162 0.0583823 0.707098
1.04597 0.592468 0.389004 0.671143 0.508023 0.223826 0.754563 0.761825 0.636356 0.397548
1.34874 0.169862 0.5898 0.124449 1.23879 0.442353 0.182344 0.729678 0.172915 0.514504
0.343376 0.132559 0.167048 0.0693012 0.303344 0.433529 0.227447 0.558183 0.339857 0.859144
0.579763 0.547584 2.78064 0.639385 0.418954 1.08775 0.386273 0.543274 0.471629 1.33354
0.190329 0.349526 0.28876 0.41995 0.893133 0.502229 0.463818 0.131005 1.04888 0.11395
0.252879 0.57196 2.20626 1.58248 0.792485 0.371576 0.773929 0.276986 0.579474 0.395533
0.343216 0.564276 0.931037 2.63449 0.469031 0.539043 0.284204 0.218334 0.573955 2.00342
0.16616 0.806383 0.472192 0.656108 1.54466 0.270851 0.706389 0.455086 0.378589 0.847679
0.523137 0.435871 0.824004 0.270842 0.381919 0.380363 0.269358 0.173888 1.35725 0.264205
0.237645 1.46185 0.173322 0.300615 0.568883 0.788073 1.63479 0.608496 0.158382 0.225573
0.292759 1.43612 1.68961 0.28924 0.405926 1.47405 0.0922011 0.158371 0.58979 0.195976
0.649481 0.065139 1.57596 1.26443 0.336378 0.0920441 0.617515 1.54402 0.680224 1.70243
0.643521 0.926279 0.555601 0.981184 1.37702 0.15756 0.499514 0.619164 0.226771 0.211901
0.452248 0.908933 0.283422 0.704867 0.452716 0.361831 0.414932 0.273679 1.91492 0.268487
0.115972 0.442834 0.395474 0.652021 0.491305 0.540205 0.517575 0.435357 0.60122 0.667619
0.535477 0.0589374 0.188219 0.563527 0.368243 1.04324 0.494894 0.537458 0.429515 0.859337
0.524668 0.0848811 1.30484 0.490052 0.602827 0.33924 0.884087 0.607812 0.654282 0.385013
0.183896 0.509106 0.753805 0.310936 0.33394 0.922702 0.721076 0.657419 0.237141 2.58598
0.439887 2.13716 0.279838 0.712946 0.891325 0.670507 0.794497 0.800767 
>noiseOffset:
>observedSynthesisNoise:
>std_NoiseOffset:
>mutation_prior_mean:
***
0 0 0 0 0 0 0 0 0 0
0 0 0 0 0 0 0 0 0 0
0 0 0 0 0 0 0 0 0 0
0 0 0 0 0 0 0 0 0 0
>mutation_prior_sd:
***
0.35 0.35 0.35 0.35 0.35 0.35 0.35 0.35 0.35 0.35
0.35 0.35 0.35 0.35 0.35 0.35 0.35 0.35 0.35 0.35
0.35 0.35 0.35 0.35 0.35 0.35 0.35 0.35 0.35 0.35
0.35 0.35 0.35 0.35 0.35 0.35 0.35 0.35 0.35 0.35
>std_csp:
0.064 0.064 0.064 0.144 0.1 0.1 0.144 0.0512 0.0512 0.0512
0.298598 0.1 0.1 0.12 0.0107374 0.0107374 0.0107374 0.0107374 0.0107374 0.12
0.04096 0.04096 0.04096 0.1 0.0107374 0.0107374 0.0107374 0.0107374 0.0107374 0.0512
0.0512 0.0512 0.0512 0.0512 0.0512 0.0512 0.0512 0.0512 0.1728 0.358318
>currentMutationParameter:
***
-0.292053 0.89565 0.445321 0.580996 0.795752 -0.851712 0.616214 -0.739237 0.128504 0.176147
0.553518 0.499779 0.853886 -1.05271 0.372014 0.742205 0.380929 0.381943 -0.0132956 0.859899
-0.145856 0.536316 0.0974837 -0.571052 -0.800512 0.0566802 -0.818708 0.803714 -0.0355011 -0.321929
0.59869 0.351052 -0.320562 0.805751 0.582073 0.485042 0.810365 0.195921 0.583394 0.790689
>currentSelectionParameter:
***
0.817018 -0.304432 1.51402 -0.75363 -0.269628 0.832769 -1.41131 -0.893329 0.529612 0.768895
-0.486539 1.81645 -0.645518 1.54013 1.02878 -0.590607 0.19442 -0.676569 1.86856 -0.882738
-1.83516 0.30784 -0.119848 -0.100772 0.464039 1.71708 1.79651 -0.0624203 1.79381 0.50282
-0.296697 0.393613 0.772123 -0.425995 0.998982 0.703005 -0.268459 0.516415 -0.73422 -0.907846
>covarianceMatrix:
A
0.00107741	-5.05324e-06	3.86099e-05	-0.000364492	2.41036e-05	0.00010038	
-5.05324e-06	0.00149341	0.000342559	0.000196486	-0.000609456	-0.000352564	
3.86099e-05	0.000342559	0.00186343	0.000110108	-0.000178411	-0.00156587	
-0.000364492	0.000196486	0.000110108	0.001212	-0.000172869	0.000101393	
2.41036e-05	-0.000609456	-0.000178411	-0.000172869	0.00114522	0.000188134	
0.00010038	-0.000352564	-0.00156587	0.000101393	0.000188134	0.00407711	
***
>covarianceMatrix:
C
0.0036	0	
0	0.0036	
***
>covarianceMatrix:
D
0.0025	0	
0	0.0025	
***
>covarianceMatrix:
E
0.0025	0	
0	0.0025	
***
>covarianceMatrix:
F
0.0036	0	
0	0.0036	
***
>covarianceMatrix:
G
0.00173741	0.000833138	0.000511998	-0.00111321	-0.000967991	-0.00059031	
0.000833138	0.00210643	0.00107683	-0.00072318	-0.00183598	-0.00110297	
0.000511998	0.00107683	0.00296582	-0.000813646	-0.000857937	-0.00253743	
-0.00111321	-0.00072318	-0.000813646	0.00197283	0.000999317	0.00106849	
-0.000967991	-0.00183598	-0.000857937	0.000999317	0.00381178	0.00131354	
-0.00059031	-0.00110297	-0.00253743	0.00106849	0.00131354	0.0038885	
***
>covarianceMatrix:
H
0.00746496	0	
0	0.00746496	
***
>covarianceMatrix:
I
0.0025	0	0	0	
0	0.0025	0	0	
0	0	0.0025	0	
0	0	0	0.0025	
***
>covarianceMatrix:
K
0.003	0	
0	0.003	
***
>covarianceMatrix:
L
0.00180166	-6.70584e-05	0.000227112	-2.52255e-05	0.000723558	-0.00217616	0.000457852	-7.06878e-05	0.000353233	-0.000773958	
-6.70584e-05	0.00198447	0.000939434	0.0010879	-0.00043083	-0.000819801	-0.00217781	-0.00204461	-0.0013814	-0.00179199	
0.000227112	0.000939434	0.00154045	0.000836165	-6.03859e-05	-0.00111792	-0.000928193	-0.00250136	-0.000851997	-0.00138564	
-2.52255e-05	0.0010879	0.000836165	0.00133191	-0.000502112	-0.000933426	-0.00129652	-0.00187919	-0.00146758	-0.00136836	
0.000723558	-0.00043083	-6.03859e-05	-0.000502112	0.0017368	-0.000173687	0.000759172	0.000786163	0.000988604	-0.00120886	
-0.00217616	-0.000819801	-0.00111792	-0.000933426	-0.000173687	0.00713162	0.000429689	0.00327028	0.000918419	0.00465349	
0.000457852	-0.00217781	-0.000928193	-0.00129652	0.000759172	0.000429689	0.00336732	0.00248712	0.00204436	0.00212193	
-7.06878e-05	-0.00204461	-0.00250136	-0.00187919	0.000786163	0.00327028	0.00248712	0.00642577	0.00246627	0.00368185	
0.000353233	-0.0013814	-0.000851997	-0.00146758	0.000988604	0.000918419	0.00204436	0.00246627	0.00224542	0.00137389	
-0.000773958	-0.00179199	-0.00138564	-0.00136836	-0.00120886	0.00465349	0.00212193	0.00368185	0.00137389	0.00957247	
***
>covarianceMatrix:
N
0.003	0	
0	0.003	
***
>covarianceMatrix:
P
0.00279976	-0.000142819	0.000823119	-0.00190216	0.000701303	-0.000902954	
-0.000142819	0.00355829	0.00077822	-0.00051695	-0.00587177	-0.000811634	
0.000823119	0.00077822	0.00206576	-0.00119045	-0.000636386	-0.00258892	
-0.00190216	-0.00051695	-0.00119045	0.00451232	0.00035278	0.00175636	
0.000701303	-0.00587177	-0.000636386	0.00035278	0.0147577	0.00118374	
-0.000902954	-0.000811634	-0.00258892	0.00175636	0.00118374	0.00570599	
***
>covarianceMatrix:
Q
0.0025	0	
0	0.0025	
***
>covarianceMatrix:
R
0.00133535	0.00059983	0.000601616	0.000766386	0.000503699	-0.0013081	-0.000419454	-0.000799255	-0.000556161	-0.000302396	
0.00059983	0.0031415	-0.000192414	0.000126065	-4.49064e-05	-0.000951597	-0.00554256	-4.88347e-05	-0.000241557	-0.000207451	
0.000601616	-0.000192414	0.00169921	0.000402841	0.000823016	-8.71366e-05	0.00272513	-0.000793492	-0.000243129	0.000398799	
0.000766386	0.000126065	0.000402841	0.00264747	6.51803e-05	-0.000625925	0.00030449	-0.000346036	-0.00176609	0.000454734	
0.000503699	-4.49064e-05	0.000823016	6.51803e-05	0.00307633	-0.00012572	0.00285629	0.000264712	9.95931e-05	-0.00226622	
-0.0013081	-0.000951597	-8.71366e-05	-0.000625925	-0.00012572	0.00288801	0.0036426	0.00213263	0.000811117	0.00157397	
-0.000419454	-0.00554256	0.00272513	0.00030449	0.00285629	0.0036426	0.0228286	0.0025647	0.000196168	0.00223198	
-0.000799255	-4.88347e-05	-0.000793492	-0.000346036	0.000264712	0.00213263	0.0025647	0.00440613	0.000650784	0.00129881	
-0.000556161	-0.000241557	-0.000243129	-0.00176609	9.95931e-05	0.000811117	0.000196168	0.000650784	0.00236337	-0.000377566	
-0.000302396	-0.000207451	0.000398799	0.000454734	-0.00226622	0.00157397	0.00223198	0.00129881	-0.000377566	0.0057304	
***
>covarianceMatrix:
S
0.00113134	0.000263955	0.000194707	-0.000836997	-9.5196e-05	-3.94516e-06	
0.000263955	0.00124612	0.00025339	-0.000142616	-0.000640061	-0.000132823	
0.000194707	0.00025339	0.00123275	-0.000148458	-0.000180198	-0.000742826	
-0.000836997	-0.000142616	-0.000148458	0.00201485	6.90503e-05	0.000338706	
-9.5196e-05	-0.000640061	-0.000180198	6.90503e-05	0.00124397	0.000272756	
-3.94516e-06	-0.000132823	-0.000742826	0.000338706	0.000272756	0.00177978	
***
>covarianceMatrix:
T
0.00151452	0.000220476	0.000669319	-0.00108872	-0.000118472	-0.00033236	
0.000220476	0.00115766	0.000506506	-9.79745e-05	-0.000525428	-0.000551596	
0.000669319	0.000506506	0.00213127	-0.000452144	-0.000312805	-0.00203522	
-0.00108872	-9.79745e-05	-0.000452144	0.00246632	-0.000123234	0.000946928	
-0.000118472	-0.000525428	-0.000312805	-0.000123234	0.00112994	7.94385e-05	
-0.00033236	-0.000551596	-0.00203522	0.000946928	7.94385e-05	0.00477092	
***
>covarianceMatrix:
V
0.00171487	0.000185399	0.000350921	-0.00162174	-9.38967e-05	-0.000515985	
0.000185399	0.00123482	0.000332777	-1.51419e-05	-0.000689268	-0.000242316	
0.000350921	0.000332777	0.00119051	-0.0005888	-0.0003075	-0.00102905	
-0.00162174	-1.51419e-05	-0.0005888	0.0030978	-2.06784e-05	0.001094	
-9.38967e-05	-0.000689268	-0.0003075	-2.06784e-05	0.00117148	0.000471435	
-0.000515985	-0.000242316	-0.00102905	0.001094	0.000471435	0.00225713	
***
>covarianceMatrix:
Y
0.00432	0	
0	0.00432	
***
>covarianceMatrix:
Z
0.00895795	0	
0	0.00895795	
***
