>groupList:
A C D E F G H I K L
N P Q R S T V Y Z 
>stdDevSynthesisRate:
0.827509 
>numParam:
40
>numMixtures:
1
>std_stdDevSynthesisRate:
0.20736
>std_phi:
***
1.10287 1.14698 0.1352 0.371293 0.308916 0.1352 0.297034 0.308916 0.308916 0.308916
0.401591 0.297034 0.13 0.169 0.371293 0.371293 0.371293 0.297034 1.43373 0.482681
0.627485 0.652585 0.678688 0.371293 0.678688 0.627485 0.54295 0.627485 0.371293 0.1352
1.19286 0.815731 0.297034 0.992461 0.815731 0.297034 1.37858 0.501988 1.19286 0.882294
1.10287 0.815731 1.49108 0.652585 1.61275 1.10287 1.43373 1.19286 1.37858 1.06045
0.678688 1.19286 0.371293 0.84836 1.10287 1.49108 0.297034 0.28561 0.371293 0.28561
0.308916 0.815731 1.37858 0.386145 0.482681 0.308916 1.43373 1.24058 1.43373 0.308916
1.10287 0.678688 0.371293 0.501988 1.24058 0.917586 0.482681 1.06045 1.55072 0.652585
1.55072 1.14698 0.482681 1.61275 1.19286 0.882294 1.43373 0.297034 0.815731 0.652585
0.371293 1.10287 0.882294 1.55072 0.482681 0.627485 1.43373 0.371293 1.49108 1.19286
1.86385 1.79216 0.54295 0.84836 0.371293 1.37858 0.501988 0.371293 0.54295 1.49108
0.501988 1.79216 1.06045 0.627485 0.522068 0.815731 0.501988 1.19286 1.14698 1.79216
0.371293 1.55072 0.882294 0.501988 0.84836 0.627485 1.43373 0.95429 0.627485 0.482681
0.522068 0.501988 1.43373 1.49108 0.992461 1.43373 0.501988 1.43373 1.06045 0.482681
0.705835 0.627485 0.678688 0.482681 0.482681 1.19286 0.84836 0.627485 0.371293 0.482681
0.386145 0.371293 0.652585 0.882294 1.10287 0.882294 0.627485 1.06045 0.705835 0.84836
0.386145 0.627485 0.84836 0.652585 0.54295 0.678688 0.652585 0.482681 1.37858 0.882294
0.917586 0.652585 1.86385 0.482681 0.401591 0.297034 0.627485 0.482681 1.49108 0.501988
0.627485 0.652585 1.9384 1.10287 1.86385 0.386145 1.14698 0.84836 0.84836 1.43373
0.627485 0.627485 0.522068 1.61275 0.678688 0.501988 0.627485 0.882294 0.815731 0.501988
0.501988 0.84836 1.06045 1.37858 1.49108 0.815731 0.371293 0.627485 0.815731 0.705835
0.522068 0.371293 0.627485 1.43373 1.49108 1.49108 0.308916 0.84836 0.815731 0.705835
0.678688 
>categories:
0 0
>mixtureAssignment:
0 0 0 0 0 0 0 0 0 0 0 0 0 0 0 0 0 0 0 0 0 0 0 0 0 0 0 0 0 0 0 0 0 0 0 0 0 0 0 0 0 0 0 0 0 0 0 0 0 0
0 0 0 0 0 0 0 0 0 0 0 0 0 0 0 0 0 0 0 0 0 0 0 0 0 0 0 0 0 0 0 0 0 0 0 0 0 0 0 0 0 0 0 0 0 0 0 0 0 0
0 0 0 0 0 0 0 0 0 0 0 0 0 0 0 0 0 0 0 0 0 0 0 0 0 0 0 0 0 0 0 0 0 0 0 0 0 0 0 0 0 0 0 0 0 0 0 0 0 0
0 0 0 0 0 0 0 0 0 0 0 0 0 0 0 0 0 0 0 0 0 0 0 0 0 0 0 0 0 0 0 0 0 0 0 0 0 0 0 0 0 0 0 0 0 0 0 0 0 0
0 0 0 0 0 0 0 0 0 0 0 0 0 0 0 0 0 0 0 0 0 
>numMutationCategories:
1
>numSelectionCategories:
1
>categoryProbabilities:
1 
>selectionIsInMixture:
***
0 
>mutationIsInMixture:
***
0 
>obsPhiSets:
0
>currentSynthesisRateLevel:
***
0.554916 0.623037 2.61214 2.07089 2.80749 2.50939 2.31319 2.27365 2.70169 2.10684
1.1875 2.31819 2.28325 2.97806 1.85302 1.64595 1.70925 1.65825 0.886444 1.53443
1.42604 1.15238 0.833196 1.70284 0.575229 1.07553 0.814089 1.24045 1.85638 2.50082
0.578819 0.661643 1.64807 0.177374 0.458563 2.01488 0.631175 0.428188 0.161832 0.610365
0.763923 0.649272 0.47322 0.937133 0.462145 0.352349 0.554543 0.3574 0.45813 0.42626
0.683354 0.343492 2.37724 0.889191 0.525358 0.0777478 1.9342 1.02862 0.732668 1.43157
1.57419 1.00667 0.447798 1.36256 0.734244 1.38354 0.229778 0.288608 0.48267 0.677709
0.557346 0.675763 1.10114 1.04727 0.225208 0.196296 0.741793 0.434752 0.168852 0.568579
0.181907 0.303509 0.733415 0.168053 0.185451 0.843628 0.171147 0.741603 1.27634 0.386399
1.03638 0.736869 0.184287 0.321307 0.495185 1.71029 0.324715 1.18787 0.250473 0.147889
0.107389 0.136218 0.749492 0.790372 0.41649 0.264739 1.05813 0.916922 0.582762 0.25932
1.03755 0.448732 1.07954 0.688517 0.645698 1.19963 1.97396 0.0895658 0.464351 0.207417
1.45146 0.150653 0.556242 0.794317 0.351277 1.30427 0.745036 0.346632 0.701471 0.94585
1.00278 0.537881 0.445927 0.307294 0.14212 0.430503 0.527549 0.461605 1.41095 0.761851
0.568481 0.679467 0.428824 1.03093 0.964402 0.373218 0.459424 1.01623 0.949018 0.776783
1.47696 1.85031 0.929085 0.357527 0.74218 0.332015 1.25022 0.692663 0.344336 0.495784
1.59839 1.11663 0.422863 0.681419 0.812887 1.25212 0.772749 0.782941 0.941058 0.300414
1.0064 1.24605 0.113682 0.784929 1.10842 0.830657 1.2159 0.743111 0.187674 0.740371
0.595453 0.972676 0.398239 0.38428 0.447441 1.21611 0.148073 0.358522 0.605865 0.589342
0.672161 0.853454 1.4443 0.0771993 0.799454 0.462995 0.677335 0.563127 0.876708 0.622908
0.996686 0.950994 0.992869 0.472357 0.218318 0.62747 2.88628 0.761568 0.8789 0.334536
0.772696 1.90755 0.740979 0.112917 0.279328 0.244093 0.881595 0.758961 1.29291 0.283001
0.190287 
>noiseOffset:
>observedSynthesisNoise:
>std_NoiseOffset:
>mutation_prior_mean:
***
0 0 0 0 0 0 0 0 0 0
0 0 0 0 0 0 0 0 0 0
0 0 0 0 0 0 0 0 0 0
0 0 0 0 0 0 0 0 0 0
>mutation_prior_sd:
***
0.35 0.35 0.35 0.35 0.35 0.35 0.35 0.35 0.35 0.35
0.35 0.35 0.35 0.35 0.35 0.35 0.35 0.35 0.35 0.35
0.35 0.35 0.35 0.35 0.35 0.35 0.35 0.35 0.35 0.35
0.35 0.35 0.35 0.35 0.35 0.35 0.35 0.35 0.35 0.35
>std_csp:
0.08 0.08 0.08 201.538 575.613 119.253 41.7539 0.08 0.08 0.08
340.599 0.08 0.08 5.11859 0.0262144 0.0262144 0.0262144 0.0262144 0.0262144 32.1184
0.08 0.08 0.08 748.297 0.064 0.064 0.064 0.064 0.064 0.08
0.08 0.08 0.08 0.08 0.08 0.064 0.064 0.064 201.538 91.7333
>currentMutationParameter:
***
-0.236386 0.68223 0.38124 0.458167 0.687011 -0.75766 0.271375 -0.426251 0.424994 0.578291
0.679841 0.363944 0.529857 -0.667459 0.364061 0.472966 0.263662 0.351047 0.173524 0.737433
-0.0316578 0.691295 0.327247 -0.344308 -0.552648 0.180125 -0.489649 0.813408 0.0613463 -0.449876
0.595087 0.10675 -0.559544 0.837078 0.551171 0.576015 0.568245 0.000638467 0.314357 0.432979
>currentSelectionParameter:
***
0.901759 -0.161347 1.17979 -0.875471 -0.307117 0.607902 -1.03255 -1.03044 0.0140265 0.251416
-0.74331 1.99841 -0.484532 1.065 1.46986 -0.673351 0.25901 -0.734108 1.97021 -0.910969
-1.88795 -0.0196209 -0.551175 -0.3777 0.689936 1.94722 1.51417 -0.240248 1.76156 0.599872
-0.360937 0.393919 0.913725 -0.485766 0.643955 0.937144 -0.197997 0.748531 -0.746595 -0.900907
>covarianceMatrix:
A
0.00296231	0.000200573	0.00054773	-0.0018496	-2.05242e-05	0.000483149	
0.000200573	0.00173906	-4.87997e-05	7.12406e-05	-0.000588473	0.000239086	
0.00054773	-4.87997e-05	0.00151182	-0.000429028	0.000129573	-0.000292659	
-0.0018496	7.12406e-05	-0.000429028	0.00277501	-0.000152718	-0.000304276	
-2.05242e-05	-0.000588473	0.000129573	-0.000152718	0.00126861	-0.00019581	
0.000483149	0.000239086	-0.000292659	-0.000304276	-0.00019581	0.00179658	
***
>covarianceMatrix:
C
0.0131736	-0.0111063	
-0.0111063	0.0139317	
***
>covarianceMatrix:
D
0.00785462	-0.00584536	
-0.00584536	0.0066229	
***
>covarianceMatrix:
E
0.00491715	-0.00311436	
-0.00311436	0.00316986	
***
>covarianceMatrix:
F
0.0116773	-0.0102601	
-0.0102601	0.0135116	
***
>covarianceMatrix:
G
0.00248239	0.00119631	0.00134277	-0.00170273	-0.00101645	-0.00105681	
0.00119631	0.00435744	0.00146835	-0.000999577	-0.00399012	-0.00142472	
0.00134277	0.00146835	0.0052281	-0.00126406	-0.00161489	-0.00438389	
-0.00170273	-0.000999577	-0.00126406	0.00238943	0.00147035	0.001689	
-0.00101645	-0.00399012	-0.00161489	0.00147035	0.00565092	0.00217123	
-0.00105681	-0.00142472	-0.00438389	0.001689	0.00217123	0.00583201	
***
>covarianceMatrix:
H
0.012757	-0.00957301	
-0.00957301	0.0116693	
***
>covarianceMatrix:
I
0.0113996	0.000713373	-0.0132113	-0.000730809	
0.000713373	0.00379023	-0.000469085	-0.00258138	
-0.0132113	-0.000469085	0.0270968	0.000513083	
-0.000730809	-0.00258138	0.000513083	0.00278456	
***
>covarianceMatrix:
K
0.00680025	-0.00527893	
-0.00527893	0.00747055	
***
>covarianceMatrix:
L
0.00279151	0.000193505	0.000320685	9.97161e-06	0.000740129	-0.00270633	-6.25823e-05	-0.000300467	5.15011e-05	-0.000218197	
0.000193505	0.00155973	0.00017667	0.000774361	-8.34394e-05	-3.47667e-05	-0.00113218	-9.84275e-06	-0.000561373	0.000593369	
0.000320685	0.00017667	0.00161903	-2.06521e-05	0.000164854	-0.000256596	-0.000200751	-0.00142699	-4.10282e-05	0.000555122	
9.97161e-06	0.000774361	-2.06521e-05	0.000915184	-1.72936e-05	0.000187375	-0.000559485	0.000249898	-0.000550608	0.000228011	
0.000740129	-8.34394e-05	0.000164854	-1.72936e-05	0.00246703	-0.000358822	0.000286648	2.28078e-05	0.000342526	-0.00247294	
-0.00270633	-3.47667e-05	-0.000256596	0.000187375	-0.000358822	0.00475951	-2.90377e-05	0.000445612	-0.000168208	0.000315286	
-6.25823e-05	-0.00113218	-0.000200751	-0.000559485	0.000286648	-2.90377e-05	0.00136123	0.000237642	0.000787201	-0.00105648	
-0.000300467	-9.84275e-06	-0.00142699	0.000249898	2.28078e-05	0.000445612	0.000237642	0.00172855	4.37377e-05	-0.000718053	
5.15011e-05	-0.000561373	-4.10282e-05	-0.000550608	0.000342526	-0.000168208	0.000787201	4.37377e-05	0.000759681	-0.00079813	
-0.000218197	0.000593369	0.000555122	0.000228011	-0.00247294	0.000315286	-0.00105648	-0.000718053	-0.00079813	0.0051495	
***
>covarianceMatrix:
N
0.00603261	-0.00459027	
-0.00459027	0.00584312	
***
>covarianceMatrix:
P
0.00437676	-0.000145438	0.00161765	-0.00293568	-0.000522332	-0.0016667	
-0.000145438	0.00448744	0.000492949	-0.00108699	-0.00568333	-0.00166828	
0.00161765	0.000492949	0.00319342	-0.0015958	-0.00146355	-0.00328532	
-0.00293568	-0.00108699	-0.0015958	0.00496698	0.00320341	0.00317515	
-0.000522332	-0.00568333	-0.00146355	0.00320341	0.0129951	0.00509217	
-0.0016667	-0.00166828	-0.00328532	0.00317515	0.00509217	0.00679406	
***
>covarianceMatrix:
Q
0.00763678	-0.00473901	
-0.00473901	0.00497319	
***
>covarianceMatrix:
R
0.00184009	0.000509108	0.000832465	0.000457221	0.00129917	-0.00122132	0.000196772	-0.000282903	-0.000345074	-0.00104703	
0.000509108	0.00469006	0.000856749	-9.91735e-05	0.000388213	-7.42078e-06	-0.00549313	0.000188733	0.000102755	0.000550511	
0.000832465	0.000856749	0.00164967	0.000346255	0.000959083	-0.000517005	-0.00078453	-0.00104602	-0.000135493	-0.000862649	
0.000457221	-9.91735e-05	0.000346255	0.0016652	0.000564752	-0.000383388	0.000469078	-0.000155588	-0.000774004	-0.000440906	
0.00129917	0.000388213	0.000959083	0.000564752	0.00507563	-0.000813764	0.00101066	-0.000208803	-0.000566047	-0.00489829	
-0.00122132	-7.42078e-06	-0.000517005	-0.000383388	-0.000813764	0.00121534	-0.00058074	0.000344778	0.0003303	0.000806838	
0.000196772	-0.00549313	-0.00078453	0.000469078	0.00101066	-0.00058074	0.00960272	1.4765e-05	-0.000470854	-0.00204431	
-0.000282903	0.000188733	-0.00104602	-0.000155588	-0.000208803	0.000344778	1.4765e-05	0.00160763	8.26349e-06	0.000591563	
-0.000345074	0.000102755	-0.000135493	-0.000774004	-0.000566047	0.0003303	-0.000470854	8.26349e-06	0.000660967	0.000576001	
-0.00104703	0.000550511	-0.000862649	-0.000440906	-0.00489829	0.000806838	-0.00204431	0.000591563	0.000576001	0.00656395	
***
>covarianceMatrix:
S
0.00209034	-0.00062195	0.000283764	-0.00126111	0.000570198	0.000182395	
-0.00062195	0.0017762	-6.08849e-05	0.000774498	-0.00063001	-7.33332e-06	
0.000283764	-6.08849e-05	0.00155155	-0.00032333	0.000215867	-0.000503199	
-0.00126111	0.000774498	-0.00032333	0.00244588	-0.000620366	-2.11226e-05	
0.000570198	-0.00063001	0.000215867	-0.000620366	0.00144244	-3.29669e-05	
0.000182395	-7.33332e-06	-0.000503199	-2.11226e-05	-3.29669e-05	0.00168161	
***
>covarianceMatrix:
T
0.00171094	0.000174735	0.000444486	-0.000950299	-0.000148074	-0.000307788	
0.000174735	0.00283204	0.000744989	8.247e-05	-0.00168282	-0.00113754	
0.000444486	0.000744989	0.00358687	4.45131e-05	-0.000606153	-0.00280046	
-0.000950299	8.247e-05	4.45131e-05	0.00217795	-0.000143053	0.000392145	
-0.000148074	-0.00168282	-0.000606153	-0.000143053	0.00211641	0.00063233	
-0.000307788	-0.00113754	-0.00280046	0.000392145	0.00063233	0.00457378	
***
>covarianceMatrix:
V
0.00590608	0.000383559	0.00113785	-0.00462613	-0.000438229	-0.000549809	
0.000383559	0.002594	0.000769514	0.000217982	-0.00153911	-0.000304486	
0.00113785	0.000769514	0.00277686	-0.000714852	-0.000512164	-0.00210398	
-0.00462613	0.000217982	-0.000714852	0.00606197	6.38612e-05	0.000805921	
-0.000438229	-0.00153911	-0.000512164	6.38612e-05	0.0014684	0.000239256	
-0.000549809	-0.000304486	-0.00210398	0.000805921	0.000239256	0.00293234	
***
>covarianceMatrix:
Y
0.0106333	-0.00786333	
-0.00786333	0.0096461	
***
>covarianceMatrix:
Z
0.0170843	-0.016228	
-0.016228	0.0231446	
***
