>groupList:
A C D E F G H I K L
N P Q R S T V Y Z 
>stdDevSynthesisRate:
1.68544 
>numParam:
40
>numMixtures:
1
>std_stdDevSynthesisRate:
0.199066
>std_phi:
***
0.18279 0.371293 0.482681 0.169 0.386145 0.371293 0.371293 0.386145 0.501988 0.386145
0.18279 0.169 0.371293 0.371293 0.371293 0.401591 3.40693 0.627485 0.84836 0.678688
1.14698 0.386145 0.84836 0.705835 0.815731 0.386145 0.18279 0.386145 1.43373 0.371293
1.55072 2.423 3.54321 1.61275 0.371293 1.14698 0.371293 0.482681 0.678688 0.371293
0.417654 0.652585 0.882294 0.482681 0.678688 0.501988 1.86385 3.2759 0.401591 0.627485
0.815731 1.19286 0.678688 0.84836 1.06045 0.882294 1.49108 1.10287 1.14698 1.14698
0.917586 0.652585 0.652585 2.72555 0.501988 0.95429 0.627485 0.84836 3.2759 1.49108
0.678688 1.55072 1.67726 1.10287 0.371293 1.14698 3.1499 0.734069 0.882294 0.652585
2.62072 2.01594 2.62072 0.482681 0.882294 0.882294 0.501988 1.14698 1.37858 1.14698
0.917586 0.815731 2.94795 0.815731 0.482681 0.371293 0.84836 1.49108 0.678688 0.652585
2.83457 2.01594 2.72555 0.501988 1.14698 3.93738 0.652585 0.678688 1.61275 0.652585
2.83457 0.84836 1.24058 0.678688 0.84836 2.09657 2.72555 2.26765 1.19286 0.386145
2.62072 0.882294 0.917586 2.83457 2.18044 0.501988 0.678688 0.501988 
>categories:
0 0
>mixtureAssignment:
0 0 0 0 0 0 0 0 0 0 0 0 0 0 0 0 0 0 0 0 0 0 0 0 0 0 0 0 0 0 0 0 0 0 0 0 0 0 0 0 0 0 0 0 0 0 0 0 0 0
0 0 0 0 0 0 0 0 0 0 0 0 0 0 0 0 0 0 0 0 0 0 0 0 0 0 0 0 0 0 0 0 0 0 0 0 0 0 0 0 0 0 0 0 0 0 0 0 0 0
0 0 0 0 0 0 0 0 0 0 0 0 0 0 0 0 0 0 0 0 0 0 0 0 0 0 0 0 
>numMutationCategories:
1
>numSelectionCategories:
1
>categoryProbabilities:
1 
>selectionIsInMixture:
***
0 
>mutationIsInMixture:
***
0 
>obsPhiSets:
0
>currentSynthesisRateLevel:
***
0.676155 0.550778 0.715718 0.715514 0.556044 0.556496 0.576508 0.597849 0.322148 0.550714
0.644383 0.814457 0.565966 0.371614 0.45829 0.42934 0.038452 0.422907 0.467315 0.327697
0.142231 0.393777 0.171998 0.153476 0.276578 0.467655 0.674022 0.528151 0.0698004 0.479452
0.0572486 0.174403 0.0272416 0.104547 0.574323 0.260802 0.411074 0.16783 0.120894 0.382802
0.468844 0.326596 0.148039 0.293332 0.127726 0.190063 0.111686 0.0661085 0.153003 0.253558
0.130644 0.0602459 0.255017 0.159039 0.0766066 0.211236 0.033602 0.143725 0.156658 0.125226
0.0996565 0.147831 0.354422 0.00472683 0.323333 0.190972 0.15673 0.130371 0.0997859 0.0661551
0.147402 0.112323 0.07015 0.192366 0.963778 0.0967128 0.0143879 0.0895165 0.110836 0.174786
0.00203335 0.0692614 0.114344 0.273541 0.202859 0.271041 0.270432 0.0607395 0.0741156 0.171489
0.123514 0.277467 0.00780372 0.276826 0.78861 0.712787 0.123023 0.11598 0.283882 0.12655
0.0557287 0.0333437 0.016569 0.430266 0.095137 0.140244 0.135545 0.112034 0.042167 0.141328
0.0149883 0.10354 0.0864415 0.192736 0.190002 0.0362901 0.0143313 0.0472848 0.0908303 0.194104
0.0274879 0.127738 0.144359 0.0395085 0.0327216 0.402889 0.268522 0.278737 
>noiseOffset:
>observedSynthesisNoise:
>std_NoiseOffset:
>mutation_prior_mean:
***
0 0 0 0 0 0 0 0 0 0
0 0 0 0 0 0 0 0 0 0
0 0 0 0 0 0 0 0 0 0
0 0 0 0 0 0 0 0 0 0
>mutation_prior_sd:
***
0.35 0.35 0.35 0.35 0.35 0.35 0.35 0.35 0.35 0.35
0.35 0.35 0.35 0.35 0.35 0.35 0.35 0.35 0.35 0.35
0.35 0.35 0.35 0.35 0.35 0.35 0.35 0.35 0.35 0.35
0.35 0.35 0.35 0.35 0.35 0.35 0.35 0.35 0.35 0.35
>std_csp:
0.0209715 0.0209715 0.0209715 8.65042 155.029 91.7333 41.7539 0.064 0.064 0.064
70.5641 0.13 0.13 6.65417 0.08 0.08 0.08 0.08 0.08 3.93738
0.0107374 0.0107374 0.0107374 155.029 0.064 0.064 0.064 0.064 0.064 0.064
0.064 0.064 0.08 0.08 0.08 0.04096 0.04096 0.04096 41.7539 19.005
>currentMutationParameter:
***
0.163602 0.523183 0.412407 0.0851706 0.531424 -0.355828 -0.369895 -0.528414 0.207043 1.08634
0.534242 1.4016 0.224279 -0.148167 0.817301 0.0939946 0.104946 0.0587237 0.994185 0.435627
-0.410993 0.88602 -0.352047 -0.16973 -0.145881 1.15889 0.0370117 0.721414 0.794459 -0.250459
0.490869 -0.35149 -0.20093 0.627453 0.236049 0.890422 0.138461 0.0554555 0.0591733 0.222494
>currentSelectionParameter:
***
2.47395 -0.44531 5.26549 -2.40651 -1.01354 1.37774 -2.31902 -3.9807 0.995226 -0.873793
-2.65678 4.32381 -1.20666 3.10277 6.80075 -1.98525 1.63594 -2.40521 3.75521 -2.64948
-6.85531 0.227511 0.123837 -1.92519 1.92823 5.89479 4.45632 -0.676626 6.38646 1.82103
-0.930328 2.76645 2.98079 -1.56131 3.37226 2.84806 -0.0909444 3.07933 -2.36255 -2.11345
>covarianceMatrix:
A
0.00212441	0.00034534	0.0015095	-0.00361144	-0.000584296	-0.00246718	
0.00034534	0.00120706	0.000268141	-0.000527513	-0.00165478	-0.00110683	
0.0015095	0.000268141	0.00292658	-0.00269957	-0.000385791	-0.00405438	
-0.00361144	-0.000527513	-0.00269957	0.0113965	0.00156477	0.0101328	
-0.000584296	-0.00165478	-0.000385791	0.00156477	0.00381563	0.00264519	
-0.00246718	-0.00110683	-0.00405438	0.0101328	0.00264519	0.0233891	
***
>covarianceMatrix:
C
0.0105499	-0.0235429	
-0.0235429	0.0860086	
***
>covarianceMatrix:
D
0.00338854	-0.00685644	
-0.00685644	0.0284285	
***
>covarianceMatrix:
E
0.00303982	-0.0049611	
-0.0049611	0.0177592	
***
>covarianceMatrix:
F
0.00441931	-0.0087251	
-0.0087251	0.0421206	
***
>covarianceMatrix:
G
0.00498084	0.000962646	0.00152837	-0.00437606	-0.0027015	-0.00216801	
0.000962646	0.00284146	0.000461242	-0.00112613	-0.00318856	-0.000753772	
0.00152837	0.000461242	0.00331379	-0.00119869	-0.000558937	-0.00321079	
-0.00437606	-0.00112613	-0.00119869	0.00637001	0.00312535	0.00253758	
-0.0027015	-0.00318856	-0.000558937	0.00312535	0.00796009	0.00248671	
-0.00216801	-0.000753772	-0.00321079	0.00253758	0.00248671	0.00622442	
***
>covarianceMatrix:
H
0.00668212	-0.0134863	
-0.0134863	0.0708277	
***
>covarianceMatrix:
I
0.013132	0.000470578	-0.0200905	-0.000711514	
0.000470578	0.00274604	-0.00119528	-0.00245411	
-0.0200905	-0.00119528	0.0722688	0.00213651	
-0.000711514	-0.00245411	0.00213651	0.00605706	
***
>covarianceMatrix:
K
0.00470259	-0.00645049	
-0.00645049	0.0392334	
***
>covarianceMatrix:
L
0.0046016	-0.000806142	0.00221026	-0.000666767	0.0034073	-0.00101863	0.000181361	-0.00226805	7.88204e-05	-0.00531205	
-0.000806142	0.00104971	-0.000352605	0.000309303	-0.000833679	0.000368015	-0.000292343	0.000442108	-0.000134581	0.00136606	
0.00221026	-0.000352605	0.00215992	-0.000310357	0.00190568	-0.000771246	6.89742e-05	-0.00172194	2.81039e-05	-0.00314173	
-0.000666767	0.000309303	-0.000310357	0.00103481	-0.000685279	0.000187841	-0.000112463	0.000216623	-0.000227378	0.00102963	
0.0034073	-0.000833679	0.00190568	-0.000685279	0.00420774	-0.000957165	0.000192991	-0.0019263	3.83222e-05	-0.00536363	
-0.00101863	0.000368015	-0.000771246	0.000187841	-0.000957165	0.00197947	-0.00011776	0.00118606	-0.000113218	0.00240964	
0.000181361	-0.000292343	6.89742e-05	-0.000112463	0.000192991	-0.00011776	0.00102032	-7.0766e-05	0.000366862	-0.000273736	
-0.00226805	0.000442108	-0.00172194	0.000216623	-0.0019263	0.00118606	-7.0766e-05	0.00297544	2.81766e-05	0.00365575	
7.88204e-05	-0.000134581	2.81039e-05	-0.000227378	3.83222e-05	-0.000113218	0.000366862	2.81766e-05	0.000982949	-3.73436e-05	
-0.00531205	0.00136606	-0.00314173	0.00102963	-0.00536363	0.00240964	-0.000273736	0.00365575	-3.73436e-05	0.0107369	
***
>covarianceMatrix:
N
0.00387184	-0.00762409	
-0.00762409	0.0338377	
***
>covarianceMatrix:
P
0.00350423	0.000120769	0.00106093	-0.00459699	-3.99941e-06	-0.00187754	
0.000120769	0.00252316	0.000396655	-0.00224271	-0.00308683	-0.000329429	
0.00106093	0.000396655	0.00200708	-0.00139784	0.000548331	-0.00380412	
-0.00459699	-0.00224271	-0.00139784	0.0380075	0.0149672	0.00339044	
-3.99941e-06	-0.00308683	0.000548331	0.0149672	0.0189512	-0.00176786	
-0.00187754	-0.000329429	-0.00380412	0.00339044	-0.00176786	0.0169859	
***
>covarianceMatrix:
Q
0.00443373	-0.00672991	
-0.00672991	0.0282642	
***
>covarianceMatrix:
R
0.00141988	0.000425783	0.000764127	0.000481727	0.000599823	-0.00156124	-3.12343e-05	-0.000700029	-0.000468549	-0.00042314	
0.000425783	0.00288868	0.000641481	0.000706216	0.000734307	-0.000540642	-0.00395446	-0.000856619	-0.000864304	-0.000716714	
0.000764127	0.000641481	0.00245552	0.000346469	0.00140562	-0.000619446	0.000968658	-0.00286896	-0.000316821	-0.000738038	
0.000481727	0.000706216	0.000346469	0.00137198	0.000160654	-0.000391118	-0.00095216	-0.000427789	-0.000980152	-0.000147519	
0.000599823	0.000734307	0.00140562	0.000160654	0.00257716	-0.00060336	0.000454315	-0.00128021	-0.000209079	-0.00192811	
-0.00156124	-0.000540642	-0.000619446	-0.000391118	-0.00060336	0.00307956	0.00130536	0.0015807	0.000732604	0.0016719	
-3.12343e-05	-0.00395446	0.000968658	-0.00095216	0.000454315	0.00130536	0.0129147	0.00137718	0.00157664	0.00238347	
-0.000700029	-0.000856619	-0.00286896	-0.000427789	-0.00128021	0.0015807	0.00137718	0.0069836	0.000537822	0.0022948	
-0.000468549	-0.000864304	-0.000316821	-0.000980152	-0.000209079	0.000732604	0.00157664	0.000537822	0.00127425	0.000337861	
-0.00042314	-0.000716714	-0.000738038	-0.000147519	-0.00192811	0.0016719	0.00238347	0.0022948	0.000337861	0.00714797	
***
>covarianceMatrix:
S
0.00286789	0.00109469	0.00157017	-0.00269107	-0.000693222	-0.00137953	
0.00109469	0.0025605	0.000936945	-0.000635302	-0.00160791	-0.000612231	
0.00157017	0.000936945	0.00319119	-0.00125024	-0.000715061	-0.00325275	
-0.00269107	-0.000635302	-0.00125024	0.00410896	0.000677607	0.00181284	
-0.000693222	-0.00160791	-0.000715061	0.000677607	0.00183301	0.000792619	
-0.00137953	-0.000612231	-0.00325275	0.00181284	0.000792619	0.00523102	
***
>covarianceMatrix:
T
0.00308554	0.000124847	0.00152309	-0.00246168	-5.30552e-05	-0.000938057	
0.000124847	0.00231156	7.477e-05	-0.000149405	-0.00131895	-0.00054585	
0.00152309	7.477e-05	0.00448986	-0.000958163	-0.000246622	-0.00381642	
-0.00246168	-0.000149405	-0.000958163	0.00481545	-0.000341242	0.0023362	
-5.30552e-05	-0.00131895	-0.000246622	-0.000341242	0.00211902	0.000118123	
-0.000938057	-0.00054585	-0.00381642	0.0023362	0.000118123	0.00765625	
***
>covarianceMatrix:
V
0.00364803	0.000456912	0.00107649	-0.00530691	-0.000500088	-0.000632321	
0.000456912	0.00115877	0.000415673	0.000367854	-0.00162357	-0.000168097	
0.00107649	0.000415673	0.00156574	-0.000254637	-0.000593128	-0.00127169	
-0.00530691	0.000367854	-0.000254637	0.021855	-0.00147426	0.00240279	
-0.000500088	-0.00162357	-0.000593128	-0.00147426	0.00453496	0.000235272	
-0.000632321	-0.000168097	-0.00127169	0.00240279	0.000235272	0.00504466	
***
>covarianceMatrix:
Y
0.00656222	-0.0128219	
-0.0128219	0.0508189	
***
>covarianceMatrix:
Z
0.0100651	-0.0215674	
-0.0215674	0.100951	
***
