>groupList:
A C D E F G H I K L
N P Q R S T V Y Z 
>stdDevSynthesisRate:
0.912806 
>numParam:
40
>numMixtures:
1
>std_stdDevSynthesisRate:
0.20736
>std_phi:
***
1.06045 1.14698 0.1352 0.297034 0.321272 0.1352 0.386145 0.297034 0.386145 0.308916
0.386145 0.297034 0.1352 0.13 0.371293 0.321272 0.371293 0.308916 1.14698 0.401591
0.627485 0.522068 0.652585 0.371293 0.815731 0.652585 0.501988 0.627485 0.308916 0.1352
1.14698 0.815731 0.371293 1.10287 0.815731 0.371293 1.37858 0.522068 1.55072 0.815731
1.14698 0.815731 1.49108 0.652585 1.86385 1.14698 1.43373 1.19286 1.24058 0.917586
0.652585 1.14698 0.371293 0.815731 1.19286 1.61275 0.297034 0.28561 0.371293 0.28561
0.401591 0.815731 1.24058 0.501988 0.401591 0.308916 1.49108 1.19286 1.49108 0.334123
1.49108 0.652585 0.371293 0.501988 1.55072 1.2902 0.401591 1.06045 1.49108 0.678688
1.9384 1.37858 0.501988 1.79216 1.49108 0.815731 1.86385 0.297034 0.815731 0.652585
0.371293 1.14698 1.24058 2.01594 0.482681 0.627485 1.49108 0.371293 1.37858 1.19286
1.79216 1.79216 0.652585 0.84836 0.371293 1.37858 0.482681 0.371293 0.522068 1.24058
0.501988 1.86385 1.10287 0.652585 0.678688 0.815731 0.501988 1.43373 1.49108 1.79216
0.371293 1.43373 0.882294 0.482681 1.06045 0.627485 1.37858 1.14698 0.54295 0.501988
0.627485 0.501988 1.43373 1.49108 1.10287 1.86385 0.501988 1.49108 1.06045 0.501988
0.705835 0.627485 0.917586 0.522068 0.482681 1.19286 0.734069 0.54295 0.371293 0.501988
0.401591 0.386145 0.652585 1.10287 1.10287 1.06045 0.627485 1.10287 0.734069 0.815731
0.386145 0.652585 0.815731 0.815731 0.501988 0.815731 0.652585 0.482681 1.43373 0.917586
0.882294 0.815731 1.9384 0.522068 0.401591 0.297034 0.652585 0.522068 1.49108 0.501988
0.627485 0.652585 1.9384 1.06045 1.9384 0.386145 1.43373 1.10287 0.815731 1.49108
0.627485 0.652585 0.501988 1.61275 0.652585 0.54295 0.627485 1.14698 0.882294 0.482681
0.482681 0.652585 0.917586 1.55072 1.49108 0.734069 0.308916 0.627485 0.815731 0.917586
0.522068 0.297034 0.627485 1.49108 1.61275 1.86385 0.297034 0.84836 0.815731 0.882294
0.882294 
>categories:
0 0
>mixtureAssignment:
0 0 0 0 0 0 0 0 0 0 0 0 0 0 0 0 0 0 0 0 0 0 0 0 0 0 0 0 0 0 0 0 0 0 0 0 0 0 0 0 0 0 0 0 0 0 0 0 0 0
0 0 0 0 0 0 0 0 0 0 0 0 0 0 0 0 0 0 0 0 0 0 0 0 0 0 0 0 0 0 0 0 0 0 0 0 0 0 0 0 0 0 0 0 0 0 0 0 0 0
0 0 0 0 0 0 0 0 0 0 0 0 0 0 0 0 0 0 0 0 0 0 0 0 0 0 0 0 0 0 0 0 0 0 0 0 0 0 0 0 0 0 0 0 0 0 0 0 0 0
0 0 0 0 0 0 0 0 0 0 0 0 0 0 0 0 0 0 0 0 0 0 0 0 0 0 0 0 0 0 0 0 0 0 0 0 0 0 0 0 0 0 0 0 0 0 0 0 0 0
0 0 0 0 0 0 0 0 0 0 0 0 0 0 0 0 0 0 0 0 0 
>numMutationCategories:
1
>numSelectionCategories:
1
>categoryProbabilities:
1 
>selectionIsInMixture:
***
0 
>mutationIsInMixture:
***
0 
>obsPhiSets:
0
>currentSynthesisRateLevel:
***
0.358171 0.588051 2.17932 1.71546 2.58081 2.26988 2.04399 1.89237 2.18228 1.82799
0.938911 2.09798 2.26255 2.70448 1.9757 1.39988 1.54627 1.5509 0.637603 1.49221
1.84736 1.18064 0.893618 1.40816 0.37237 0.951503 0.730613 0.736199 1.65481 2.33008
0.689701 0.520142 1.67929 0.10208 0.612725 1.88543 0.457075 0.257425 0.26951 0.471596
0.552548 0.220782 0.152873 0.983275 0.228397 0.330023 0.269243 0.417866 0.433051 0.263892
0.595096 0.454405 1.96404 0.772584 0.453969 0.107926 1.66308 0.879115 0.603088 1.2483
1.36378 0.903532 0.16515 1.12486 0.587684 1.16034 0.217047 0.263064 0.424732 0.594709
0.23125 0.553385 1.07948 1.23885 0.0988302 0.0560986 0.720709 0.39726 0.170637 0.504505
0.116553 0.435248 0.70241 0.254052 0.119904 0.77985 0.390795 0.726947 0.852409 0.292945
0.983776 0.36042 0.224937 0.08391 0.4509 1.06794 0.375416 0.844972 0.38351 0.349627
0.109526 0.0552636 0.577059 0.712223 0.44399 0.566989 1.40673 0.982573 0.482522 0.298085
0.785825 0.157142 0.911559 0.555247 0.649021 0.592568 1.62418 0.308094 0.687115 0.202741
1.27098 0.213844 0.458548 0.674517 0.452074 1.08949 0.588852 0.287816 0.645171 0.619747
0.847359 0.390646 0.34192 0.322181 0.134514 0.16663 0.512117 0.190764 1.77744 0.684031
0.413276 0.592865 0.514151 1.03914 0.723079 0.688372 0.584781 0.703273 0.931525 0.74367
1.42157 1.37093 0.717433 0.228429 0.454594 0.195984 1.24095 0.530775 0.355773 0.416251
1.3529 0.832375 0.413214 0.571015 0.879622 1.01077 0.747889 0.836117 0.878574 0.24562
0.708887 1.08257 0.138142 0.656862 0.991443 0.894595 0.971356 0.65285 0.253903 0.882309
0.51579 1.33075 0.33604 0.476504 0.142436 0.860308 0.211521 0.324105 0.531039 0.529724
0.524547 0.594957 1.61 0.164556 0.585562 0.409 0.669516 0.400797 0.884531 0.463787
0.869784 0.892181 0.746905 0.55478 0.133716 0.681025 3.11722 0.707923 0.490025 0.236471
0.624821 1.91461 0.615344 0.183255 0.247568 0.268691 0.885371 0.64232 0.936245 0.460338
0.280555 
>noiseOffset:
>observedSynthesisNoise:
>std_NoiseOffset:
>mutation_prior_mean:
***
0 0 0 0 0 0 0 0 0 0
0 0 0 0 0 0 0 0 0 0
0 0 0 0 0 0 0 0 0 0
0 0 0 0 0 0 0 0 0 0
>mutation_prior_sd:
***
0.35 0.35 0.35 0.35 0.35 0.35 0.35 0.35 0.35 0.35
0.35 0.35 0.35 0.35 0.35 0.35 0.35 0.35 0.35 0.35
0.35 0.35 0.35 0.35 0.35 0.35 0.35 0.35 0.35 0.35
0.35 0.35 0.35 0.35 0.35 0.35 0.35 0.35 0.35 0.35
>std_csp:
0.0262144 0.0262144 0.0262144 119.253 972.786 70.5641 54.2801 0.064 0.064 0.064
262 0.08 0.08 3.93738 0.0167772 0.0167772 0.0167772 0.0167772 0.0167772 54.2801
0.1 0.1 0.1 972.786 0.032768 0.032768 0.032768 0.032768 0.032768 0.04096
0.04096 0.04096 0.064 0.064 0.064 0.08 0.08 0.08 201.538 119.253
>currentMutationParameter:
***
-0.259589 0.570926 0.607302 0.412559 0.674991 -0.653517 0.143691 -0.46629 0.636333 0.596251
0.781111 0.517128 0.519362 -0.655858 0.444336 0.563328 0.299318 0.429093 0.0148275 0.739918
-0.041199 0.61958 0.0887295 -0.302991 -0.640029 0.0953672 -0.606617 0.737498 0.0900117 -0.530534
0.564828 0.0560542 -0.582208 0.906867 0.598514 0.77501 0.529921 0.168646 0.334331 0.541515
>currentSelectionParameter:
***
1.00751 -0.142605 1.13489 -0.870061 -0.286616 0.559643 -0.957661 -1.08936 -0.0591111 0.266028
-1.02209 1.95756 -0.471398 1.15823 1.92151 -0.84802 0.286675 -0.874289 2.44649 -0.951383
-2.17114 0.00377142 -0.426986 -0.41597 0.871994 2.39425 1.8814 -0.199462 2.17975 0.817004
-0.325648 0.529935 1.15701 -0.656079 0.64243 0.850253 -0.208998 0.717904 -0.80515 -0.938339
>covarianceMatrix:
A
0.00270377	0.000951842	0.00100382	-0.00217409	-0.000789032	-0.000551101	
0.000951842	0.00229488	0.000633195	-0.00107332	-0.00151104	-0.000564296	
0.00100382	0.000633195	0.0040991	-0.000785064	-0.000410982	-0.00344825	
-0.00217409	-0.00107332	-0.000785064	0.00292452	0.000837845	0.00128006	
-0.000789032	-0.00151104	-0.000410982	0.000837845	0.00130802	0.000292477	
-0.000551101	-0.000564296	-0.00344825	0.00128006	0.000292477	0.00507601	
***
>covarianceMatrix:
C
0.0150817	-0.0133031	
-0.0133031	0.017314	
***
>covarianceMatrix:
D
0.00492739	-0.00368211	
-0.00368211	0.00447367	
***
>covarianceMatrix:
E
0.00368003	-0.00232392	
-0.00232392	0.00277355	
***
>covarianceMatrix:
F
0.00897706	-0.00766046	
-0.00766046	0.0110032	
***
>covarianceMatrix:
G
0.0023994	0.00101493	0.00130482	-0.00189314	-0.00098015	-0.00114536	
0.00101493	0.00414608	0.00224269	-0.000967943	-0.00381105	-0.00204806	
0.00130482	0.00224269	0.00590154	-0.0013409	-0.00214563	-0.00517502	
-0.00189314	-0.000967943	-0.0013409	0.00241113	0.00138121	0.00156269	
-0.00098015	-0.00381105	-0.00214563	0.00138121	0.00523303	0.00247903	
-0.00114536	-0.00204806	-0.00517502	0.00156269	0.00247903	0.00662862	
***
>covarianceMatrix:
H
0.0113637	-0.00897927	
-0.00897927	0.0111143	
***
>covarianceMatrix:
I
0.0147557	-0.00046733	-0.014839	-0.000315574	
-0.00046733	0.00334659	0.00195805	-0.00207984	
-0.014839	0.00195805	0.0287649	-0.0010104	
-0.000315574	-0.00207984	-0.0010104	0.00246123	
***
>covarianceMatrix:
K
0.00574276	-0.00452556	
-0.00452556	0.00671523	
***
>covarianceMatrix:
L
0.00310518	0.000328849	0.000591048	-3.05445e-05	0.000435406	-0.00317209	-0.000361085	-0.000589366	-9.10083e-05	0.000349598	
0.000328849	0.00196787	0.00126539	0.00143173	0.00147977	-0.000454274	-0.00154306	-0.00139641	-0.00123211	-0.00202014	
0.000591048	0.00126539	0.00212143	0.000925172	0.00158296	-0.00043871	-0.00104476	-0.0021232	-0.000868828	-0.00183477	
-3.05445e-05	0.00143173	0.000925172	0.00153667	0.00111602	-0.000321049	-0.00107813	-0.000995337	-0.00111585	-0.00185617	
0.000435406	0.00147977	0.00158296	0.00111602	0.00290342	0.000231994	-0.00140404	-0.00175227	-0.00124454	-0.00262256	
-0.00317209	-0.000454274	-0.00043871	-0.000321049	0.000231994	0.00632115	0.000424761	0.000886923	0.000248743	-0.000491863	
-0.000361085	-0.00154306	-0.00104476	-0.00107813	-0.00140404	0.000424761	0.00160253	0.00135894	0.00126219	0.00194586	
-0.000589366	-0.00139641	-0.0021232	-0.000995337	-0.00175227	0.000886923	0.00135894	0.00269515	0.00113758	0.00216921	
-9.10083e-05	-0.00123211	-0.000868828	-0.00111585	-0.00124454	0.000248743	0.00126219	0.00113758	0.00124495	0.0019262	
0.000349598	-0.00202014	-0.00183477	-0.00185617	-0.00262256	-0.000491863	0.00194586	0.00216921	0.0019262	0.00425052	
***
>covarianceMatrix:
N
0.00740297	-0.00506323	
-0.00506323	0.00669043	
***
>covarianceMatrix:
P
0.0025	0	0	0	0	0	
0	0.0025	0	0	0	0	
0	0	0.0025	0	0	0	
0	0	0	0.0025	0	0	
0	0	0	0	0.0025	0	
0	0	0	0	0	0.0025	
***
>covarianceMatrix:
Q
0.0077116	-0.00542351	
-0.00542351	0.00622404	
***
>covarianceMatrix:
R
0.000866238	0.000705947	0.000346844	0.000442546	0.0010708	-0.000502499	-0.000127406	0.000101915	-0.000253481	-0.00095228	
0.000705947	0.00264815	-0.000159923	-5.17258e-06	0.000183922	-0.000465784	-0.00188754	0.00103488	-2.84127e-05	0.000624809	
0.000346844	-0.000159923	0.00257827	0.000584047	0.00170159	-0.000127452	0.000460094	-0.00289556	-0.00027149	-0.00262573	
0.000442546	-5.17258e-06	0.000584047	0.00125061	0.00114131	-6.88538e-05	0.000730391	-0.00024167	-0.00062214	-0.00117119	
0.0010708	0.000183922	0.00170159	0.00114131	0.00544652	-0.000738696	0.00150705	-0.00151223	-0.000786088	-0.00715935	
-0.000502499	-0.000465784	-0.000127452	-6.88538e-05	-0.000738696	0.000632794	0.000228898	2.92805e-05	0.00011578	0.000977526	
-0.000127406	-0.00188754	0.000460094	0.000730391	0.00150705	0.000228898	0.00377614	-0.000574049	-0.000475765	-0.00279971	
0.000101915	0.00103488	-0.00289556	-0.00024167	-0.00151223	2.92805e-05	-0.000574049	0.00520298	-7.704e-06	0.00323943	
-0.000253481	-2.84127e-05	-0.00027149	-0.00062214	-0.000786088	0.00011578	-0.000475765	-7.704e-06	0.000472784	0.000902504	
-0.00095228	0.000624809	-0.00262573	-0.00117119	-0.00715935	0.000977526	-0.00279971	0.00323943	0.000902504	0.0130617	
***
>covarianceMatrix:
S
0.00232585	0.00112506	0.00134802	-0.00172983	-0.000710693	-0.00111973	
0.00112506	0.00336803	0.00119066	-0.00082813	-0.00213	-0.000907712	
0.00134802	0.00119066	0.00327624	-0.000717348	-0.000742974	-0.00233223	
-0.00172983	-0.00082813	-0.000717348	0.00199022	0.000635499	0.000918009	
-0.000710693	-0.00213	-0.000742974	0.000635499	0.00172191	0.000726261	
-0.00111973	-0.000907712	-0.00233223	0.000918009	0.000726261	0.00240463	
***
>covarianceMatrix:
T
0.00281558	0.000709133	0.00106306	-0.00259139	-0.000612279	-0.000751189	
0.000709133	0.00279967	0.000556736	-0.000896238	-0.00171329	-0.000655854	
0.00106306	0.000556736	0.00273569	-0.000592052	-0.000529577	-0.00209183	
-0.00259139	-0.000896238	-0.000592052	0.00392912	0.000833864	0.00100668	
-0.000612279	-0.00171329	-0.000529577	0.000833864	0.00162511	0.000800198	
-0.000751189	-0.000655854	-0.00209183	0.00100668	0.000800198	0.00321355	
***
>covarianceMatrix:
V
0.00695279	-0.000433643	0.00239098	-0.00569325	0.000486419	-0.00131039	
-0.000433643	0.00167626	0.000491192	0.000757906	-0.000612749	-0.000202503	
0.00239098	0.000491192	0.0030559	-0.00154557	-9.60964e-05	-0.00139211	
-0.00569325	0.000757906	-0.00154557	0.0068461	-0.000591025	0.00107061	
0.000486419	-0.000612749	-9.60964e-05	-0.000591025	0.00102404	0.000166207	
-0.00131039	-0.000202503	-0.00139211	0.00107061	0.000166207	0.00175515	
***
>covarianceMatrix:
Y
0.0105211	-0.007819	
-0.007819	0.00957168	
***
>covarianceMatrix:
Z
0.0135739	-0.012848	
-0.012848	0.0198556	
***
