>groupList:
A C D E F G H I K L
N P Q R S T V Y Z 
>stdDevSynthesisRate:
0.374908 
>numParam:
40
>numMixtures:
1
>std_stdDevSynthesisRate:
0.1728
>std_phi:
***
0.482681 0.386145 0.627485 0.386145 0.678688 0.501988 0.705835 1.10287 0.371293 0.371293
0.482681 0.386145 0.482681 0.627485 0.627485 1.14698 0.54295 0.678688 0.705835 0.652585
0.401591 0.815731 0.815731 0.627485 0.54295 0.371293 0.627485 0.522068 0.652585 0.501988
0.815731 0.678688 0.678688 0.190102 0.917586 0.482681 0.482681 0.652585 1.43373 0.522068
0.371293 0.815731 0.652585 0.882294 0.815731 0.678688 0.652585 0.371293 1.14698 0.297034
1.10287 1.06045 0.84836 0.678688 0.501988 0.522068 1.10287 0.917586 0.386145 0.371293
0.482681 0.627485 0.815731 0.386145 0.28561 0.386145 0.401591 0.371293 0.627485 0.482681
0.882294 0.501988 0.652585 0.678688 0.401591 0.371293 0.522068 0.84836 0.371293 0.371293
0.815731 0.815731 0.705835 0.84836 0.522068 0.522068 0.84836 0.84836 0.482681 0.417654
0.627485 0.308916 0.652585 0.501988 0.815731 0.501988 0.13 0.386145 0.815731 1.06045
0.401591 0.401591 0.882294 0.482681 1.06045 0.627485 1.06045 0.501988 1.14698 0.401591
0.882294 0.482681 0.482681 0.652585 0.815731 0.652585 0.482681 0.652585 0.371293 0.882294
0.627485 0.652585 0.371293 0.678688 0.43436 1.37858 0.627485 0.501988 0.401591 0.652585
0.501988 0.678688 0.564668 0.678688 0.482681 0.401591 0.371293 0.84836 0.482681 0.482681
0.815731 0.482681 0.652585 0.371293 0.882294 1.10287 0.482681 0.678688 0.652585 0.522068
0.501988 0.84836 0.482681 0.43436 0.321272 0.501988 0.371293 0.54295 0.386145 0.371293
0.882294 0.28561 0.371293 0.815731 0.321272 0.705835 0.882294 0.297034 0.815731 0.371293
0.734069 0.627485 0.84836 0.43436 0.401591 0.678688 0.501988 0.815731 0.84836 0.815731
0.54295 0.371293 0.678688 0.371293 0.84836 0.627485 0.54295 0.501988 0.28561 0.501988
0.371293 0.54295 0.84836 0.501988 0.627485 0.386145 0.482681 0.627485 0.882294 0.522068
0.386145 0.28561 0.386145 0.371293 0.627485 0.522068 0.522068 0.678688 0.417654 0.401591
0.678688 0.652585 0.28561 0.522068 0.371293 0.297034 0.482681 0.882294 0.84836 0.386145
0.84836 0.627485 0.652585 0.501988 0.386145 1.10287 0.308916 0.627485 0.401591 0.627485
0.627485 0.482681 0.482681 0.84836 0.627485 0.84836 0.297034 0.28561 0.501988 0.371293
0.501988 0.815731 0.84836 0.386145 0.482681 0.522068 0.652585 0.482681 0.371293 0.917586
0.652585 0.705835 0.297034 0.482681 0.386145 0.417654 0.627485 0.815731 0.2197 0.482681
0.84836 0.371293 0.371293 0.627485 0.401591 0.882294 0.882294 0.501988 0.482681 1.10287
0.2197 0.297034 0.386145 0.386145 0.482681 0.652585 0.371293 0.482681 0.522068 0.882294
0.297034 0.386145 0.371293 0.482681 0.386145 0.54295 0.371293 0.401591 1.06045 0.652585
0.482681 0.501988 0.501988 0.882294 0.815731 0.882294 0.815731 0.882294 0.627485 0.882294
0.705835 0.482681 0.627485 0.386145 0.627485 0.522068 0.482681 0.482681 0.371293 0.417654
0.627485 0.386145 0.652585 0.627485 0.28561 0.652585 0.815731 0.652585 0.627485 0.18279
0.678688 0.386145 0.678688 0.652585 0.627485 0.371293 0.28561 0.652585 0.54295 0.815731
1.14698 0.417654 0.815731 0.678688 0.815731 0.501988 0.522068 0.1352 0.28561 0.501988
0.501988 0.882294 0.522068 0.917586 0.308916 0.815731 0.308916 0.84836 0.84836 0.815731
0.482681 0.371293 0.386145 0.2197 0.386145 0.627485 0.84836 1.10287 0.482681 0.815731
0.401591 0.501988 0.652585 0.627485 0.678688 0.482681 0.627485 0.678688 0.297034 0.401591
0.482681 0.522068 0.815731 0.678688 0.678688 0.652585 0.882294 0.371293 0.652585 0.386145
0.522068 0.678688 0.482681 0.371293 
>categories:
0 0
>mixtureAssignment:
0 0 0 0 0 0 0 0 0 0 0 0 0 0 0 0 0 0 0 0 0 0 0 0 0 0 0 0 0 0 0 0 0 0 0 0 0 0 0 0 0 0 0 0 0 0 0 0 0 0
0 0 0 0 0 0 0 0 0 0 0 0 0 0 0 0 0 0 0 0 0 0 0 0 0 0 0 0 0 0 0 0 0 0 0 0 0 0 0 0 0 0 0 0 0 0 0 0 0 0
0 0 0 0 0 0 0 0 0 0 0 0 0 0 0 0 0 0 0 0 0 0 0 0 0 0 0 0 0 0 0 0 0 0 0 0 0 0 0 0 0 0 0 0 0 0 0 0 0 0
0 0 0 0 0 0 0 0 0 0 0 0 0 0 0 0 0 0 0 0 0 0 0 0 0 0 0 0 0 0 0 0 0 0 0 0 0 0 0 0 0 0 0 0 0 0 0 0 0 0
0 0 0 0 0 0 0 0 0 0 0 0 0 0 0 0 0 0 0 0 0 0 0 0 0 0 0 0 0 0 0 0 0 0 0 0 0 0 0 0 0 0 0 0 0 0 0 0 0 0
0 0 0 0 0 0 0 0 0 0 0 0 0 0 0 0 0 0 0 0 0 0 0 0 0 0 0 0 0 0 0 0 0 0 0 0 0 0 0 0 0 0 0 0 0 0 0 0 0 0
0 0 0 0 0 0 0 0 0 0 0 0 0 0 0 0 0 0 0 0 0 0 0 0 0 0 0 0 0 0 0 0 0 0 0 0 0 0 0 0 0 0 0 0 0 0 0 0 0 0
0 0 0 0 0 0 0 0 0 0 0 0 0 0 0 0 0 0 0 0 0 0 0 0 0 0 0 0 0 0 0 0 0 0 
>numMutationCategories:
1
>numSelectionCategories:
1
>categoryProbabilities:
1 
>selectionIsInMixture:
***
0 
>mutationIsInMixture:
***
0 
>obsPhiSets:
0
>currentSynthesisRateLevel:
***
1.58052 1.45473 0.985074 1.56265 0.994856 0.982927 0.859046 0.678922 1.66236 0.890906
0.999216 1.05528 1.97457 1.1183 1.05099 0.536442 0.822881 0.964979 1.10178 1.04411
1.1942 0.637914 1.58889 1.08874 0.921477 1.00403 1.01846 1.28653 0.771035 1.21493
0.497612 0.636688 0.946066 1.28442 0.457359 0.896465 1.36204 1.02071 1.10912 1.0069
1.27643 0.655083 0.648488 1.25782 0.51159 0.722935 1.09694 1.22081 0.324846 1.39492
0.797615 0.846888 1.17873 1.20721 1.26459 0.737491 0.536131 0.640057 1.32946 1.11799
1.24751 0.617192 0.96857 1.1906 1.192 0.981117 0.84364 1.52704 1.00006 1.02175
1.23805 0.855479 0.711497 1.74888 1.08621 1.55289 0.903028 0.821641 1.57694 1.10012
0.826015 0.687189 0.919905 0.801822 1.43563 0.973679 0.860719 0.353907 1.1322 1.30589
0.909318 1.35658 0.926557 0.735325 0.474338 0.800517 1.39303 1.42534 0.845275 1.28874
1.26559 0.989851 0.547033 1.11801 0.77363 0.874055 0.23607 0.873315 0.878063 0.792991
0.446149 1.06256 1.44468 0.754676 0.980968 1.17762 1.12781 1.93015 1.27163 0.837898
1.13124 0.948203 0.926888 0.705704 0.265687 1.23213 1.31411 0.680661 0.895389 0.80592
1.01181 0.755896 0.898446 0.891131 1.24686 0.761436 1.43845 0.559984 0.839055 1.42587
0.854152 1.1247 1.27178 1.50428 0.699893 1.12434 0.853958 0.541951 1.08075 0.834468
0.985429 0.546376 0.835076 1.06103 1.26365 1.01497 0.984852 1.04553 1.17952 1.25523
0.760716 1.7261 1.63952 0.564553 1.16048 0.706284 0.679918 1.72016 1.03198 1.38009
0.827815 1.02433 1.09351 1.1902 1.13635 0.651941 1.15773 0.806067 0.577742 0.802612
0.800118 1.43682 0.538557 1.62842 0.766009 0.829237 0.803075 0.72091 1.35624 1.26814
1.73201 1.15265 0.308662 1.11014 1.06088 1.2261 0.815217 0.768656 0.895572 0.982729
1.14115 0.90325 1.32002 1.46172 0.441023 0.912128 1.5654 0.478483 1.53656 1.04395
0.582392 1.31738 0.90641 1.03423 1.37621 1.51577 1.05987 1.04059 0.847883 1.47011
0.930915 1.37344 1.01714 0.871329 1.11773 0.810702 1.09877 0.5719 0.780813 0.693977
1.2942 1.10905 0.952848 0.965717 1.11178 0.329952 0.780172 1.0411 1.07514 0.815175
1.46069 0.50344 0.906343 1.03031 1.24308 1.11973 0.497125 0.802624 1.15893 0.800057
0.798142 0.514435 1.30533 1.27775 1.2185 0.946986 1.01406 0.898507 1.42305 1.1653
0.565661 0.999092 1.01004 0.815941 0.926257 0.332191 0.486357 0.763438 1.05603 0.81681
1.45935 0.990279 1.03617 1.00817 1.23624 0.906768 1.11509 1.90737 0.935902 0.563067
1.22848 0.70599 1.2224 1.56172 1.27635 1.55688 1.09651 1.1575 0.403495 0.955362
1.21104 1.38344 0.683702 0.484317 1.63457 0.358066 1.10363 0.565231 1.25194 0.831325
0.447303 0.964419 0.788457 1.08902 1.04031 0.956601 1.69921 1.3355 1.22598 1.0225
0.673026 1.19952 0.594827 1.26029 1.10847 0.454165 0.889202 1.33311 1.00332 1.62637
0.641021 1.09445 0.510188 0.683282 0.859173 1.17324 1.15805 1.56389 0.744844 0.65291
0.588863 1.22273 0.913075 0.734575 0.893066 1.14327 1.03297 1.20331 1.86561 0.998913
1.10056 0.504083 1.6224 0.262446 1.69659 0.807908 0.888772 0.964319 1.0164 1.1156
1.41672 1.39493 0.790749 1.39719 0.934921 0.918405 0.655108 1.66607 0.685237 0.678861
0.536656 0.524625 0.874672 0.771301 0.87075 1.54901 0.913485 0.926036 1.38739 1.2956
0.966365 0.685277 0.740437 1.20844 0.869075 1.39615 0.737925 1.50479 0.571441 1.52303
0.650257 0.635896 1.18673 1.26816 
>noiseOffset:
>observedSynthesisNoise:
>std_NoiseOffset:
>mutation_prior_mean:
***
0 0 0 0 0 0 0 0 0 0
0 0 0 0 0 0 0 0 0 0
0 0 0 0 0 0 0 0 0 0
0 0 0 0 0 0 0 0 0 0
>mutation_prior_sd:
***
0.35 0.35 0.35 0.35 0.35 0.35 0.35 0.35 0.35 0.35
0.35 0.35 0.35 0.35 0.35 0.35 0.35 0.35 0.35 0.35
0.35 0.35 0.35 0.35 0.35 0.35 0.35 0.35 0.35 0.35
0.35 0.35 0.35 0.35 0.35 0.35 0.35 0.35 0.35 0.35
>std_csp:
0.032768 0.032768 0.032768 0.13 0.1 0.1 0.08 0.00549756 0.00549756 0.00549756
0.13 0.00439805 0.00439805 0.1 0.0262144 0.0262144 0.0262144 0.0262144 0.0262144 0.1
0.032768 0.032768 0.032768 0.13 0.0209715 0.0209715 0.0209715 0.0209715 0.0209715 0.00858993
0.00858993 0.00858993 0.0134218 0.0134218 0.0134218 0.00858993 0.00858993 0.00858993 0.13 0.13
>currentMutationParameter:
***
0.43532 -0.247843 0.32569 -0.345346 -0.122959 0.438422 -0.759335 -0.875606 -0.414241 -0.081131
-0.53574 1.14387 -0.581802 0.348274 0.695234 -0.424677 -0.241 0.15421 1.3028 -0.314534
-0.980118 -0.0948231 -0.564561 0.280703 0.0947548 0.155829 0.211219 -0.139209 0.162284 0.36873
-0.318556 0.298026 0.0997142 -0.598274 0.010688 0.559638 -0.469856 -0.480904 -0.365496 -0.728062
>currentSelectionParameter:
***
-0.419615 0.942514 0.722926 0.579805 0.932049 -1.06844 0.82102 -0.215511 0.928292 0.702126
1.08068 -0.114638 1.18666 -0.908974 0.070231 0.931119 0.788458 -0.0700679 -0.629134 0.884816
-0.0165595 0.728326 0.727344 -0.979742 -0.713225 0.492853 -0.375645 0.993829 0.597302 -0.515892
0.702938 0.298823 -0.155205 1.27198 0.856664 0.12541 1.17582 0.980375 0.742141 1.14626
>covarianceMatrix:
A
0.00312786	0.00152451	0.000258624	-0.00229003	-0.0016928	-0.000109023	
0.00152451	0.00521883	0.0019923	-0.00109171	-0.00484828	-0.00177492	
0.000258624	0.0019923	0.0049898	-4.96849e-05	-0.00159937	-0.00413208	
-0.00229003	-0.00109171	-4.96849e-05	0.00210779	0.00137338	9.57308e-05	
-0.0016928	-0.00484828	-0.00159937	0.00137338	0.00551319	0.00180674	
-0.000109023	-0.00177492	-0.00413208	9.57308e-05	0.00180674	0.00445106	
***
>covarianceMatrix:
C
0.0129289	-0.0116841	
-0.0116841	0.0123647	
***
>covarianceMatrix:
D
0.0104813	-0.00856554	
-0.00856554	0.00996211	
***
>covarianceMatrix:
E
0.00747278	-0.00599268	
-0.00599268	0.00780844	
***
>covarianceMatrix:
F
0.00858845	-0.00796809	
-0.00796809	0.00830839	
***
>covarianceMatrix:
G
0.00404153	0.00222907	0.000818	-0.00338591	-0.00205953	-0.000366536	
0.00222907	0.00799107	0.0015197	-0.00231954	-0.00669313	-0.000662275	
0.000818	0.0015197	0.00380498	-0.000354195	-0.000720646	-0.0025484	
-0.00338591	-0.00231954	-0.000354195	0.00342801	0.00258921	0.000251929	
-0.00205953	-0.00669313	-0.000720646	0.00258921	0.00718397	0.00060394	
-0.000366536	-0.000662275	-0.0025484	0.000251929	0.00060394	0.00272373	
***
>covarianceMatrix:
H
0.0214088	-0.0182642	
-0.0182642	0.0199947	
***
>covarianceMatrix:
I
0.00307081	0.00143923	-0.00245114	-0.00115	
0.00143923	0.00293187	-0.00115651	-0.00230332	
-0.00245114	-0.00115651	0.00221508	0.000911587	
-0.00115	-0.00230332	0.000911587	0.00237076	
***
>covarianceMatrix:
K
0.00680296	-0.00551752	
-0.00551752	0.00650617	
***
>covarianceMatrix:
L
0.0026871	0.000101326	0.00047578	0.000303113	6.95493e-05	-0.00251217	5.05253e-05	-0.000503472	-0.000240185	-1.68167e-05	
0.000101326	0.000532173	7.32749e-05	7.77329e-05	-4.83903e-05	-8.10649e-05	-0.000322552	-8.06465e-05	-2.95711e-05	6.83013e-05	
0.00047578	7.32749e-05	0.000499051	0.000187592	-1.30362e-05	-0.000417719	1.76217e-05	-0.000326685	-0.000133013	4.10192e-07	
0.000303113	7.77329e-05	0.000187592	0.000576722	6.94227e-05	-0.000176759	9.54376e-05	-0.000101929	-0.000323459	1.96417e-05	
6.95493e-05	-4.83903e-05	-1.30362e-05	6.94227e-05	0.000473135	3.74071e-05	3.20533e-05	-2.86783e-06	-3.26781e-06	-0.00023933	
-0.00251217	-8.10649e-05	-0.000417719	-0.000176759	3.74071e-05	0.00258297	-3.45099e-05	0.000500422	0.000215856	-5.47087e-06	
5.05253e-05	-0.000322552	1.76217e-05	9.54376e-05	3.20533e-05	-3.45099e-05	0.000397202	5.95418e-05	-8.29885e-05	-4.5286e-05	
-0.000503472	-8.06465e-05	-0.000326685	-0.000101929	-2.86783e-06	0.000500422	5.95418e-05	0.000375541	0.000106474	2.6783e-05	
-0.000240185	-2.95711e-05	-0.000133013	-0.000323459	-3.26781e-06	0.000215856	-8.29885e-05	0.000106474	0.00028972	1.60473e-05	
-1.68167e-05	6.83013e-05	4.10192e-07	1.96417e-05	-0.00023933	-5.47087e-06	-4.5286e-05	2.6783e-05	1.60473e-05	0.000245177	
***
>covarianceMatrix:
N
0.00945893	-0.0085706	
-0.0085706	0.00918952	
***
>covarianceMatrix:
P
0.00289581	0.00153401	0.000749616	-0.00242408	-0.00114703	-0.000298268	
0.00153401	0.00613299	0.0012132	-0.00107712	-0.00477839	-0.000393847	
0.000749616	0.0012132	0.00192893	-0.000413351	-0.000878618	-0.00102606	
-0.00242408	-0.00107712	-0.000413351	0.00233997	0.00100584	0.000287086	
-0.00114703	-0.00477839	-0.000878618	0.00100584	0.00454104	0.000538759	
-0.000298268	-0.000393847	-0.00102606	0.000287086	0.000538759	0.00103597	
***
>covarianceMatrix:
Q
0.0116166	-0.0103896	
-0.0103896	0.0114711	
***
>covarianceMatrix:
R
0.00131301	0.00070507	0.000590525	0.00057186	0.000678119	-0.00104554	-0.000640344	-0.00041401	-0.000659867	-0.000628801	
0.00070507	0.00154132	0.000436491	0.000729587	0.000581875	-0.000603799	-0.00123708	-0.00028375	-0.000813282	-0.000477554	
0.000590525	0.000436491	0.00082052	0.000339439	0.000290411	-0.00041496	-0.000302856	-0.000525051	-0.000420448	-0.000155742	
0.00057186	0.000729587	0.000339439	0.00153018	0.000503564	-0.000531722	-0.000698478	-0.000255327	-0.00134891	-0.000367988	
0.000678119	0.000581875	0.000290411	0.000503564	0.0011172	-0.000538766	-0.000504823	-0.000104698	-0.000586215	-0.000863758	
-0.00104554	-0.000603799	-0.00041496	-0.000531722	-0.000538766	0.00100195	0.000647107	0.000374728	0.00069527	0.000547431	
-0.000640344	-0.00123708	-0.000302856	-0.000698478	-0.000504823	0.000647107	0.00135346	0.000281759	0.000995297	0.000522032	
-0.00041401	-0.00028375	-0.000525051	-0.000255327	-0.000104698	0.000374728	0.000281759	0.000453781	0.000420036	4.43663e-05	
-0.000659867	-0.000813282	-0.000420448	-0.00134891	-0.000586215	0.00069527	0.000995297	0.000420036	0.0017792	0.000526778	
-0.000628801	-0.000477554	-0.000155742	-0.000367988	-0.000863758	0.000547431	0.000522032	4.43663e-05	0.000526778	0.000899158	
***
>covarianceMatrix:
S
0.00298927	0.00185812	0.00165791	-0.00265529	-0.00172605	-0.00165529	
0.00185812	0.00332678	0.00210827	-0.00185607	-0.00292503	-0.00191491	
0.00165791	0.00210827	0.00358174	-0.00156722	-0.00191961	-0.00325639	
-0.00265529	-0.00185607	-0.00156722	0.0026038	0.00182633	0.00164343	
-0.00172605	-0.00292503	-0.00191961	0.00182633	0.00294844	0.00195043	
-0.00165529	-0.00191491	-0.00325639	0.00164343	0.00195043	0.003374	
***
>covarianceMatrix:
T
0.00123128	0.00040014	0.000876733	-0.000879391	-0.000287864	-0.000625169	
0.00040014	0.00248401	0.00162369	-0.000274059	-0.0020754	-0.00133497	
0.000876733	0.00162369	0.00360025	-0.000658747	-0.00150439	-0.00323267	
-0.000879391	-0.000274059	-0.000658747	0.000771173	0.000268616	0.000555897	
-0.000287864	-0.0020754	-0.00150439	0.000268616	0.00216817	0.00151021	
-0.000625169	-0.00133497	-0.00323267	0.000555897	0.00151021	0.0034348	
***
>covarianceMatrix:
V
0.00289297	0.00060888	0.001464	-0.00240993	-0.000335871	-0.0010579	
0.00060888	0.00204175	0.00102132	-0.000553964	-0.00152336	-0.000816176	
0.001464	0.00102132	0.00241241	-0.00134795	-0.000636465	-0.00177039	
-0.00240993	-0.000553964	-0.00134795	0.00232564	0.000407101	0.00105931	
-0.000335871	-0.00152336	-0.000636465	0.000407101	0.00173428	0.000718734	
-0.0010579	-0.000816176	-0.00177039	0.00105931	0.000718734	0.00156815	
***
>covarianceMatrix:
Y
0.0119571	-0.0101539	
-0.0101539	0.0103869	
***
>covarianceMatrix:
Z
0.024902	-0.0232402	
-0.0232402	0.0252989	
***
