>groupList:
A C D E F G H I K L
N P Q R S T V Y Z 
>stdDevSynthesisRate:
0.388837 
>numParam:
40
>numMixtures:
1
>std_stdDevSynthesisRate:
0.1728
>std_phi:
***
0.386145 0.386145 0.627485 0.386145 0.84836 0.54295 0.815731 1.14698 0.371293 0.386145
0.501988 0.401591 0.522068 0.652585 0.652585 1.06045 0.627485 0.815731 0.705835 0.627485
0.43436 0.84836 0.815731 0.652585 0.627485 0.482681 0.627485 0.417654 0.652585 0.43436
0.815731 0.627485 0.678688 0.197706 0.917586 0.501988 0.482681 0.678688 1.37858 0.652585
0.371293 0.84836 0.678688 0.882294 0.815731 0.815731 0.627485 0.386145 1.06045 0.237628
1.06045 1.06045 0.84836 0.627485 0.522068 0.522068 0.882294 1.10287 0.371293 0.386145
0.501988 0.627485 0.882294 0.417654 0.28561 0.386145 0.501988 0.371293 0.627485 0.482681
0.84836 0.522068 0.627485 0.627485 0.482681 0.386145 0.501988 0.678688 0.386145 0.371293
0.815731 0.84836 0.705835 0.917586 0.627485 0.627485 0.815731 0.882294 0.501988 0.482681
0.627485 0.297034 0.627485 0.501988 0.84836 0.522068 0.13 0.371293 0.815731 1.10287
0.401591 0.43436 0.882294 0.522068 1.06045 0.627485 0.84836 0.522068 1.06045 0.371293
1.06045 0.482681 0.501988 0.627485 0.815731 0.522068 0.522068 0.678688 0.334123 1.06045
0.627485 0.652585 0.371293 0.84836 0.482681 1.10287 0.627485 0.522068 0.401591 0.84836
0.482681 0.652585 0.627485 0.815731 0.522068 0.401591 0.371293 0.678688 0.522068 0.501988
0.882294 0.522068 0.652585 0.371293 0.882294 1.06045 0.501988 0.815731 0.652585 0.678688
0.482681 0.815731 0.627485 0.501988 0.308916 0.501988 0.371293 0.652585 0.386145 0.386145
1.14698 0.28561 0.371293 0.815731 0.371293 0.678688 0.815731 0.386145 0.815731 0.401591
0.815731 0.815731 0.882294 0.501988 0.417654 0.678688 0.482681 0.84836 0.882294 0.627485
0.652585 0.371293 0.84836 0.371293 0.815731 0.652585 0.522068 0.482681 0.28561 0.522068
0.371293 0.501988 0.815731 0.501988 0.652585 0.401591 0.501988 0.627485 0.815731 0.501988
0.401591 0.28561 0.401591 0.371293 0.652585 0.522068 0.522068 0.815731 0.482681 0.401591
0.678688 0.678688 0.297034 0.482681 0.371293 0.308916 0.401591 0.917586 0.705835 0.297034
0.815731 0.627485 0.678688 0.678688 0.371293 1.06045 0.371293 0.627485 0.501988 0.627485
0.627485 0.482681 0.501988 0.815731 0.627485 0.882294 0.28561 0.297034 0.501988 0.401591
0.501988 0.882294 0.815731 0.501988 0.482681 0.522068 0.652585 0.501988 0.371293 0.84836
0.84836 0.815731 0.371293 0.522068 0.386145 0.482681 0.482681 0.84836 0.2197 0.501988
0.882294 0.297034 0.371293 0.627485 0.501988 0.917586 0.705835 0.522068 0.501988 1.10287
0.228488 0.386145 0.386145 0.386145 0.482681 0.627485 0.386145 0.522068 0.417654 1.06045
0.28561 0.386145 0.371293 0.501988 0.371293 0.482681 0.371293 0.501988 1.06045 0.678688
0.482681 0.501988 0.627485 0.652585 0.84836 1.06045 0.815731 0.84836 0.652585 0.815731
0.678688 0.501988 0.627485 0.386145 0.627485 0.522068 0.482681 0.482681 0.371293 0.482681
0.627485 0.386145 0.678688 0.705835 0.28561 0.652585 0.84836 0.627485 0.652585 0.190102
0.84836 0.371293 0.882294 0.652585 0.627485 0.386145 0.297034 0.652585 0.627485 0.84836
1.06045 0.482681 0.815731 0.54295 0.815731 0.522068 0.522068 0.13 0.28561 0.501988
0.501988 0.882294 0.522068 1.06045 0.308916 1.06045 0.321272 0.84836 0.917586 0.678688
0.482681 0.386145 0.386145 0.2197 0.386145 0.627485 0.882294 1.06045 0.482681 0.84836
0.386145 0.522068 0.678688 0.678688 0.652585 0.482681 0.54295 0.678688 0.28561 0.401591
0.522068 0.401591 0.815731 0.652585 0.564668 0.522068 0.815731 0.371293 0.678688 0.371293
0.501988 0.705835 0.482681 0.371293 
>categories:
0 0
>mixtureAssignment:
0 0 0 0 0 0 0 0 0 0 0 0 0 0 0 0 0 0 0 0 0 0 0 0 0 0 0 0 0 0 0 0 0 0 0 0 0 0 0 0 0 0 0 0 0 0 0 0 0 0
0 0 0 0 0 0 0 0 0 0 0 0 0 0 0 0 0 0 0 0 0 0 0 0 0 0 0 0 0 0 0 0 0 0 0 0 0 0 0 0 0 0 0 0 0 0 0 0 0 0
0 0 0 0 0 0 0 0 0 0 0 0 0 0 0 0 0 0 0 0 0 0 0 0 0 0 0 0 0 0 0 0 0 0 0 0 0 0 0 0 0 0 0 0 0 0 0 0 0 0
0 0 0 0 0 0 0 0 0 0 0 0 0 0 0 0 0 0 0 0 0 0 0 0 0 0 0 0 0 0 0 0 0 0 0 0 0 0 0 0 0 0 0 0 0 0 0 0 0 0
0 0 0 0 0 0 0 0 0 0 0 0 0 0 0 0 0 0 0 0 0 0 0 0 0 0 0 0 0 0 0 0 0 0 0 0 0 0 0 0 0 0 0 0 0 0 0 0 0 0
0 0 0 0 0 0 0 0 0 0 0 0 0 0 0 0 0 0 0 0 0 0 0 0 0 0 0 0 0 0 0 0 0 0 0 0 0 0 0 0 0 0 0 0 0 0 0 0 0 0
0 0 0 0 0 0 0 0 0 0 0 0 0 0 0 0 0 0 0 0 0 0 0 0 0 0 0 0 0 0 0 0 0 0 0 0 0 0 0 0 0 0 0 0 0 0 0 0 0 0
0 0 0 0 0 0 0 0 0 0 0 0 0 0 0 0 0 0 0 0 0 0 0 0 0 0 0 0 0 0 0 0 0 0 
>numMutationCategories:
1
>numSelectionCategories:
1
>categoryProbabilities:
1 
>selectionIsInMixture:
***
0 
>mutationIsInMixture:
***
0 
>obsPhiSets:
0
>currentSynthesisRateLevel:
***
1.2033 1.50547 1.09545 1.89235 1.58207 1.07051 0.879886 0.502688 1.81107 0.754171
0.936938 1.15191 1.58877 1.21848 0.972614 0.816405 0.973774 0.722397 1.05372 0.944996
1.07606 0.558098 1.23038 0.78987 0.923174 0.981692 0.65253 1.26105 0.706821 1.16008
0.52423 0.736633 0.884588 1.22775 0.595042 0.880856 1.22382 0.977989 0.954542 1.38731
1.16466 0.871851 0.673597 0.836488 0.603479 0.6839 0.755603 1.0443 0.508764 1.22063
0.646348 1.7681 1.56646 1.04754 0.829904 0.607104 0.492962 0.662524 1.43892 1.24981
1.06647 0.62415 0.532739 1.21557 1.39061 1.00651 0.893779 1.46947 1.18586 1.01757
1.29737 0.841194 1.18331 1.61519 1.25034 1.53123 0.835575 0.775473 1.53962 1.26609
1.13551 0.63463 0.768189 0.423681 1.00399 0.962575 0.668399 0.306941 0.917183 1.48413
0.711468 1.19072 0.829335 0.723958 0.42355 0.95299 1.42644 1.48469 0.898484 1.89294
1.26105 1.12271 0.82854 1.06305 0.964366 0.822823 0.290768 0.873287 1.07013 0.730911
0.46819 1.11575 1.39548 0.566348 0.869532 1.11826 0.89842 1.82289 1.53762 1.33628
0.992491 0.69215 1.0191 0.654584 0.287766 1.18732 1.03284 0.843955 1.37584 0.722105
1.06585 1.01121 1.25182 1.07906 1.89737 0.884142 1.38004 0.660248 1.02109 1.49803
0.811323 1.16102 0.821204 1.33671 1.16316 0.68519 0.710007 0.905908 0.946443 0.92228
0.889338 0.703772 0.851094 1.06428 1.28683 0.783698 1.03868 0.966713 0.929892 1.14505
0.512023 1.76732 1.10609 0.501677 1.05549 0.527497 0.925606 1.75556 0.941278 1.36235
0.677635 0.929209 0.793517 0.988378 1.04589 0.713171 1.25662 0.792717 0.546561 0.935687
0.496002 1.55707 0.546628 1.45131 0.799504 0.81668 0.78759 0.927565 1.41155 1.3041
1.42891 1.26161 0.583063 1.12398 0.849605 1.03874 1.14805 0.821067 0.542273 0.987561
1.26412 1.01705 1.37383 1.43619 0.460492 0.732565 1.6641 0.623228 1.41205 0.973677
0.609664 1.28942 0.955032 1.02651 1.19987 1.2683 1.12055 0.833432 0.885966 1.33994
0.927751 0.755597 0.822408 0.795382 1.34865 1.08042 1.13442 0.555151 0.787901 0.562476
0.932517 1.25514 0.860592 1.02286 0.910929 0.310264 0.683752 0.947768 1.07216 0.721625
1.24767 0.563477 0.879832 0.885902 1.2115 0.912823 0.452743 0.752001 1.5411 1.25031
0.790486 0.603841 1.51724 1.34866 1.17874 1.00595 0.982733 0.662624 1.48224 0.932388
0.686533 1.17636 1.15195 0.623626 0.893953 0.548507 0.388067 0.878481 0.841561 0.59476
1.50953 1.25547 1.26177 1.13172 1.21221 1.03446 1.22918 1.38975 1.03817 0.52602
1.39258 0.722428 1.16352 1.66708 1.12059 1.24811 1.3476 1.06185 0.435781 0.7263
0.864979 1.01509 0.541561 0.69041 1.89681 0.448918 1.61233 0.545952 1.08683 0.763008
0.417879 0.982507 0.761481 1.18621 0.856253 0.563012 1.5279 1.78081 1.2671 1.02577
1.02597 1.31386 0.701366 1.2995 1.22244 0.527039 0.845913 1.06602 0.861407 1.48511
0.508604 1.05328 0.697977 0.634337 0.734605 1.4897 1.26492 1.06022 0.758012 0.470097
0.418015 1.15459 0.65266 0.88845 0.854301 0.891679 0.730036 1.19952 1.59383 0.845724
1.15841 0.297668 1.28816 0.342052 1.51019 0.871311 0.96785 1.41003 0.81927 1.06915
1.43898 1.43821 0.726435 1.37981 0.94792 0.523679 0.467916 1.7813 0.6995 0.684041
0.691999 0.684667 0.889336 0.624922 1.09005 1.26669 1.07206 0.726621 1.52124 1.22049
0.90319 0.728729 0.646607 0.81559 0.979792 1.30534 0.441205 1.57218 0.603639 1.27397
0.858889 0.544778 0.85272 1.08575 
>noiseOffset:
>observedSynthesisNoise:
>std_NoiseOffset:
>mutation_prior_mean:
***
0 0 0 0 0 0 0 0 0 0
0 0 0 0 0 0 0 0 0 0
0 0 0 0 0 0 0 0 0 0
0 0 0 0 0 0 0 0 0 0
>mutation_prior_sd:
***
0.35 0.35 0.35 0.35 0.35 0.35 0.35 0.35 0.35 0.35
0.35 0.35 0.35 0.35 0.35 0.35 0.35 0.35 0.35 0.35
0.35 0.35 0.35 0.35 0.35 0.35 0.35 0.35 0.35 0.35
0.35 0.35 0.35 0.35 0.35 0.35 0.35 0.35 0.35 0.35
>std_csp:
0.00351844 0.00351844 0.00351844 0.13 0.13 0.08 0.08 0.0209715 0.0209715 0.0209715
0.13 0.032768 0.032768 0.1 0.032768 0.032768 0.032768 0.032768 0.032768 0.1
0.032768 0.032768 0.032768 0.13 0.0262144 0.0262144 0.0262144 0.0262144 0.0262144 0.00858993
0.00858993 0.00858993 0.0209715 0.0209715 0.0209715 0.00687195 0.00687195 0.00687195 0.13 0.13
>currentMutationParameter:
***
0.556355 -0.240295 0.347676 -0.47062 -0.170361 0.349444 -0.863654 -0.956385 -0.523046 -0.320774
-0.432646 1.29869 -0.617164 0.316172 0.761263 -0.666378 -0.289709 -0.00974048 1.04007 -0.168051
-0.865178 -0.132431 -0.571937 0.129012 -0.280568 -0.0095913 0.167472 -0.0820725 0.236326 -0.00581712
-0.247648 0.282754 0.214298 -0.450532 0.183277 0.833379 -0.351348 -0.348796 -0.602289 -0.639775
>currentSelectionParameter:
***
-0.62511 0.851536 0.628328 0.77052 0.929646 -1.01905 0.953727 -0.144701 1.00387 0.844665
0.966788 -0.288118 1.22965 -0.921785 0.0264085 1.20628 0.888558 0.0953271 -0.459541 0.740407
-0.110493 0.853276 0.684881 -0.793528 -0.508922 0.702697 -0.471252 0.993096 0.408933 -0.155068
0.713845 0.309988 -0.265812 1.10577 0.699579 -0.0424331 1.06831 0.858617 0.955097 0.988057
>covarianceMatrix:
A
0.00281753	0.000657481	0.000672432	-0.00226971	-0.000747147	-0.000722856	
0.000657481	0.00241883	0.000403671	-0.000491414	-0.00185422	-0.000232911	
0.000672432	0.000403671	0.00230563	-0.000471307	-1.99445e-05	-0.00180558	
-0.00226971	-0.000491414	-0.000471307	0.00210861	0.000679011	0.000663752	
-0.000747147	-0.00185422	-1.99445e-05	0.000679011	0.00199159	7.49914e-05	
-0.000722856	-0.000232911	-0.00180558	0.000663752	7.49914e-05	0.00196558	
***
>covarianceMatrix:
C
0.0132284	-0.0117558	
-0.0117558	0.012658	
***
>covarianceMatrix:
D
0.00966264	-0.00884625	
-0.00884625	0.00927936	
***
>covarianceMatrix:
E
0.00645128	-0.00556429	
-0.00556429	0.00584892	
***
>covarianceMatrix:
F
0.00846631	-0.00769432	
-0.00769432	0.00777042	
***
>covarianceMatrix:
G
0.00269829	0.00122929	0.00179862	-0.00236921	-0.00110129	-0.00148083	
0.00122929	0.00424287	0.00141247	-0.00103543	-0.00365329	-0.00112664	
0.00179862	0.00141247	0.00319983	-0.00158888	-0.00119442	-0.00238813	
-0.00236921	-0.00103543	-0.00158888	0.00241511	0.00115322	0.00151814	
-0.00110129	-0.00365329	-0.00119442	0.00115322	0.00396947	0.00129523	
-0.00148083	-0.00112664	-0.00238813	0.00151814	0.00129523	0.00267242	
***
>covarianceMatrix:
H
0.0173954	-0.0153125	
-0.0153125	0.0158424	
***
>covarianceMatrix:
I
0.00376367	0.00136855	-0.00318729	-0.00103541	
0.00136855	0.00235178	-0.00112027	-0.00174425	
-0.00318729	-0.00112027	0.0029992	0.000940905	
-0.00103541	-0.00174425	0.000940905	0.00158938	
***
>covarianceMatrix:
K
0.00650058	-0.00565848	
-0.00565848	0.00616864	
***
>covarianceMatrix:
L
0.000866267	0.000175336	0.000308108	0.000383239	0.000225975	-0.000516993	5.62883e-06	-0.000110826	-0.000210066	-0.000121672	
0.000175336	0.000976609	0.000371915	0.000249374	0.000211318	-5.52346e-05	-0.000779791	-0.000205685	-0.000125569	-8.05026e-05	
0.000308108	0.000371915	0.00127564	-0.000104976	2.25033e-05	-0.000125918	-0.000210864	-0.000994586	0.000261259	6.43375e-05	
0.000383239	0.000249374	-0.000104976	0.000778422	0.000391918	-0.00019358	-0.000204825	0.000279404	-0.000506516	-0.000167148	
0.000225975	0.000211318	2.25033e-05	0.000391918	0.000822772	-0.000117392	-0.000192074	0.000133576	-0.0002815	-0.00048593	
-0.000516993	-5.52346e-05	-0.000125918	-0.00019358	-0.000117392	0.000512782	-4.1392e-05	8.7107e-05	0.000158887	0.000135148	
5.62883e-06	-0.000779791	-0.000210864	-0.000204825	-0.000192074	-4.1392e-05	0.000872578	0.000166791	0.000133658	7.80201e-05	
-0.000110826	-0.000205685	-0.000994586	0.000279404	0.000133576	8.7107e-05	0.000166791	0.000995069	-0.000322104	-9.47629e-05	
-0.000210066	-0.000125569	0.000261259	-0.000506516	-0.0002815	0.000158887	0.000133658	-0.000322104	0.000449537	0.000179232	
-0.000121672	-8.05026e-05	6.43375e-05	-0.000167148	-0.00048593	0.000135148	7.80201e-05	-9.47629e-05	0.000179232	0.000483474	
***
>covarianceMatrix:
N
0.00904264	-0.00805653	
-0.00805653	0.0083378	
***
>covarianceMatrix:
P
0.00235526	0.00108499	0.00135204	-0.00187628	-0.00100149	-0.00124333	
0.00108499	0.00324252	0.00150935	-0.000794473	-0.00230703	-0.00106792	
0.00135204	0.00150935	0.00293181	-0.000975437	-0.00118326	-0.00220933	
-0.00187628	-0.000794473	-0.000975437	0.00180314	0.000957682	0.00117207	
-0.00100149	-0.00230703	-0.00118326	0.000957682	0.00241316	0.00114089	
-0.00124333	-0.00106792	-0.00220933	0.00117207	0.00114089	0.00224875	
***
>covarianceMatrix:
Q
0.0135404	-0.0112631	
-0.0112631	0.0122335	
***
>covarianceMatrix:
R
0.000950144	0.000327893	0.000429883	-0.000178319	0.000168025	-0.000645012	-0.000286959	-0.000275164	0.00020594	-6.99955e-06	
0.000327893	0.00154311	-0.000175661	0.000258157	0.000934452	-0.0001566	-0.00107488	0.00034652	-3.94746e-05	-0.000653031	
0.000429883	-0.000175661	0.00118439	-0.000579146	-0.000537381	-0.000162284	0.000282889	-0.000767339	0.000505924	0.000670023	
-0.000178319	0.000258157	-0.000579146	0.0011516	0.000805433	0.00021545	-9.21078e-05	0.00066553	-0.000728595	-0.000538062	
0.000168025	0.000934452	-0.000537381	0.000805433	0.00213485	-0.000131093	-0.000594419	0.00063113	-0.000221673	-0.00159951	
-0.000645012	-0.0001566	-0.000162284	0.00021545	-0.000131093	0.000669704	0.000276871	0.000260256	-0.000139414	0.000172886	
-0.000286959	-0.00107488	0.000282889	-9.21078e-05	-0.000594419	0.000276871	0.00118393	-0.000257271	9.33067e-05	0.000555814	
-0.000275164	0.00034652	-0.000767339	0.00066553	0.00063113	0.000260256	-0.000257271	0.000761383	-0.000464001	-0.00054177	
0.00020594	-3.94746e-05	0.000505924	-0.000728595	-0.000221673	-0.000139414	9.33067e-05	-0.000464001	0.000817601	0.000260241	
-6.99955e-06	-0.000653031	0.000670023	-0.000538062	-0.00159951	0.000172886	0.000555814	-0.00054177	0.000260241	0.00160684	
***
>covarianceMatrix:
S
0.00488149	0.0016794	-0.000757674	-0.00430914	-0.00152474	0.000704584	
0.0016794	0.00266264	-0.000240312	-0.00148924	-0.00246783	0.000288513	
-0.000757674	-0.000240312	0.00238543	0.000994477	0.000469727	-0.00176398	
-0.00430914	-0.00148924	0.000994477	0.0041113	0.00151733	-0.000788503	
-0.00152474	-0.00246783	0.000469727	0.00151733	0.00275579	-0.00031739	
0.000704584	0.000288513	-0.00176398	-0.000788503	-0.00031739	0.00161714	
***
>covarianceMatrix:
T
0.00112319	0.000720964	0.00088349	-0.000809246	-0.000619201	-0.000806444	
0.000720964	0.00205134	0.000787923	-0.000578153	-0.00164608	-0.000688043	
0.00088349	0.000787923	0.00307367	-0.000747029	-0.000576573	-0.00260148	
-0.000809246	-0.000578153	-0.000747029	0.000767483	0.000587274	0.000806194	
-0.000619201	-0.00164608	-0.000576573	0.000587274	0.00166713	0.000675141	
-0.000806444	-0.000688043	-0.00260148	0.000806194	0.000675141	0.0026713	
***
>covarianceMatrix:
V
0.00272475	0.00133694	0.000536959	-0.00220936	-0.00125163	-0.00032621	
0.00133694	0.00234554	0.00107215	-0.00120648	-0.00191464	-0.000784427	
0.000536959	0.00107215	0.00176718	-0.000428171	-0.00076916	-0.00120711	
-0.00220936	-0.00120648	-0.000428171	0.00210641	0.00126503	0.000370179	
-0.00125163	-0.00191464	-0.00076916	0.00126503	0.00201102	0.000743423	
-0.00032621	-0.000784427	-0.00120711	0.000370179	0.000743423	0.00116175	
***
>covarianceMatrix:
Y
0.0144364	-0.0121348	
-0.0121348	0.0122517	
***
>covarianceMatrix:
Z
0.0170822	-0.0155382	
-0.0155382	0.0162324	
***
