>groupList:
A C D E F G H I K L
N P Q R S T V Y Z 
>stdDevSynthesisRate:
0.374908 
>numParam:
40
>numMixtures:
1
>std_stdDevSynthesisRate:
0.1728
>std_phi:
***
0.482681 0.386145 0.627485 0.386145 0.678688 0.501988 0.705835 1.10287 0.371293 0.371293
0.482681 0.386145 0.482681 0.627485 0.627485 1.14698 0.54295 0.678688 0.705835 0.652585
0.401591 0.815731 0.815731 0.627485 0.54295 0.371293 0.627485 0.522068 0.652585 0.501988
0.815731 0.678688 0.678688 0.190102 0.917586 0.482681 0.482681 0.652585 1.43373 0.522068
0.371293 0.815731 0.652585 0.882294 0.815731 0.882294 0.652585 0.371293 1.14698 0.297034
1.10287 1.06045 0.84836 0.678688 0.501988 0.522068 1.10287 0.917586 0.386145 0.371293
0.482681 0.627485 0.815731 0.386145 0.28561 0.386145 0.401591 0.371293 0.627485 0.482681
0.882294 0.501988 0.652585 0.54295 0.401591 0.482681 0.522068 0.84836 0.371293 0.371293
0.815731 0.815731 0.705835 0.84836 0.522068 0.522068 0.84836 0.84836 0.482681 0.417654
0.627485 0.308916 0.652585 0.501988 0.815731 0.501988 0.13 0.386145 0.815731 1.06045
0.401591 0.401591 0.882294 0.482681 1.06045 0.627485 1.06045 0.501988 1.14698 0.401591
0.882294 0.482681 0.482681 0.652585 0.815731 0.652585 0.482681 0.652585 0.371293 0.882294
0.627485 0.652585 0.371293 0.678688 0.43436 1.10287 0.627485 0.501988 0.401591 0.652585
0.501988 0.678688 0.564668 0.678688 0.482681 0.401591 0.371293 0.84836 0.482681 0.482681
0.815731 0.482681 0.652585 0.371293 0.882294 1.10287 0.482681 0.678688 0.652585 0.522068
0.501988 0.84836 0.482681 0.43436 0.321272 0.501988 0.371293 0.54295 0.501988 0.371293
0.882294 0.28561 0.371293 0.815731 0.321272 0.705835 0.705835 0.297034 0.815731 0.371293
0.734069 0.627485 0.84836 0.43436 0.401591 0.678688 0.501988 0.815731 0.84836 0.652585
0.54295 0.371293 0.678688 0.371293 0.84836 0.627485 0.54295 0.501988 0.28561 0.501988
0.371293 0.54295 0.84836 0.501988 0.627485 0.386145 0.482681 0.627485 0.882294 0.522068
0.386145 0.28561 0.386145 0.371293 0.627485 0.522068 0.522068 0.678688 0.417654 0.401591
0.678688 0.652585 0.28561 0.417654 0.371293 0.297034 0.482681 0.882294 0.84836 0.386145
0.84836 0.627485 0.652585 0.501988 0.386145 1.10287 0.308916 0.627485 0.401591 0.627485
0.627485 0.482681 0.482681 0.84836 0.627485 0.84836 0.297034 0.28561 0.501988 0.371293
0.501988 0.815731 0.84836 0.501988 0.482681 0.522068 0.652585 0.482681 0.371293 0.734069
0.652585 0.705835 0.386145 0.482681 0.386145 0.417654 0.627485 0.815731 0.2197 0.482681
0.84836 0.371293 0.371293 0.627485 0.401591 0.882294 0.882294 0.501988 0.482681 1.10287
0.2197 0.297034 0.386145 0.386145 0.482681 0.652585 0.371293 0.482681 0.522068 0.882294
0.297034 0.386145 0.371293 0.482681 0.386145 0.54295 0.371293 0.401591 1.06045 0.652585
0.482681 0.501988 0.501988 0.882294 0.815731 0.882294 0.815731 0.882294 0.627485 0.882294
0.705835 0.482681 0.627485 0.386145 0.627485 0.522068 0.482681 0.482681 0.371293 0.417654
0.627485 0.386145 0.652585 0.627485 0.28561 0.652585 0.815731 0.652585 0.627485 0.18279
0.678688 0.386145 0.678688 0.652585 0.627485 0.371293 0.28561 0.652585 0.54295 0.815731
1.14698 0.417654 0.815731 0.678688 0.815731 0.501988 0.522068 0.1352 0.28561 0.501988
0.501988 0.882294 0.522068 0.917586 0.308916 0.815731 0.308916 0.84836 0.84836 0.815731
0.482681 0.371293 0.386145 0.2197 0.386145 0.627485 0.84836 1.10287 0.482681 0.815731
0.401591 0.501988 0.652585 0.627485 0.678688 0.482681 0.627485 0.678688 0.297034 0.401591
0.482681 0.522068 0.815731 0.678688 0.678688 0.652585 0.882294 0.371293 0.652585 0.386145
0.522068 0.678688 0.482681 0.371293 
>categories:
0 0
>mixtureAssignment:
0 0 0 0 0 0 0 0 0 0 0 0 0 0 0 0 0 0 0 0 0 0 0 0 0 0 0 0 0 0 0 0 0 0 0 0 0 0 0 0 0 0 0 0 0 0 0 0 0 0
0 0 0 0 0 0 0 0 0 0 0 0 0 0 0 0 0 0 0 0 0 0 0 0 0 0 0 0 0 0 0 0 0 0 0 0 0 0 0 0 0 0 0 0 0 0 0 0 0 0
0 0 0 0 0 0 0 0 0 0 0 0 0 0 0 0 0 0 0 0 0 0 0 0 0 0 0 0 0 0 0 0 0 0 0 0 0 0 0 0 0 0 0 0 0 0 0 0 0 0
0 0 0 0 0 0 0 0 0 0 0 0 0 0 0 0 0 0 0 0 0 0 0 0 0 0 0 0 0 0 0 0 0 0 0 0 0 0 0 0 0 0 0 0 0 0 0 0 0 0
0 0 0 0 0 0 0 0 0 0 0 0 0 0 0 0 0 0 0 0 0 0 0 0 0 0 0 0 0 0 0 0 0 0 0 0 0 0 0 0 0 0 0 0 0 0 0 0 0 0
0 0 0 0 0 0 0 0 0 0 0 0 0 0 0 0 0 0 0 0 0 0 0 0 0 0 0 0 0 0 0 0 0 0 0 0 0 0 0 0 0 0 0 0 0 0 0 0 0 0
0 0 0 0 0 0 0 0 0 0 0 0 0 0 0 0 0 0 0 0 0 0 0 0 0 0 0 0 0 0 0 0 0 0 0 0 0 0 0 0 0 0 0 0 0 0 0 0 0 0
0 0 0 0 0 0 0 0 0 0 0 0 0 0 0 0 0 0 0 0 0 0 0 0 0 0 0 0 0 0 0 0 0 0 
>numMutationCategories:
1
>numSelectionCategories:
1
>categoryProbabilities:
1 
>selectionIsInMixture:
***
0 
>mutationIsInMixture:
***
0 
>obsPhiSets:
0
>currentSynthesisRateLevel:
***
1.58052 1.45473 0.985074 1.87003 0.994856 1.09075 0.859046 0.682166 1.66236 0.890906
0.999216 1.05528 1.97457 1.1183 1.05099 0.582413 0.822881 0.964979 1.10178 0.802678
1.29882 0.866874 1.58889 1.08874 0.921477 1.00403 0.702933 1.28653 0.688869 1.21493
0.604419 0.636688 0.639615 1.28442 0.457359 0.896465 1.36204 1.02071 1.10912 1.0069
1.27643 0.655083 0.901823 1.09433 0.51159 0.814906 1.09694 1.22081 0.423337 1.39492
0.797615 0.846888 1.15497 1.20721 1.26459 0.737491 0.635573 0.640057 1.32946 1.12031
1.24751 0.608528 0.936078 1.1906 1.192 0.997241 0.84364 1.52704 1.00006 0.886468
1.23805 1.2234 0.711497 1.73171 1.08621 1.55777 0.903028 0.821641 1.57694 1.10012
0.792529 0.598176 0.919905 0.801822 1.29367 0.973679 0.860719 0.353907 1.1322 1.30589
0.909318 1.41546 0.926557 1.05893 0.474338 0.885321 1.39303 1.29623 1.13013 1.28874
1.26559 0.989851 1.073 1.11801 0.77363 0.874055 0.23607 0.873315 0.878063 0.792991
0.446149 1.06256 1.38273 0.754676 0.980968 1.04665 1.12781 1.93015 1.27163 0.837898
1.13124 0.719906 0.926888 0.705704 0.206635 1.23213 1.31411 0.697402 0.895389 0.672996
1.01181 1.12458 0.898446 0.891131 1.24686 0.72592 1.43845 0.559984 0.839055 1.42587
0.854152 1.1247 1.27178 1.30785 0.699893 1.12434 0.853958 0.541951 1.08075 0.834468
0.985429 0.546376 0.835076 1.06103 1.20802 1.01497 0.977438 1.04553 1.17952 1.25523
0.760716 1.7261 1.28141 0.831555 1.16433 0.706284 0.679918 1.72016 1.03198 1.38009
0.738855 1.02433 0.90931 1.1902 1.13635 0.651941 1.23629 0.749721 0.577742 0.607461
0.545995 1.43682 0.344285 1.69926 0.836082 0.829237 0.803075 0.85801 1.39328 1.26814
1.73201 1.15265 0.308662 1.047 1.04259 1.2261 1.01775 0.768656 0.895572 0.982729
1.14115 0.90325 1.32002 1.46172 0.441023 0.912128 1.5654 0.478483 1.53656 1.04395
0.582392 1.31738 0.90641 1.03423 1.37621 1.51577 1.05987 1.04059 0.847883 1.47011
0.930915 1.37344 1.01714 0.801316 1.11773 0.768782 1.09877 0.586303 0.780813 0.693977
1.2942 1.10905 0.952848 0.965717 1.11178 0.329952 0.780172 1.0411 1.02472 0.815175
1.46069 0.50344 0.906343 1.03031 1.24308 1.11973 0.583136 0.802624 1.15893 1.38543
0.798142 0.514435 1.30533 1.06238 1.2185 0.946986 1.01406 0.898507 1.42305 1.1653
0.565661 0.999092 1.01004 0.671214 0.926257 0.332191 0.486357 0.763438 1.05603 0.81681
1.45935 0.990279 1.03617 1.00817 1.2025 0.77255 1.1033 1.90737 0.935902 0.563067
1.22848 0.70599 1.2224 1.56172 1.27635 1.55688 1.25029 1.09106 0.403495 0.955362
1.28104 0.996619 0.683702 0.546249 1.63457 0.358066 1.10363 0.565231 1.25194 0.873919
0.448109 0.964419 0.788457 1.08902 1.03156 1.022 1.69921 1.3355 1.22598 0.866242
1.41125 1.19952 0.594827 1.26029 1.10847 0.454165 0.69287 1.33311 1.00332 1.62637
0.641021 1.09445 0.510188 0.683282 0.859173 1.17324 1.15805 1.56389 0.744844 0.65291
0.588863 1.22273 0.913075 0.734575 0.893066 1.14327 1.03297 1.20331 1.86561 0.964262
1.10056 0.504083 1.6224 0.262446 1.69659 0.962108 0.888772 1.12887 1.0164 1.1156
1.41672 1.30428 0.790749 1.39719 0.934921 0.918405 0.655108 1.66607 0.685237 0.658025
0.536656 0.603962 0.874672 0.707581 0.87075 1.25576 0.913485 1.01788 1.38739 1.2956
0.966365 0.685277 0.740437 1.20844 0.869075 1.39615 0.737925 1.50479 0.571441 1.52303
0.650257 0.635896 1.18673 1.26816 
>noiseOffset:
>observedSynthesisNoise:
>std_NoiseOffset:
>mutation_prior_mean:
***
0 0 0 0 0 0 0 0 0 0
0 0 0 0 0 0 0 0 0 0
0 0 0 0 0 0 0 0 0 0
0 0 0 0 0 0 0 0 0 0
>mutation_prior_sd:
***
0.35 0.35 0.35 0.35 0.35 0.35 0.35 0.35 0.35 0.35
0.35 0.35 0.35 0.35 0.35 0.35 0.35 0.35 0.35 0.35
0.35 0.35 0.35 0.35 0.35 0.35 0.35 0.35 0.35 0.35
0.35 0.35 0.35 0.35 0.35 0.35 0.35 0.35 0.35 0.35
>std_csp:
0.032768 0.032768 0.032768 0.13 0.1 0.1 0.08 0.00549756 0.00549756 0.00549756
0.13 0.00439805 0.00439805 0.1 0.0262144 0.0262144 0.0262144 0.0262144 0.0262144 0.1
0.032768 0.032768 0.032768 0.13 0.0209715 0.0209715 0.0209715 0.0209715 0.0209715 0.00858993
0.00858993 0.00858993 0.0134218 0.0134218 0.0134218 0.00858993 0.00858993 0.00858993 0.13 0.13
>currentMutationParameter:
***
0.43532 -0.247843 0.32569 -0.345346 -0.122959 0.438422 -0.759335 -0.875606 -0.414241 -0.081131
-0.53574 1.14387 -0.581802 0.348274 0.732602 -0.403297 -0.248175 0.136517 1.28806 -0.380905
-0.980118 -0.0948231 -0.564561 0.280703 0.117056 0.151439 0.213602 -0.0636954 0.154708 0.440084
-0.196511 0.309696 0.0997142 -0.598274 0.010688 0.559638 -0.469856 -0.480904 -0.365496 -0.774094
>currentSelectionParameter:
***
-0.419615 0.942514 0.722926 0.579805 0.932049 -1.06844 0.82102 -0.215511 0.928292 0.702126
1.08068 -0.114638 1.18666 -0.908974 0.0569965 0.920805 0.793156 -0.0632375 -0.631537 0.868598
-0.0165595 0.728326 0.727344 -0.979742 -0.716261 0.52318 -0.382234 0.965616 0.600323 -0.522963
0.664888 0.281715 -0.155205 1.27198 0.856664 0.12541 1.17582 0.980375 0.742141 1.17075
>covarianceMatrix:
A
0.00455523	0.0016352	0.00210322	-0.00362995	-0.00149633	-0.00180529	
0.0016352	0.00728399	0.00238837	-0.00101603	-0.00670281	-0.0019105	
0.00210322	0.00238837	0.00925984	-0.00197847	-0.00194269	-0.00812223	
-0.00362995	-0.00101603	-0.00197847	0.0035478	0.00118326	0.00200956	
-0.00149633	-0.00670281	-0.00194269	0.00118326	0.00746024	0.00187237	
-0.00180529	-0.0019105	-0.00812223	0.00200956	0.00187237	0.00832576	
***
>covarianceMatrix:
C
0.0129289	-0.0116841	
-0.0116841	0.0123647	
***
>covarianceMatrix:
D
0.0104813	-0.00856554	
-0.00856554	0.00996211	
***
>covarianceMatrix:
E
0.00747278	-0.00599268	
-0.00599268	0.00780844	
***
>covarianceMatrix:
F
0.00858845	-0.00796809	
-0.00796809	0.00830839	
***
>covarianceMatrix:
G
0.00454175	0.00308568	0.00206296	-0.00363539	-0.00267248	-0.00181681	
0.00308568	0.00789943	0.00307249	-0.00271224	-0.00617272	-0.00230857	
0.00206296	0.00307249	0.00640974	-0.00128713	-0.00197214	-0.00451002	
-0.00363539	-0.00271224	-0.00128713	0.00364709	0.00294931	0.00159132	
-0.00267248	-0.00617272	-0.00197214	0.00294931	0.00654341	0.00227937	
-0.00181681	-0.00230857	-0.00451002	0.00159132	0.00227937	0.00473876	
***
>covarianceMatrix:
H
0.0214088	-0.0182642	
-0.0182642	0.0199947	
***
>covarianceMatrix:
I
0.00307081	0.00143923	-0.00245114	-0.00115	
0.00143923	0.00293187	-0.00115651	-0.00230332	
-0.00245114	-0.00115651	0.00221508	0.000911587	
-0.00115	-0.00230332	0.000911587	0.00237076	
***
>covarianceMatrix:
K
0.00680296	-0.00551752	
-0.00551752	0.00650617	
***
>covarianceMatrix:
L
0.0026871	0.000101326	0.00047578	0.000303113	6.95493e-05	-0.00251217	5.05253e-05	-0.000503472	-0.000240185	-1.68167e-05	
0.000101326	0.000532173	7.32749e-05	7.77329e-05	-4.83903e-05	-8.10649e-05	-0.000322552	-8.06465e-05	-2.95711e-05	6.83013e-05	
0.00047578	7.32749e-05	0.000499051	0.000187592	-1.30362e-05	-0.000417719	1.76217e-05	-0.000326685	-0.000133013	4.10192e-07	
0.000303113	7.77329e-05	0.000187592	0.000576722	6.94227e-05	-0.000176759	9.54376e-05	-0.000101929	-0.000323459	1.96417e-05	
6.95493e-05	-4.83903e-05	-1.30362e-05	6.94227e-05	0.000473135	3.74071e-05	3.20533e-05	-2.86783e-06	-3.26781e-06	-0.00023933	
-0.00251217	-8.10649e-05	-0.000417719	-0.000176759	3.74071e-05	0.00258297	-3.45099e-05	0.000500422	0.000215856	-5.47087e-06	
5.05253e-05	-0.000322552	1.76217e-05	9.54376e-05	3.20533e-05	-3.45099e-05	0.000397202	5.95418e-05	-8.29885e-05	-4.5286e-05	
-0.000503472	-8.06465e-05	-0.000326685	-0.000101929	-2.86783e-06	0.000500422	5.95418e-05	0.000375541	0.000106474	2.6783e-05	
-0.000240185	-2.95711e-05	-0.000133013	-0.000323459	-3.26781e-06	0.000215856	-8.29885e-05	0.000106474	0.00028972	1.60473e-05	
-1.68167e-05	6.83013e-05	4.10192e-07	1.96417e-05	-0.00023933	-5.47087e-06	-4.5286e-05	2.6783e-05	1.60473e-05	0.000245177	
***
>covarianceMatrix:
N
0.00945893	-0.0085706	
-0.0085706	0.00918952	
***
>covarianceMatrix:
P
0.00289581	0.00153401	0.000749616	-0.00242408	-0.00114703	-0.000298268	
0.00153401	0.00613299	0.0012132	-0.00107712	-0.00477839	-0.000393847	
0.000749616	0.0012132	0.00192893	-0.000413351	-0.000878618	-0.00102606	
-0.00242408	-0.00107712	-0.000413351	0.00233997	0.00100584	0.000287086	
-0.00114703	-0.00477839	-0.000878618	0.00100584	0.00454104	0.000538759	
-0.000298268	-0.000393847	-0.00102606	0.000287086	0.000538759	0.00103597	
***
>covarianceMatrix:
Q
0.0116166	-0.0103896	
-0.0103896	0.0114711	
***
>covarianceMatrix:
R
0.00131301	0.00070507	0.000590525	0.00057186	0.000678119	-0.00104554	-0.000640344	-0.00041401	-0.000659867	-0.000628801	
0.00070507	0.00154132	0.000436491	0.000729587	0.000581875	-0.000603799	-0.00123708	-0.00028375	-0.000813282	-0.000477554	
0.000590525	0.000436491	0.00082052	0.000339439	0.000290411	-0.00041496	-0.000302856	-0.000525051	-0.000420448	-0.000155742	
0.00057186	0.000729587	0.000339439	0.00153018	0.000503564	-0.000531722	-0.000698478	-0.000255327	-0.00134891	-0.000367988	
0.000678119	0.000581875	0.000290411	0.000503564	0.0011172	-0.000538766	-0.000504823	-0.000104698	-0.000586215	-0.000863758	
-0.00104554	-0.000603799	-0.00041496	-0.000531722	-0.000538766	0.00100195	0.000647107	0.000374728	0.00069527	0.000547431	
-0.000640344	-0.00123708	-0.000302856	-0.000698478	-0.000504823	0.000647107	0.00135346	0.000281759	0.000995297	0.000522032	
-0.00041401	-0.00028375	-0.000525051	-0.000255327	-0.000104698	0.000374728	0.000281759	0.000453781	0.000420036	4.43663e-05	
-0.000659867	-0.000813282	-0.000420448	-0.00134891	-0.000586215	0.00069527	0.000995297	0.000420036	0.0017792	0.000526778	
-0.000628801	-0.000477554	-0.000155742	-0.000367988	-0.000863758	0.000547431	0.000522032	4.43663e-05	0.000526778	0.000899158	
***
>covarianceMatrix:
S
0.00470776	0.00224672	0.0040089	-0.00379312	-0.00198801	-0.00358554	
0.00224672	0.00425812	0.00255281	-0.00186861	-0.00368156	-0.00211056	
0.0040089	0.00255281	0.00715809	-0.00335152	-0.00225642	-0.00591016	
-0.00379312	-0.00186861	-0.00335152	0.00341028	0.00182737	0.00316824	
-0.00198801	-0.00368156	-0.00225642	0.00182737	0.00371907	0.00208621	
-0.00358554	-0.00211056	-0.00591016	0.00316824	0.00208621	0.00547781	
***
>covarianceMatrix:
T
0.00123128	0.00040014	0.000876733	-0.000879391	-0.000287864	-0.000625169	
0.00040014	0.00248401	0.00162369	-0.000274059	-0.0020754	-0.00133497	
0.000876733	0.00162369	0.00360025	-0.000658747	-0.00150439	-0.00323267	
-0.000879391	-0.000274059	-0.000658747	0.000771173	0.000268616	0.000555897	
-0.000287864	-0.0020754	-0.00150439	0.000268616	0.00216817	0.00151021	
-0.000625169	-0.00133497	-0.00323267	0.000555897	0.00151021	0.0034348	
***
>covarianceMatrix:
V
0.00289297	0.00060888	0.001464	-0.00240993	-0.000335871	-0.0010579	
0.00060888	0.00204175	0.00102132	-0.000553964	-0.00152336	-0.000816176	
0.001464	0.00102132	0.00241241	-0.00134795	-0.000636465	-0.00177039	
-0.00240993	-0.000553964	-0.00134795	0.00232564	0.000407101	0.00105931	
-0.000335871	-0.00152336	-0.000636465	0.000407101	0.00173428	0.000718734	
-0.0010579	-0.000816176	-0.00177039	0.00105931	0.000718734	0.00156815	
***
>covarianceMatrix:
Y
0.0119571	-0.0101539	
-0.0101539	0.0103869	
***
>covarianceMatrix:
Z
0.024902	-0.0232402	
-0.0232402	0.0252989	
***
