>groupList:
A C D E F G H I K L
N P Q R S T V Y Z 
>stdDevSynthesisRate:
0.629083 
>numParam:
40
>numMixtures:
1
>std_stdDevSynthesisRate:
0.144
>std_phi:
***
1.37858 1.37858 1.14698 1.49108 0.482681 0.501988 0.308916 1.10287 1.55072 1.10287
1.06045 1.37858 0.678688 1.19286 0.815731 1.06045 1.06045 1.10287 0.678688 0.522068
1.06045 0.401591 1.43373 1.14698 0.627485 0.652585 0.627485 0.627485 0.917586 1.06045
2.423 0.84836 1.49108 1.06045 1.06045 0.917586 0.652585 1.79216 0.882294 0.84836
0.501988 0.84836 0.815731 0.482681 0.882294 1.14698 1.14698 0.386145 0.43436 1.86385
1.19286 0.84836 0.482681 0.627485 0.308916 0.815731 1.55072 0.652585 0.13 0.371293
0.882294 0.815731 0.627485 1.43373 1.43373 0.84836 1.10287 0.678688 0.917586 1.19286
0.678688 1.49108 0.627485 0.678688 1.49108 1.06045 0.482681 0.652585 1.06045 1.14698
1.55072 0.482681 0.371293 1.37858 0.815731 0.482681 1.06045 0.815731 1.55072 1.14698
0.734069 0.652585 1.43373 0.501988 0.28561 0.501988 0.482681 0.882294 0.815731 1.10287
0.501988 1.55072 1.24058 0.678688 1.06045 1.43373 0.482681 0.917586 1.49108 0.522068
0.815731 1.06045 0.522068 1.19286 0.678688 0.501988 0.501988 0.627485 1.86385 1.37858
0.401591 0.297034 0.627485 1.06045 0.371293 0.678688 1.14698 1.24058 1.14698 0.371293
1.49108 0.678688 0.482681 1.14698 0.652585 0.237628 0.401591 0.522068 0.54295 1.79216
0.815731 0.28561 0.627485 1.43373 0.371293 0.401591 0.627485 1.10287 0.815731 0.501988
0.371293 1.19286 0.564668 0.386145 0.917586 0.386145 1.06045 0.882294 1.06045 0.627485
0.54295 1.86385 0.84836 0.401591 0.297034 1.61275 1.43373 0.482681 1.06045 1.19286
0.386145 0.297034 0.386145 0.84836 1.06045 1.14698 1.43373 0.627485 1.06045 1.43373
1.10287 1.37858 0.627485 0.705835 0.815731 0.501988 0.882294 1.19286 0.815731 0.371293
0.917586 0.882294 0.84836 1.43373 0.482681 1.37858 0.482681 1.19286 0.2197 1.43373
0.386145 1.86385 0.28561 0.678688 1.14698 1.49108 0.28561 0.401591 1.19286 0.482681
0.84836 1.06045 0.2197 0.815731 0.297034 0.84836 0.417654 0.401591 0.386145 1.10287
1.06045 1.14698 0.401591 0.678688 0.482681 0.386145 1.79216 0.652585 0.371293 1.79216
1.14698 0.652585 0.28561 0.371293 1.43373 0.54295 0.482681 1.79216 0.882294 1.49108
1.19286 0.627485 0.652585 0.815731 1.06045 1.37858 1.24058 0.401591 0.917586 0.84836
0.627485 1.43373 0.522068 0.2197 0.169 0.482681 0.627485 1.43373 0.815731 0.627485
0.882294 1.49108 0.371293 0.482681 0.501988 0.627485 1.43373 1.49108 1.43373 1.43373
1.06045 0.882294 0.627485 0.169 0.678688 0.917586 1.37858 0.417654 1.43373 0.84836
0.482681 0.2197 1.10287 1.43373 1.06045 0.417654 0.386145 1.37858 1.24058 0.522068
0.501988 1.19286 1.19286 1.06045 1.06045 0.652585 1.14698 1.43373 0.482681 0.815731
0.371293 0.371293 0.386145 1.37858 0.371293 0.678688 0.815731 0.627485 0.84836 0.522068
0.627485 0.482681 0.501988 0.652585 1.49108 1.10287 0.501988 0.84836 0.678688 0.18279
0.501988 0.84836 0.371293 1.06045 0.371293 0.522068 0.371293 0.627485 0.2197 0.371293
0.522068 1.79216 1.19286 1.24058 0.401591 0.882294 0.652585 1.14698 0.652585 0.84836
1.10287 1.14698 0.627485 0.501988 1.06045 0.482681 0.627485 0.992461 0.882294 0.917586
1.06045 0.371293 0.705835 0.627485 0.917586 0.882294 0.815731 0.815731 0.652585 1.79216
0.652585 0.522068 0.652585 0.627485 0.371293 0.28561 0.321272 0.815731 0.627485 0.482681
0.482681 0.815731 0.2197 0.652585 0.482681 1.10287 1.24058 0.652585 1.37858 0.652585
0.815731 0.84836 1.14698 1.06045 0.501988 0.308916 0.678688 0.501988 1.49108 1.43373
1.49108 0.84836 1.43373 1.10287 0.627485 0.401591 0.652585 0.482681 0.522068 1.10287
0.28561 0.882294 0.917586 0.678688 0.13 0.501988 1.86385 1.14698 0.84836 0.627485
0.482681 0.627485 1.37858 0.652585 1.14698 0.482681 0.386145 0.482681 0.28561 0.522068
0.297034 1.43373 0.815731 0.237628 0.652585 1.06045 0.297034 0.386145 0.522068 1.86385
1.06045 0.371293 0.522068 0.371293 1.24058 0.18279 0.522068 1.24058 0.401591 0.297034
0.917586 1.37858 0.1352 0.815731 0.297034 1.79216 0.371293 0.815731 1.14698 0.297034
0.627485 0.482681 0.652585 1.06045 0.652585 0.882294 1.43373 0.482681 0.501988 
>categories:
0 0
>mixtureAssignment:
0 0 0 0 0 0 0 0 0 0 0 0 0 0 0 0 0 0 0 0 0 0 0 0 0 0 0 0 0 0 0 0 0 0 0 0 0 0 0 0 0 0 0 0 0 0 0 0 0 0
0 0 0 0 0 0 0 0 0 0 0 0 0 0 0 0 0 0 0 0 0 0 0 0 0 0 0 0 0 0 0 0 0 0 0 0 0 0 0 0 0 0 0 0 0 0 0 0 0 0
0 0 0 0 0 0 0 0 0 0 0 0 0 0 0 0 0 0 0 0 0 0 0 0 0 0 0 0 0 0 0 0 0 0 0 0 0 0 0 0 0 0 0 0 0 0 0 0 0 0
0 0 0 0 0 0 0 0 0 0 0 0 0 0 0 0 0 0 0 0 0 0 0 0 0 0 0 0 0 0 0 0 0 0 0 0 0 0 0 0 0 0 0 0 0 0 0 0 0 0
0 0 0 0 0 0 0 0 0 0 0 0 0 0 0 0 0 0 0 0 0 0 0 0 0 0 0 0 0 0 0 0 0 0 0 0 0 0 0 0 0 0 0 0 0 0 0 0 0 0
0 0 0 0 0 0 0 0 0 0 0 0 0 0 0 0 0 0 0 0 0 0 0 0 0 0 0 0 0 0 0 0 0 0 0 0 0 0 0 0 0 0 0 0 0 0 0 0 0 0
0 0 0 0 0 0 0 0 0 0 0 0 0 0 0 0 0 0 0 0 0 0 0 0 0 0 0 0 0 0 0 0 0 0 0 0 0 0 0 0 0 0 0 0 0 0 0 0 0 0
0 0 0 0 0 0 0 0 0 0 0 0 0 0 0 0 0 0 0 0 0 0 0 0 0 0 0 0 0 0 0 0 0 0 0 0 0 0 0 0 0 0 0 0 0 0 0 0 0 0
0 0 0 0 0 0 0 0 0 0 0 0 0 0 0 0 0 0 0 0 0 0 0 0 0 0 0 0 0 0 0 0 0 0 0 0 0 0 0 0 0 0 0 0 0 0 0 0 0 0
0 0 0 0 0 0 0 0 0 
>numMutationCategories:
1
>numSelectionCategories:
1
>categoryProbabilities:
1 
>selectionIsInMixture:
***
0 
>mutationIsInMixture:
***
0 
>obsPhiSets:
0
>currentSynthesisRateLevel:
***
0.55377 0.474054 0.304333 0.360282 1.71539 1.18398 2.56846 0.619369 0.638193 0.93942
0.589893 0.346535 0.830149 0.58169 1.64967 0.799712 0.988486 0.710978 0.965397 1.16675
0.837856 0.700671 0.425523 0.530431 1.70722 1.26089 1.9281 2.84313 0.587504 1.26514
0.230808 1.18574 0.749354 0.388704 0.477292 0.401554 0.582428 0.196156 0.437184 1.39175
2.05321 1.22245 1.00077 1.62148 0.613025 0.554676 0.788445 1.95593 0.47385 0.671011
0.589488 0.54232 2.08897 0.892644 0.883675 1.50533 0.342013 0.671152 1.59419 1.533
0.697012 0.743852 0.688919 0.626399 0.369741 0.922514 0.675819 0.766328 0.608687 0.459203
1.81391 0.402339 1.35038 1.0874 0.4143 1.12898 1.28337 0.892552 0.834923 0.193474
0.271088 1.10751 1.50963 0.620116 0.577193 0.887156 0.7691 0.766714 0.421531 0.872458
0.803223 0.833634 0.369061 1.85274 1.13306 0.716881 1.75357 1.32767 0.944328 0.714132
1.24915 0.283383 0.306018 0.77268 0.477683 0.325236 0.825251 0.728411 0.441386 1.92252
1.31482 0.636312 0.990978 0.179576 0.846511 1.73041 0.478094 1.60843 0.233055 0.935457
0.869495 1.03867 0.949692 0.513334 1.18431 1.08404 0.494094 0.387166 0.424763 1.44029
0.262432 0.485367 2.62455 0.388557 0.815644 1.30042 2.31669 0.901235 0.705077 0.379721
0.718602 2.92161 0.877432 0.301026 1.80794 1.24205 2.23524 0.804698 0.658691 1.20847
1.61176 0.575856 0.877324 1.15112 0.587556 1.39524 0.962106 0.675514 0.460799 1.07737
0.508476 0.15621 0.40525 1.4492 0.907929 0.541578 0.348027 0.732186 0.519849 0.500931
1.21971 2.80258 0.856774 0.852805 0.564439 0.412257 0.307085 0.704798 0.890788 0.44243
0.252115 0.833663 2.03758 0.690105 1.54148 1.0229 0.535078 0.740268 0.986268 1.17779
1.73642 0.639013 0.695699 0.253724 1.01979 0.593 1.31578 0.429198 2.21894 0.375684
2.19226 0.345641 3.61884 0.605965 0.368416 0.703354 1.01243 1.72713 0.221307 1.59202
0.967081 0.658996 0.949302 0.401878 1.21019 0.581895 0.777654 3.2287 2.6165 0.781424
0.790419 0.544065 2.00933 0.579177 0.996408 1.56945 0.362831 1.85238 1.55052 0.284593
0.680332 0.730289 1.8649 0.700323 0.542007 0.778353 1.02104 0.337899 0.609047 1.33573
0.248075 3.46916 1.48146 0.608006 0.860693 0.74743 0.217624 1.27788 0.427528 0.493595
0.802258 0.415993 1.22844 1.85138 1.83436 1.18344 0.699319 0.497156 0.564625 1.9552
1.07423 0.865522 0.953821 0.908743 1.97064 1.04313 0.257738 0.218468 0.426049 0.31619
0.417361 0.713852 1.33736 1.10288 1.00376 0.841337 0.256693 1.26681 0.140744 0.617258
0.782917 1.26555 0.370184 0.219436 0.744779 1.39571 1.2113 0.47296 0.30706 2.87427
0.642599 0.217422 0.613228 1.1164 0.556128 0.856919 0.399549 0.330882 1.4221 0.578486
1.33652 1.95927 1.83346 0.460554 0.744519 0.400904 0.51156 1.80446 1.29485 0.955052
0.763524 1.38908 0.91451 0.738426 0.545467 0.730359 1.12242 0.783639 1.10776 1.36012
1.47306 0.638517 1.42957 0.675263 1.37921 0.658533 1.32353 1.37358 1.5721 1.40206
0.888371 0.171225 0.380099 0.324466 2.45388 0.655789 0.636441 0.912424 2.7249 0.395263
0.338501 0.439474 0.810688 0.646384 1.24889 1.02796 1.23354 0.467757 1.44956 0.628388
0.683497 1.6134 0.453085 0.714639 0.53773 0.488776 1.13514 0.483228 1.13618 0.572602
0.699204 0.821288 0.577025 0.98481 1.78989 2.36934 2.20524 0.611165 0.905245 2.36021
1.00606 1.17901 2.33721 1.4445 1.54558 0.435561 0.254053 0.770771 0.591497 1.46714
1.06241 1.05216 0.648333 0.692751 1.04799 1.546 1.0064 1.27537 0.217501 0.342227
0.657146 0.73626 0.572478 0.699925 1.7038 0.672914 0.831704 1.19377 0.889409 0.910505
1.90773 0.429901 0.483555 1.14775 1.68671 0.705814 0.281127 0.701626 0.714891 1.28551
0.983723 1.42112 0.346285 0.894286 0.679301 1.29852 1.4028 2.12497 1.53294 1.37457
1.98621 0.287708 1.01407 1.90079 1.52415 1.64547 2.07759 2.27859 1.11295 0.362006
0.900679 0.999335 0.935378 1.77696 0.481294 1.17357 0.89242 0.219771 0.932035 1.09282
0.579527 0.330247 2.4692 0.868614 1.48056 0.185087 1.17575 0.897458 0.599168 2.54565
1.65719 0.719013 1.41589 0.714809 0.627854 0.683561 0.346443 3.57812 0.6752 
>noiseOffset:
>observedSynthesisNoise:
>std_NoiseOffset:
>mutation_prior_mean:
***
0 0 0 0 0 0 0 0 0 0
0 0 0 0 0 0 0 0 0 0
0 0 0 0 0 0 0 0 0 0
0 0 0 0 0 0 0 0 0 0
>mutation_prior_sd:
***
0.35 0.35 0.35 0.35 0.35 0.35 0.35 0.35 0.35 0.35
0.35 0.35 0.35 0.35 0.35 0.35 0.35 0.35 0.35 0.35
0.35 0.35 0.35 0.35 0.35 0.35 0.35 0.35 0.35 0.35
0.35 0.35 0.35 0.35 0.35 0.35 0.35 0.35 0.35 0.35
>std_csp:
0.032768 0.032768 0.032768 24.7065 0.1 0.064 0.482681 0.0512 0.0512 0.0512
0.1 0.0512 0.0512 0.1 0.0512 0.0512 0.0512 0.0512 0.0512 0.1
0.0512 0.0512 0.0512 0.1 0.032768 0.032768 0.032768 0.032768 0.032768 0.0512
0.0512 0.0512 0.0512 0.0512 0.0512 0.0512 0.0512 0.0512 1.79216 0.13
>currentMutationParameter:
***
-0.509908 1.09464 0.896552 0.875768 1.25646 -1.2153 0.58088 -0.801695 0.96328 0.924729
1.04823 0.584889 1.10084 -1.28729 0.564731 1.0128 0.723018 -0.00446788 0.0074613 1.2208
-0.468955 1.17882 0.461124 -0.856041 -1.02756 0.238704 -0.991376 1.01793 0.638566 -0.546044
0.913216 0.615107 -0.440391 1.36469 0.82821 0.522986 1.20715 0.658343 0.829873 1.19951
>currentSelectionParameter:
***
0.705492 -0.448545 0.409503 -0.653406 -0.512089 0.778427 -0.871474 -0.460135 -0.375009 -0.0300375
-0.638717 1.08728 -0.642106 1.07147 0.470913 -0.749306 -0.178559 -0.176461 0.954181 -0.878344
-0.881564 -0.398858 -0.466805 0.181497 0.565036 0.895919 1.11655 -0.194015 0.436121 0.460222
-0.465887 -0.0870226 0.485896 -0.753238 0.0924608 0.514525 -0.571566 -0.0588831 -0.773676 -0.946106
>covarianceMatrix:
A
0.000691633	0.00025086	0.00035961	-0.000627766	-0.000228554	-0.000329376	
0.00025086	0.00094549	0.000445266	-0.00024302	-0.000731927	-0.000482659	
0.00035961	0.000445266	0.00143857	-0.000346741	-0.000399262	-0.00130527	
-0.000627766	-0.00024302	-0.000346741	0.000847198	0.000237497	0.000443553	
-0.000228554	-0.000731927	-0.000399262	0.000237497	0.00083231	0.000431959	
-0.000329376	-0.000482659	-0.00130527	0.000443553	0.000431959	0.00165838	
***
>covarianceMatrix:
C
0.00350756	-0.00258231	
-0.00258231	0.0031499	
***
>covarianceMatrix:
D
0.0025	0	
0	0.0025	
***
>covarianceMatrix:
E
0.00281078	-0.00257073	
-0.00257073	0.00331665	
***
>covarianceMatrix:
F
0.00366384	-0.00278458	
-0.00278458	0.00348927	
***
>covarianceMatrix:
G
0.000768459	0.00051821	0.000524923	-0.000575356	-0.000375526	-0.000465011	
0.00051821	0.00165923	0.000705745	-0.000396504	-0.00132571	-0.000736789	
0.000524923	0.000705745	0.00164158	-0.000466345	-0.000664124	-0.00150717	
-0.000575356	-0.000396504	-0.000466345	0.000792829	0.000538736	0.000680562	
-0.000375526	-0.00132571	-0.000664124	0.000538736	0.0016571	0.00104904	
-0.000465011	-0.000736789	-0.00150717	0.000680562	0.00104904	0.00219729	
***
>covarianceMatrix:
H
0.0075169	-0.00709783	
-0.00709783	0.010428	
***
>covarianceMatrix:
I
0.00214688	-0.000181491	-0.0020318	-7.18761e-05	
-0.000181491	0.00100884	-2.92418e-06	-0.000757638	
-0.0020318	-2.92418e-06	0.00328983	0.000169173	
-7.18761e-05	-0.000757638	0.000169173	0.000949665	
***
>covarianceMatrix:
K
0.00229893	-0.000755893	
-0.000755893	0.0024989	
***
>covarianceMatrix:
L
0.000354953	7.73793e-06	5.08708e-05	2.60924e-05	0.00013381	-0.000255139	6.3426e-06	-1.16969e-05	8.60841e-06	-6.3183e-05	
7.73793e-06	0.00034906	8.76444e-05	2.87833e-05	-0.000121048	-3.19141e-05	-0.000257216	-0.000114088	-1.8162e-05	0.000172203	
5.08708e-05	8.76444e-05	0.000300923	5.21897e-05	6.03656e-05	1.76896e-05	-4.84701e-05	-0.000227748	-1.48171e-05	-8.55436e-06	
2.60924e-05	2.87833e-05	5.21897e-05	0.000246868	-7.28178e-06	2.07354e-05	-5.22926e-05	-4.12976e-06	-0.000204734	8.69986e-05	
0.00013381	-0.000121048	6.03656e-05	-7.28178e-06	0.000615787	-7.57957e-05	7.18049e-05	-6.04607e-05	1.24154e-08	-0.000524828	
-0.000255139	-3.19141e-05	1.76896e-05	2.07354e-05	-7.57957e-05	0.000422601	2.75996e-05	-1.16342e-05	-7.83032e-06	0.000129796	
6.3426e-06	-0.000257216	-4.84701e-05	-5.22926e-05	7.18049e-05	2.75996e-05	0.0003594	8.98837e-05	0.000106349	-0.000198355	
-1.16969e-05	-0.000114088	-0.000227748	-4.12976e-06	-6.04607e-05	-1.16342e-05	8.98837e-05	0.000327322	1.67878e-06	9.23033e-06	
8.60841e-06	-1.8162e-05	-1.48171e-05	-0.000204734	1.24154e-08	-7.83032e-06	0.000106349	1.67878e-06	0.000286958	-8.18793e-05	
-6.3183e-05	0.000172203	-8.55436e-06	8.69986e-05	-0.000524828	0.000129796	-0.000198355	9.23033e-06	-8.18793e-05	0.000860348	
***
>covarianceMatrix:
N
0.0025	0	
0	0.0025	
***
>covarianceMatrix:
P
0.000935854	0.000509967	0.000730782	-0.00062173	-0.000480477	-0.00061971	
0.000509967	0.0018763	0.000815664	-0.000243275	-0.00157522	-0.000664704	
0.000730782	0.000815664	0.00158166	-0.000597856	-0.000897293	-0.00142057	
-0.00062173	-0.000243275	-0.000597856	0.000852317	0.000508452	0.000819601	
-0.000480477	-0.00157522	-0.000897293	0.000508452	0.0021581	0.00107281	
-0.00061971	-0.000664704	-0.00142057	0.000819601	0.00107281	0.00196256	
***
>covarianceMatrix:
Q
0.0025	0	
0	0.0025	
***
>covarianceMatrix:
R
0.000465076	0.000402564	0.000423911	0.000182188	0.000247969	-0.000293705	-0.000274045	-0.000289632	-0.000121719	-0.000194485	
0.000402564	0.00151957	0.000852372	-7.30142e-05	0.000649039	-0.000124552	-0.00109684	-0.000524916	8.0803e-05	-0.000655154	
0.000423911	0.000852372	0.00111634	0.000109217	0.000351712	-0.000211361	-0.000729208	-0.000864348	-0.000148277	-0.000307754	
0.000182188	-7.30142e-05	0.000109217	0.000725409	-4.06712e-05	-8.03584e-05	0.000112165	-4.93479e-05	-0.00044494	0.000227504	
0.000247969	0.000649039	0.000351712	-4.06712e-05	0.000989871	-2.87683e-05	-0.000395621	-5.51e-05	0.000140752	-0.000771674	
-0.000293705	-0.000124552	-0.000211361	-8.03584e-05	-2.87683e-05	0.00036089	0.000160981	0.000237424	0.000141389	0.000103602	
-0.000274045	-0.00109684	-0.000729208	0.000112165	-0.000395621	0.000160981	0.0011281	0.000567818	6.39635e-06	0.000523951	
-0.000289632	-0.000524916	-0.000864348	-4.93479e-05	-5.51e-05	0.000237424	0.000567818	0.000877838	0.000185769	0.000105457	
-0.000121719	8.0803e-05	-0.000148277	-0.00044494	0.000140752	0.000141389	6.39635e-06	0.000185769	0.000533055	-0.000232751	
-0.000194485	-0.000655154	-0.000307754	0.000227504	-0.000771674	0.000103602	0.000523951	0.000105457	-0.000232751	0.000966135	
***
>covarianceMatrix:
S
0.000607401	0.000101895	0.000220076	-0.000548425	-5.99571e-05	-0.000156434	
0.000101895	0.000872149	0.000395766	-4.16081e-05	-0.00066921	-0.000379184	
0.000220076	0.000395766	0.0012511	-0.000165759	-0.000317956	-0.00106229	
-0.000548425	-4.16081e-05	-0.000165759	0.000837499	6.58657e-05	0.000197229	
-5.99571e-05	-0.00066921	-0.000317956	6.58657e-05	0.000794636	0.000407559	
-0.000156434	-0.000379184	-0.00106229	0.000197229	0.000407559	0.00121513	
***
>covarianceMatrix:
T
0.000595048	5.6693e-05	0.000208508	-0.00053821	-5.30693e-06	-0.000138994	
5.6693e-05	0.00102518	0.000223105	-1.00068e-05	-0.000756452	-0.00021303	
0.000208508	0.000223105	0.000946547	-0.000223906	-0.000143342	-0.000888003	
-0.00053821	-1.00068e-05	-0.000223906	0.000756507	-2.9832e-05	0.000269344	
-5.30693e-06	-0.000756452	-0.000143342	-2.9832e-05	0.000820023	0.000167224	
-0.000138994	-0.00021303	-0.000888003	0.000269344	0.000167224	0.00124423	
***
>covarianceMatrix:
V
0.000834938	2.69398e-05	0.000247009	-0.000788605	1.26724e-05	-0.000203758	
2.69398e-05	0.0010674	0.000366891	8.19206e-06	-0.000864352	-0.000350376	
0.000247009	0.000366891	0.000901616	-0.000325783	-0.000314761	-0.000820612	
-0.000788605	8.19206e-06	-0.000325783	0.00127889	-5.68818e-05	0.000347565	
1.26724e-05	-0.000864352	-0.000314761	-5.68818e-05	0.000957147	0.000357349	
-0.000203758	-0.000350376	-0.000820612	0.000347565	0.000357349	0.00101843	
***
>covarianceMatrix:
Y
0.00488651	-0.00437417	
-0.00437417	0.00571335	
***
>covarianceMatrix:
Z
0.0106303	-0.0107869	
-0.0107869	0.014779	
***
