>groupList:
A C D E F G H I K L
N P Q R S T V Y Z 
>stdDevSynthesisRate:
0.59123 
>numParam:
40
>numMixtures:
1
>std_stdDevSynthesisRate:
0.0721389
>std_phi:
***
1.50935 0.835848 0.571588 0.260168 0.475562 0.406511 1.56971 0.858754 0.50814 1.30601
1.35825 0.668678 0.965985 0.422773 0.549604 1.00463 1.04481 0.772784 0.835848 0.965979
1.16104 0.965981 0.687006 0.743065 1.25578 1.50934 0.494584 1.81413 0.858755 0.571589
0.61823 1.41258 0.8037 0.835848 0.411494 0.57159 0.687006 0.514368 0.571588 1.25578
1.30602 0.475562 0.281399 1.04481 0.225117 0.549604 0.594452 0.365817 0.714485 0.668678
0.928832 0.743065 0.714486 1.00462 0.687006 0.803701 0.594452 1.81412 2.04064 1.25578
1.04481 0.803701 0.904055 0.571589 0.102466 0.32521 0.439683 0.928828 0.594453 0.772788
1.69781 0.858757 0.514367 0.64296 0.59445 1.56973 1.04481 1.20748 0.893107 1.0866
0.928831 1.25578 0.772789 0.928832 1.25578 0.928831 1.30601 0.687005 0.281398 0.803699
0.549605 0.45727 0.571589 0.514368 0.803701 1.88668 1.35825 0.714485 1.30601 0.965978
1.04481 0.148024 0.571588 1.306 0.225118 0.965985 0.743066 1.07344 1.25579 0.714487
0.714486 0.32521 0.772785 1.11637 1.00462 0.904051 0.772788 0.594452 0.687004 0.642959
1.63252 0.571588 1.11637 0.457271 0.965985 0.83584 0.439684 0.571588 0.571588 0.549604
1.56973 1.00463 0.270575 1.56972 1.16104 0.869278 0.714487 0.338218 1.04481 0.965985
0.743063 1.56973 1.25577 0.64296 0.714485 0.61823 1.20747 0.439684 1.35825 1.30602
1.16104 0.38045 1.25578 0.965981 1.39548 0.494584 0.965985 1.00463 0.803702 1.35825
1.16104 0.83585 0.549605 0.965985 0.422773 0.594452 1.16104 0.743065 0.772788 0.835848
0.475562 1.07345 1.63251 0.494583 0.61823 0.928831 0.618229 0.965985 1.00462 1.76572
1.81413 0.8037 0.835851 0.375844 0.61823 1.04481 0.642959 0.494584 0.64296 1.35825
1.03216 1.03216 0.365818 0.395668 1.20748 1.25578 0.772787 1.56973 1.0866 1.0866
0.312703 1.39547 1.25578 1.41257 0.270574 1.4513 0.803699 0.365817 0.723243 1.0866
0.893102 0.338218 1.08659 0.772785 0.365816 0.714485 0.928829 0.803697 1.25578 0.772788
0.772785 1.76573 0.714485 2.04064 0.488597 0.965985 1.63251 0.475562 1.56973 1.04481
0.835844 0.928836 1.25578 0.514369 0.571588 1.63251 0.858754 1.30601 0.772789 0.338218
0.64296 0.351748 0.549605 0.714486 0.618229 0.714485 0.642961 0.803696 1.45129 0.772783
1.13007 1.13006 0.571588 0.594452 1.25578 0.61823 1.30601 0.743065 1.74434 0.594453
0.8037 1.63252 1.20748 1.25578 1.25578 1.30601 1.25578 0.835848 0.213839 0.803702
0.439684 0.869278 0.571588 1.11638 1.56973 0.772789 1.63252 1.35826 1.00462 0.695424
0.772788 0.192432 0.270575 0.723241 0.534943 0.64296 0.594453 0.714485 0.57159 1.50935
0.77279 0.714485 1.00462 1.16104 0.457272 0.38045 0.549604 1.20748 0.668678 1.20748
0.668678 0.803701 0.594452 1.30601 1.04481 0.528466 0.338218 1.00462 0.494584 0.351747
1.00463 0.200128 1.30601 0.8037 0.594452 1.04481 1.25578 1.0448 0.772788 0.390878
0.380448 0.772788 0.893107 0.858757 0.300675 1.25578 0.803699 1.30601 0.772787 1.25578
1.56973 0.965981 1.00462 1.50935 0.893107 0.571589 0.571589 1.08661 0.695425 1.20749
0.835848 0.714486 1.20747 1.16104 1.07345 0.858758 1.63251 1.35825 1.00462 1.04481
0.528466 1.50935 0.439684 0.32521 0.668679 0.743066 1.00462 0.965986 0.965982 0.965985
0.928828 0.61823 1.35825 0.928832 1.08661 0.642959 0.835848 0.445073 0.571588 0.618231
0.571589 1.11638 0.965984 1.56973 0.61823 0.928828 1.0866 1.56973 0.338219 0.687005
0.45727 0.594453 1.50935 0.743065 0.549605 0.395668 0.743066 0.803696 1.50935 2.29545
0.549604 0.743068 1.20748 0.965986 0.571589 0.494584 1.00462 0.338219 0.488597 0.549604
1.00462 0.571589 0.835849 1.30601 0.8037 0.30436 0.351747 1.16104 1.88669 1.00462
0.965979 1.50935 0.687005 1.56973 1.00463 0.571589 1.4513 0.858757 0.743065 1.35826
1.00462 0.494584 1.35826 0.772787 1.63252 1.69781 1.0866 1.30601 1.306 2.04064
0.772785 1.63252 0.8037 1.20748 1.16104 1.25578 1.20748 0.893107 1.50935 1.07344
1.17527 1.25578 1.30601 0.475562 0.714486 1.6325 1.16104 1.69782 1.07345 1.25578
1.13007 1.35825 1.39549 0.965985 1.50935 1.63252 0.45727 0.494584 0.714486 0.457271
1.63251 1.0866 0.549604 0.61823 0.439683 1.63252 0.270574 0.475562 0.281397 0.668678
1.35825 0.166507 0.351747 0.281398 1.30601 1.00462 0.825728 0.439684 0.549604 0.835851
0.395667 0.494585 1.0866 0.618231 0.660582 0.30436 0.439683 0.772785 0.365817 0.687005
0.965987 0.928832 0.406512 0.365817 2.04064 0.928828 0.422772 1.16104 0.618231 0.528465
1.00463 0.8037 0.803697 1.56972 1.25578 1.00462 0.668679 1.63251 0.743066 0.488595
1.88669 0.772788 0.660582 2.4527 0.803699 1.46908 0.772789 0.57159 0.8037 1.0866
0.457272 0.365817 1.08661 0.281397 0.528466 0.24054 0.457272 0.411494 1.20747 0.439683
0.55634 0.668675 1.30601 1.25578 0.123157 0.928832 0.50814 1.76573 0.803702 0.928826
0.427954 1.17526 1.30601 1.16103 0.772788 1.69782 1.4513 1.20749 0.660583 1.16103
0.534942 0.549604 1.20748 1.46908 0.965984 0.528466 0.772787 1.0448 0.549605 0.61823
0.803698 1.50935 0.714485 1.39548 0.395667 1.16104 0.618231 1.0448 0.514368 1.35825
1.46909 1.00462 0.642959 1.25578 1.04481 2.04065 1.50934 1.96215 0.743066 0.439683
0.743066 1.20748 0.618228 0.893107 0.439683 1.16104 0.772788 1.76573 0.475562 0.422772
1.13006 0.803698 0.457271 0.965985 0.475561 1.0866 1.4513 0.445072 0.803699 1.50934
1.16104 0.365817 0.668678 1.16104 1.25578 0.395667 0.457271 0.64296 0.351747 0.514367
0.965981 0.494584 0.965985 0.869281 1.46909 0.928828 1.00462 1.20748 0.928835 0.571589
0.549606 1.50935 1.0866 0.928831 1.25577 1.00463 1.4513 0.965981 0.571589 0.571588
0.928829 1.04481 0.835844 0.965984 0.803698 1.04481 0.365817 0.338218 0.893105 1.16103
0.928829 0.714485 0.457271 0.411493 0.743065 0.475563 0.338218 0.743067 0.549605 0.772788
0.642959 0.351748 1.50934 1.96216 1.56972 1.07345 0.772788 0.965988 1.50935 0.92882
0.494585 0.475561 0.439685 0.64296 1.04481 0.660583 0.475563 0.642959 0.772786 1.50935
0.928826 0.45727 1.25577 0.965987 0.316533 0.594452 1.00462 1.25578 0.965985 1.4513
1.04481 1.16104 1.16105 0.618231 1.0866 0.231289 0.714487 0.714484 1.00462 1.25578
0.57159 0.528467 0.338218 0.772788 1.56973 0.494584 1.35825 0.8037 0.365818 2.12227
0.743065 0.351747 0.835849 1.20747 0.338219 1.13006 0.61823 1.20747 0.571588 1.69781
0.835844 1.0448 0.45727 0.803697 0.965979 1.0866 1.4513 1.04481 0.803704 1.30601
1.04481 0.549605 0.351747 1.25578 1.0866 0.893108 1.16103 1.56972 0.508141 0.928831
0.571589 0.270574 1.08661 0.772788 0.928836 0.64296 0.618231 1.0866 1.56972 0.411494
0.281398 0.571589 0.594452 1.0866 0.549604 1.20748 1.56972 0.660583 0.965981 0.642959
0.549605 0.714486 0.772789 0.835847 0.668679 1.30601 0.281398 0.406513 1.04481 0.965985
0.571588 0.133205 1.41258 0.772788 0.825727 1.4513 0.8037 0.743068 1.20749 0.549605
0.395666 0.893101 1.16104 0.772788 1.69782 0.642959 0.825728 1.00462 1.04481 0.351747
1.25578 0.618231 1.25578 0.351748 0.594452 0.494583 0.743066 0.858755 1.16103 0.457271
1.00462 1.00463 0.494584 0.571589 0.965985 0.457271 0.635175 0.549604 1.20748 1.63252
0.668677 1.25578 0.772788 0.549605 0.292652 1.25578 1.00463 0.457271 0.743063 0.96599
0.893106 0.300675 0.494584 0.772789 1.16103 0.439684 1.76573 0.695429 1.20748 1.56973
0.475561 0.351748 1.76573 0.714486 0.457271 0.281397 1.11638 0.893108 1.88669 1.25578
0.549604 1.0866 0.687005 0.8037 0.714486 0.549604 0.390878 1.16103 1.4513 0.772785
0.270574 0.571588 1.25578 0.528466 1.30601 0.835848 1.0448 0.61823 1.4513 0.338218
0.61823 1.11638 0.281398 1.16104 0.965985 0.869278 0.475561 0.803696 0.594453 2.55081
0.457271 0.406513 1.00462 0.858756 0.411494 1.00462 0.475562 0.714486 0.451735 0.571589
0.439684 0.668678 1.35825 0.270575 0.772792 0.668678 1.63252 0.351746 0.618231 0.45727
1.25578 0.351746 0.77279 1.4513 0.8037 0.594452 0.803699 1.30601 0.594453 1.63252
1.00462 0.365817 0.439683 0.965985 0.835848 0.965988 0.893106 0.965978 0.457271 0.594453
0.439683 0.714487 1.69781 0.635175 1.00462 1.25578 0.803699 1.39548 0.64296 1.00462
1.00463 0.488596 1.63252 1.69781 0.549605 1.11638 0.772789 0.439684 0.803702 0.351747
0.714485 1.30601 0.92883 0.45727 0.869288 1.4513 0.304359 0.714485 0.743068 1.07344
0.406512 0.270574 0.893107 0.380449 0.594453 0.835848 1.25578 0.406511 1.50936 0.743065
0.439684 1.20748 1.45129 0.45727 0.365818 1.63252 1.20748 1.35825 1.41258 0.571588
0.365817 1.0866 1.56973 1.30601 0.714485 0.61823 0.422773 0.422773 0.260167 1.63252
0.422773 0.743065 2.12227 0.965985 0.965985 1.25578 0.772789 1.56972 0.494585 1.306
1.25578 0.965984 0.928831 1.04481 1.30602 0.395668 1.00462 1.50936 0.714486 0.618231
0.594453 0.549604 0.594452 0.66868 1.4513 0.422773 1.25577 1.69781 0.475561 1.20748
0.687005 1.25578 0.50814 0.422772 1.63252 1.25578 0.528466 1.50935 1.56973 0.660583
1.04481 1.56973 1.0866 1.00462 1.69782 1.00463 1.00462 0.351746 1.00462 0.928832
0.439684 0.772788 1.00462 0.965981 0.351747 1.41258 0.494585 0.457271 1.63252 0.743066
0.508139 1.00462 0.45727 0.32521 0.422773 1.69782 1.46908 0.714485 0.422773 0.660582
0.635176 0.803698 1.41258 1.00462 1.41258 0.714487 0.928832 0.714485 1.63252 1.30602
0.714486 1.30601 0.514367 0.772788 1.20748 0.594452 2.12226 0.395667 0.594453 1.20748
0.965985 1.04481 1.30601 1.0448 0.351747 0.439683 0.457271 0.965979 1.16103 1.00462
1.63252 0.743065 0.365816 1.00463 0.803697 1.00462 0.869281 1.30601 1.25578 0.714487
1.52784 0.270575 1.20748 1.76573 0.351746 1.20748 1.20748 1.30601 1.25577 0.457271
0.803699 0.714486 0.687005 0.192432 0.772788 0.743063 0.594452 0.965981 1.04481 1.63251
0.375843 0.304359 0.743067 0.893107 0.351747 0.113864 1.46907 0.869281 0.893107 0.457271
1.00462 1.25578 1.63252 0.635175 0.928831 1.25578 0.714485 0.772787 1.69782 0.965986
0.803699 0.361389 1.81412 1.56971 0.594453 0.61823 1.30601 0.587255 1.56972 1.63251
1.50935 1.20747 1.50935 0.351747 0.571588 0.743061 0.457271 1.25577 1.306 0.835848
0.61823 1.20748 1.96216 1.25578 0.422773 1.13007 0.743063 1.50934 0.904049 1.56973
0.743066 0.8037 0.45727 0.457271 0.528467 1.16104 0.687005 1.00462 0.514368 0.508141
1.56973 1.00463 0.743065 0.270575 0.571588 0.928828 1.56973 0.549604 0.351747 1.39547
1.35825 1.50935 0.965977 0.494582 0.714485 0.316535 0.292653 1.00462 0.260168 0.695427
0.904053 1.16104 0.528465 0.439684 0.406512 1.20749 1.30601 1.30601 1.11638 0.45727
0.928826 0.743065 1.30601 0.351747 1.30601 0.772789 0.772788 1.63252 1.35826 0.514366
1.50935 1.41259 0.803699 2.04064 0.928833 1.306 0.508139 0.571588 0.893107 0.928832
0.494585 0.687005 0.411493 0.494584 0.803697 1.56973 1.56973 1.56972 1.30601 1.11638
1.45129 1.4513 1.00462 0.166507 0.965979 0.893109 0.965984 0.618229 0.549604 0.64296
0.928833 0.687003 0.488597 0.549605 1.69782 1.74435 0.743065 0.965977 0.635176 0.928833
0.475561 1.03216 0.743066 0.528466 0.351748 0.893112 1.25578 1.25578 0.965984 0.351746
2.55081 0.457272 0.380449 0.380449 0.21646 0.743065 0.406513 0.803702 0.439683 0.594452
1.0866 0.406512 1.20748 0.422773 0.528466 0.714485 1.16104 0.549606 0.528465 0.772787
0.292653 0.475562 1.00462 0.395668 0.594452 0.965985 0.743065 0.528465 0.365817 0.571589
1.46909 1.25578 1.16103 1.0448 0.642959 1.25578 1.20748 1.00463 1.45129 0.668678
0.549605 0.64296 0.8037 0.8037 1.00462 0.351748 0.687005 1.4513 0.281397 0.64296
0.714485 0.549605 0.61823 0.439684 0.365816 0.351746 0.803699 0.270574 0.475561 0.549604
0.571588 1.4513 0.714485 0.803695 1.88669 0.571589 1.63252 0.928832 0.772787 0.380449
0.338218 0.457272 0.549605 1.20748 0.835848 0.475562 0.457271 0.351747 0.528465 0.457271
1.41259 0.743064 0.475562 0.8037 0.743068 1.00462 0.835846 0.803697 1.04481 0.803696
0.571588 1.25578 0.55634 1.41259 1.74435 1.04481 0.439683 1.81412 0.743064 0.642959
0.893107 1.35825 1.20747 1.50935 1.16104 0.234123 1.50935 0.928828 0.439685 0.743065
2.12227 0.714485 0.825727 0.390878 0.835848 0.928835 0.192431 1.41258 0.422773 0.743064
0.695429 0.594453 1.20747 0.508139 0.365816 0.965985 0.96599 0.439685 1.35825 1.11639
1.00462 0.594452 0.422772 0.208134 0.549604 0.571588 1.00462 0.32521 0.743064 1.04481
1.20749 0.549604 0.743065 0.61823 1.04481 1.76572 0.571589 0.439684 0.61823 0.825727
1.63252 0.594453 0.549604 0.50814 2.04065 2.20716 1.56972 0.928832 0.618228 0.714487
1.25577 0.714485 0.457271 0.406512 1.00462 0.351747 0.57159 0.594451 0.96599 1.46907
0.594453 0.83585 0.869286 0.260167 1.20748 0.928831 0.514367 0.743065 1.07345 0.571588
1.56972 1.20748 0.928828 0.395667 1.25578 1.00463 0.594453 0.714485 1.16103 0.714485
0.594452 1.35825 1.11638 1.69781 1.20748 0.439684 0.338217 0.594452 0.660583 0.803699
1.4513 0.965981 0.549604 1.25579 0.61823 0.488596 1.63251 1.00463 1.56973 0.660583
0.457271 0.642959 1.6325 1.35826 0.594453 0.714486 0.714486 0.772788 0.660582 0.687004
0.714486 0.594452 1.41258 0.835846 1.00463 0.594452 0.714485 0.825726 0.618231 1.11639
0.635176 0.61823 0.439684 1.30601 0.803699 0.803701 0.439683 0.571588 0.549604 0.494584
1.11639 0.475562 0.549604 0.422771 0.618231 0.772787 0.457271 0.594453 0.965985 0.743068
1.30601 0.893101 0.380449 0.772789 0.660582 0.965984 0.965985 0.904052 0.660582 0.422773
>categories:
0 0
>mixtureAssignment:
0 0 0 0 0 0 0 0 0 0 0 0 0 0 0 0 0 0 0 0 0 0 0 0 0 0 0 0 0 0 0 0 0 0 0 0 0 0 0 0 0 0 0 0 0 0 0 0 0 0
0 0 0 0 0 0 0 0 0 0 0 0 0 0 0 0 0 0 0 0 0 0 0 0 0 0 0 0 0 0 0 0 0 0 0 0 0 0 0 0 0 0 0 0 0 0 0 0 0 0
0 0 0 0 0 0 0 0 0 0 0 0 0 0 0 0 0 0 0 0 0 0 0 0 0 0 0 0 0 0 0 0 0 0 0 0 0 0 0 0 0 0 0 0 0 0 0 0 0 0
0 0 0 0 0 0 0 0 0 0 0 0 0 0 0 0 0 0 0 0 0 0 0 0 0 0 0 0 0 0 0 0 0 0 0 0 0 0 0 0 0 0 0 0 0 0 0 0 0 0
0 0 0 0 0 0 0 0 0 0 0 0 0 0 0 0 0 0 0 0 0 0 0 0 0 0 0 0 0 0 0 0 0 0 0 0 0 0 0 0 0 0 0 0 0 0 0 0 0 0
0 0 0 0 0 0 0 0 0 0 0 0 0 0 0 0 0 0 0 0 0 0 0 0 0 0 0 0 0 0 0 0 0 0 0 0 0 0 0 0 0 0 0 0 0 0 0 0 0 0
0 0 0 0 0 0 0 0 0 0 0 0 0 0 0 0 0 0 0 0 0 0 0 0 0 0 0 0 0 0 0 0 0 0 0 0 0 0 0 0 0 0 0 0 0 0 0 0 0 0
0 0 0 0 0 0 0 0 0 0 0 0 0 0 0 0 0 0 0 0 0 0 0 0 0 0 0 0 0 0 0 0 0 0 0 0 0 0 0 0 0 0 0 0 0 0 0 0 0 0
0 0 0 0 0 0 0 0 0 0 0 0 0 0 0 0 0 0 0 0 0 0 0 0 0 0 0 0 0 0 0 0 0 0 0 0 0 0 0 0 0 0 0 0 0 0 0 0 0 0
0 0 0 0 0 0 0 0 0 0 0 0 0 0 0 0 0 0 0 0 0 0 0 0 0 0 0 0 0 0 0 0 0 0 0 0 0 0 0 0 0 0 0 0 0 0 0 0 0 0
0 0 0 0 0 0 0 0 0 0 0 0 0 0 0 0 0 0 0 0 0 0 0 0 0 0 0 0 0 0 0 0 0 0 0 0 0 0 0 0 0 0 0 0 0 0 0 0 0 0
0 0 0 0 0 0 0 0 0 0 0 0 0 0 0 0 0 0 0 0 0 0 0 0 0 0 0 0 0 0 0 0 0 0 0 0 0 0 0 0 0 0 0 0 0 0 0 0 0 0
0 0 0 0 0 0 0 0 0 0 0 0 0 0 0 0 0 0 0 0 0 0 0 0 0 0 0 0 0 0 0 0 0 0 0 0 0 0 0 0 0 0 0 0 0 0 0 0 0 0
0 0 0 0 0 0 0 0 0 0 0 0 0 0 0 0 0 0 0 0 0 0 0 0 0 0 0 0 0 0 0 0 0 0 0 0 0 0 0 0 0 0 0 0 0 0 0 0 0 0
0 0 0 0 0 0 0 0 0 0 0 0 0 0 0 0 0 0 0 0 0 0 0 0 0 0 0 0 0 0 0 0 0 0 0 0 0 0 0 0 0 0 0 0 0 0 0 0 0 0
0 0 0 0 0 0 0 0 0 0 0 0 0 0 0 0 0 0 0 0 0 0 0 0 0 0 0 0 0 0 0 0 0 0 0 0 0 0 0 0 0 0 0 0 0 0 0 0 0 0
0 0 0 0 0 0 0 0 0 0 0 0 0 0 0 0 0 0 0 0 0 0 0 0 0 0 0 0 0 0 0 0 0 0 0 0 0 0 0 0 0 0 0 0 0 0 0 0 0 0
0 0 0 0 0 0 0 0 0 0 0 0 0 0 0 0 0 0 0 0 0 0 0 0 0 0 0 0 0 0 0 0 0 0 0 0 0 0 0 0 0 0 0 0 0 0 0 0 0 0
0 0 0 0 0 0 0 0 0 0 0 0 0 0 0 0 0 0 0 0 0 0 0 0 0 0 0 0 0 0 0 0 0 0 0 0 0 0 0 0 0 0 0 0 0 0 0 0 0 0
0 0 0 0 0 0 0 0 0 0 0 0 0 0 0 0 0 0 0 0 0 0 0 0 0 0 0 0 0 0 0 0 0 0 0 0 0 0 0 0 0 0 0 0 0 0 0 0 0 0
0 0 0 0 0 0 0 0 0 0 0 0 0 0 0 0 0 0 0 0 0 0 0 0 0 0 0 0 0 0 0 0 0 0 0 0 0 0 0 0 0 0 0 0 0 0 0 0 0 0
0 0 0 0 0 0 0 0 0 0 0 0 0 0 0 0 0 0 0 0 0 0 0 0 0 0 0 0 0 0 0 0 0 0 0 0 0 0 0 0 0 0 0 0 0 0 0 0 0 0
0 0 0 0 0 0 0 0 0 0 0 0 0 0 0 0 0 0 0 0 0 0 0 0 0 0 0 0 0 0 0 0 0 0 0 0 0 0 0 0 0 0 0 0 0 0 0 0 0 0
0 0 0 0 0 0 0 0 0 0 0 0 0 0 0 0 0 0 0 0 0 0 0 0 0 0 0 0 0 0 0 0 0 0 0 0 0 0 0 0 0 0 0 0 0 0 0 0 0 0
0 0 0 0 0 0 0 0 0 0 0 0 0 0 0 0 0 0 0 0 0 0 0 0 0 0 0 0 0 0 0 0 0 0 0 0 0 0 0 0 0 0 0 0 0 0 0 0 0 0
0 0 0 0 0 0 0 0 0 0 0 0 0 0 0 0 0 0 0 0 0 0 0 0 0 0 0 0 0 0 0 0 0 0 0 0 0 0 0 0 0 0 0 0 0 0 0 0 0 0
0 0 0 0 0 0 0 0 0 0 0 0 0 0 0 0 0 0 0 0 0 0 0 0 0 0 0 0 0 0 0 0 0 0 0 0 0 0 0 0 0 0 0 0 0 0 0 0 0 0
0 0 0 0 0 0 0 0 0 0 0 0 0 0 0 0 0 0 0 0 0 0 0 0 0 0 0 0 0 0 0 0 0 0 0 0 0 0 0 0 0 0 0 0 0 0 0 0 0 0
0 0 0 0 0 0 0 0 0 0 0 0 0 0 0 0 0 0 0 0 0 0 0 0 0 0 0 0 0 0 0 0 0 0 0 0 0 0 0 0 0 0 0 0 0 0 0 0 0 0
0 0 0 0 0 0 0 0 0 0 0 0 0 0 0 0 0 0 0 0 0 0 0 0 0 0 0 0 0 0 0 0 0 0 0 0 0 0 0 0 0 0 0 0 0 0 0 0 0 0
>numMutationCategories:
1
>numSelectionCategories:
1
>categoryProbabilities:
1 
>selectionIsInMixture:
***
0 
>mutationIsInMixture:
***
0 
>obsPhiSets:
0
>currentSynthesisRateLevel:
***
0.317016 0.653888 1.0454 1.73461 0.818763 3.33935 0.325021 1.09427 0.529086 0.84255
0.465318 0.755874 0.470941 1.41884 1.26836 0.6387 1.00588 0.597294 1.06965 0.392408
0.288114 0.831992 0.981687 0.774507 0.439176 0.848983 0.735724 0.197761 0.535293 1.16022
0.705347 0.490738 0.566178 0.491058 1.13376 1.14958 0.629904 1.07491 1.72693 1.42034
0.311378 1.1131 2.85057 0.469956 3.26391 1.26762 1.67932 2.16939 1.77759 0.704297
1.68004 1.92435 0.662843 0.450236 0.932348 0.650626 0.919582 0.458207 1.06732 0.350974
0.452831 0.646029 0.56921 0.809525 2.98049 1.2865 2.65547 1.53103 1.22868 0.326151
0.184699 1.00719 1.17876 1.17322 0.635532 0.0826861 0.531321 0.233218 1.10243 0.448721
0.748346 0.447746 0.587789 0.986649 1.39766 1.3137 0.779916 0.972999 1.37886 0.969234
1.71939 0.662373 0.473623 1.28731 0.922643 0.906617 0.431979 0.831985 0.954747 0.531888
0.850676 2.03216 1.1925 0.260045 1.47633 0.573945 1.86071 0.543935 0.402427 0.682465
0.961643 1.46143 0.345567 0.44201 0.439698 0.32647 1.04567 1.46501 1.53982 0.716747
0.420951 0.782465 0.882837 1.76863 0.415951 0.565807 1.53144 1.19767 2.14974 0.949042
0.474196 0.708281 1.04803 0.407656 0.306453 1.02003 1.64897 2.12194 1.18942 0.68519
0.874779 0.557779 0.32463 1.47021 0.869648 1.59333 0.41866 1.98892 0.690062 0.446927
0.71023 1.68364 0.474714 0.592576 0.247919 1.14139 0.756211 0.458186 0.620789 0.47827
2.76279 0.622972 0.674928 0.645144 1.48938 0.961205 0.505371 0.691051 0.999877 0.869763
1.02404 0.445191 0.448612 1.03434 0.646623 0.814854 0.853216 1.01256 0.700352 0.306011
0.498346 0.882191 1.25161 1.51094 1.00767 0.716986 1.03184 1.56429 0.81986 0.511255
0.66456 0.91795 0.703477 1.05522 0.562264 0.357481 0.951533 0.493923 0.490206 1.08433
1.64569 0.366371 0.360201 1.26937 1.93 0.28514 0.68679 1.33657 0.533109 0.498524
0.446893 1.19462 0.457822 0.580092 1.72847 1.14741 0.950845 0.852963 0.531965 0.94319
0.47178 0.233347 1.4548 0.288525 1.31969 0.599229 0.265714 1.20295 0.420856 0.642717
0.845934 0.319957 0.510915 0.416941 1.21617 0.414879 1.18767 0.346629 0.903071 3.49666
0.691928 1.46267 2.06872 2.5786 0.66758 0.803454 1.80126 0.632968 0.952927 0.714869
1.06806 1.9491 1.72233 1.40753 0.416999 0.563927 0.585068 1.12223 0.345324 1.1689
0.78337 0.278596 0.614959 0.35717 0.446845 0.347354 0.258758 0.727019 2.05266 0.479526
0.808285 1.19664 0.882517 0.480591 0.376764 0.652331 0.53676 0.560707 0.795217 0.938037
0.702953 4.2848 2.95649 1.19665 0.971791 0.983209 1.21565 1.74926 0.638947 0.553683
0.615249 0.568541 0.288641 0.564562 1.71733 1.35174 0.776916 0.317331 1.01438 0.522508
0.73763 0.569258 0.89434 0.562505 0.784527 1.53435 3.44768 0.418723 0.955993 1.58761
1.38233 2.46318 0.349028 0.898488 1.24176 1.90701 1.02128 1.39994 1.73717 1.37442
1.55278 0.666483 0.314143 0.928556 4.0038 0.517929 1.04945 0.592521 0.535082 0.354809
0.267946 0.699922 0.921195 0.688351 1.13403 0.817715 1.48203 0.963914 0.787772 0.595837
1.08164 0.475807 1.21229 0.373357 1.57663 1.02569 0.380101 1.14923 0.667715 0.544487
1.00974 0.437937 2.42649 0.916992 0.666304 1.18128 0.793726 0.875802 0.709163 1.11615
1.34868 0.562585 0.924511 1.01747 0.569053 0.806056 0.488798 1.09729 3.42545 1.5499
0.97846 1.26751 0.502516 0.285993 1.12313 0.799298 0.377228 1.39991 0.774248 1.15
2.51688 0.744765 0.621923 1.62724 1.98789 1.8433 3.06827 0.244341 0.63842 0.806744
1.28606 0.502433 0.638164 1.77203 1.43665 0.765159 0.707625 1.01843 1.11689 1.00564
0.641675 1.17828 1.3022 0.363324 1.14232 0.886799 3.03728 1.27249 0.405014 0.492255
0.686113 0.761175 1.45051 0.648751 1.17787 1.14554 0.65657 0.995659 1.01008 0.303124
0.902196 1.00771 0.423191 0.672887 0.314021 0.255216 0.423518 1.16034 0.402531 0.292725
0.579774 0.289874 0.610126 0.363572 0.370427 0.852164 0.874986 1.37747 0.722638 2.07016
0.371026 1.05301 0.273282 0.718377 0.663331 0.502183 1.37917 0.44258 0.721868 0.304141
0.283482 0.244464 0.653038 0.551352 0.3861 0.570629 3.59377 1.03387 0.870665 1.00079
0.211762 1.20247 0.73979 1.05594 1.101 0.661726 1.30621 1.20191 0.963979 0.64889
0.226722 1.39915 0.697516 2.87671 0.324567 0.927755 0.426236 1.19096 2.14594 0.938992
1.17048 1.14634 0.77059 0.938016 1.04165 1.62945 0.903374 0.8625 1.85885 0.721406
0.528017 1.20501 2.01935 1.13482 0.459627 1.1312 0.833107 0.319101 0.964403 0.507184
0.659968 0.82825 1.52215 0.226172 0.748862 0.674883 0.710059 0.199043 1.54092 2.76582
0.27943 0.907279 1.31649 0.904136 1.65953 0.352625 0.668943 0.876763 0.729861 0.607735
2.36986 1.02975 0.798162 2.07846 1.1895 1.78512 3.86111 1.43605 0.848663 3.82401
2.02521 0.597411 0.873386 0.541758 2.69448 0.914016 2.09132 0.266689 0.979436 1.24512
0.98213 0.892863 0.351002 0.576252 0.739713 0.551936 0.581114 0.763444 1.73364 0.382269
2.45703 2.75093 0.501725 0.298449 1.22606 1.47998 0.853989 0.693785 2.92696 0.838305
1.44924 0.674059 1.11216 0.457513 1.69539 0.433299 2.76866 0.628097 1.08018 0.509606
0.185731 0.664124 1.24014 0.771298 0.286742 0.261134 0.659685 0.314534 1.14815 0.824964
0.811187 0.406249 0.577027 0.398995 1.85557 0.701378 0.783663 0.272663 0.741416 1.38907
1.1986 0.750227 0.849077 0.5116 0.992676 0.399456 0.731793 0.691937 1.00257 0.306849
0.359607 3.47076 0.735232 0.774644 1.11608 1.50475 0.994556 0.305514 0.957442 2.33069
0.638325 0.43128 0.656736 1.09371 0.355969 0.673438 0.678391 0.545387 0.480235 1.0338
0.827035 2.07801 1.26596 0.543587 0.860677 0.866884 0.491267 0.533536 1.81718 0.827495
1.2211 0.704659 0.341826 0.405473 0.869976 0.922825 1.04198 1.36491 0.665596 0.525765
0.601122 0.899686 3.18126 1.00531 0.829175 1.48648 1.62316 0.68482 0.65769 0.820152
1.33517 2.25882 0.363431 0.432003 0.320097 1.09903 0.797555 0.918656 0.623026 0.606148
1.55036 1.72898 1.33987 3.65493 0.333618 1.20866 1.22486 0.676992 0.66373 0.62456
0.827502 1.28683 0.86811 0.595164 1.09998 0.889175 0.30753 0.704561 1.45538 0.440829
0.753758 1.09261 0.292815 0.788825 0.530672 1.66138 1.04071 0.78449 0.902654 0.443194
1.65406 1.53877 1.47098 0.783698 0.649729 0.938786 0.260897 0.683259 1.76272 0.620859
0.421629 1.36715 0.762242 0.745335 0.989613 0.942122 1.76615 0.993731 1.47791 0.814203
0.402159 0.488494 0.88827 0.60407 1.37498 0.857203 0.283203 0.932378 0.738112 0.266348
0.410864 1.91685 3.13223 0.290256 0.681485 0.735853 0.686338 0.341758 1.29303 1.20022
1.59141 3.09026 1.01685 0.886486 0.291288 0.882766 0.762695 0.966879 0.518227 1.11388
1.8448 0.995731 1.21398 0.666942 1.10686 0.378506 0.454721 0.964813 0.674653 1.00844
1.85999 0.715018 0.873078 0.501746 0.6651 0.688759 2.18293 1.61884 0.750639 0.419931
1.35474 1.84125 0.38193 0.737611 0.828044 0.300368 1.0117 0.794437 0.244586 1.20606
1.23621 0.439484 0.798709 1.10449 0.824739 0.729674 0.666837 0.427797 0.513699 2.02222
0.393697 0.384737 0.61194 0.921988 2.23813 0.618591 1.00739 2.07463 1.88294 1.075
0.784768 2.2778 1.41284 0.792293 0.194681 0.768941 1.91058 1.01474 0.500424 0.35594
0.791379 0.476419 1.28318 1.27173 1.37373 0.259159 0.700583 1.4387 0.448691 0.734898
1.71095 2.43981 0.686243 0.558534 0.693414 1.84819 0.327449 0.964154 1.18683 0.414551
1.17693 0.863589 0.545952 0.72226 1.91462 0.852539 0.55187 0.917341 0.385671 0.315569
1.25463 0.336219 0.754049 0.527074 1.43962 0.70694 1.09103 0.71062 0.743704 0.620514
3.77242 1.07763 0.504191 2.66425 0.286444 1.98565 0.401434 0.836324 0.657126 3.89863
0.84269 0.518422 1.26254 0.188691 0.322678 0.649639 1.12596 0.725448 0.706262 0.649653
2.05238 1.66699 0.773017 0.489495 1.61911 0.441238 1.17171 0.613622 1.09075 0.774074
1.78818 0.863362 0.882596 1.19024 0.503461 0.765146 0.427109 1.72431 0.825765 0.633842
0.522784 1.5222 0.65011 0.594354 0.724455 1.12756 1.72327 0.540438 0.889831 0.290518
0.349317 2.97986 0.958541 1.07863 0.528517 0.385546 0.613833 0.420244 1.54305 0.989432
1.52831 0.629332 1.45327 0.977372 0.829911 0.445947 1.37825 0.699908 0.778517 0.703742
0.491599 1.03224 0.709286 0.532773 0.84262 0.489538 2.02109 1.07634 0.822945 0.913951
1.53467 0.656812 0.450299 0.679804 0.714607 0.886933 0.943797 0.794909 0.51272 0.655117
1.4457 1.29229 0.509051 1.58478 1.34915 0.60637 0.600676 1.15487 0.195678 1.13926
2.16382 0.493888 0.326173 2.00271 0.946711 1.05718 0.39199 0.528517 0.857013 0.678545
1.59053 0.640243 0.649017 0.356121 1.01513 0.663168 0.924037 1.00838 1.26354 0.703801
1.18459 0.788318 0.655205 1.23333 1.24937 0.627967 0.887233 0.560223 0.855743 0.327159
0.339492 0.952311 0.863026 1.01092 0.335271 3.3409 0.422302 0.801877 1.11067 0.958773
0.631793 0.751907 1.53931 0.851314 0.515943 1.26262 1.12613 1.06023 1.37566 0.246923
0.926899 0.858093 1.60501 1.08915 0.902433 0.820421 0.813154 0.286505 0.225703 0.837626
0.958173 0.802581 0.547301 0.54914 0.637301 0.67101 1.38448 1.78542 0.521965 0.636926
1.93653 0.809257 0.4007 0.297715 0.902949 0.833061 0.585273 3.35594 0.982834 0.429436
1.98432 1.2161 2.16655 1.92117 2.16825 1.27072 0.531887 0.743883 1.29805 0.855729
0.971148 0.611985 0.917543 0.755394 0.563693 0.575659 0.787525 0.663454 0.3961 0.452141
2.6036 0.988586 1.05349 1.20848 0.808114 1.09694 0.810259 1.9967 0.870063 0.291626
0.415604 0.503152 0.483226 0.66436 1.05861 2.82931 0.974342 0.795217 0.976561 0.436449
0.330648 0.896531 4.1451 0.583302 0.456161 1.17142 0.335154 0.818218 0.305951 0.955067
1.20546 1.23508 0.45279 0.451581 3.84796 0.264234 0.376312 0.494422 0.433398 1.01067
0.706431 0.858297 0.631555 1.3486 0.921172 0.397384 0.852935 0.542078 0.805765 0.434807
1.54687 0.771348 1.32047 0.573108 1.4268 2.86621 0.43416 0.623605 0.738602 1.84769
0.353782 0.245028 0.707674 1.94156 0.921423 0.249511 0.985995 1.02335 0.398707 0.874094
1.08284 1.49648 0.392105 0.421771 1.02261 0.724885 0.449007 0.684993 0.517474 0.576695
0.603781 0.753096 0.209472 1.62535 0.818854 0.543723 0.981777 0.380156 0.574673 2.70697
0.894781 0.322343 1.17172 0.417961 1.47245 0.375228 0.842326 0.318097 0.682391 0.828895
0.917507 1.39551 1.19246 0.870128 1.49326 0.62438 0.485207 0.561768 0.928882 1.7067
0.80566 1.15314 0.756576 2.01817 0.872793 0.447767 0.999758 0.989301 0.875767 1.46759
0.722346 0.636105 0.461567 2.13292 1.01344 3.88558 1.05935 0.528026 1.97798 1.64743
0.843119 0.899196 1.19834 1.06426 1.75581 1.75972 1.01586 0.597649 0.857616 1.1357
0.59272 1.5272 0.327601 1.36466 0.487854 1.14153 1.36756 0.171844 1.05792 1.12435
0.519187 1.02198 0.507768 0.35463 0.811179 1.05867 1.42366 0.940246 0.905164 0.564391
1.09194 1.26632 1.62536 0.716285 0.427065 0.704696 0.482891 0.477409 0.724566 0.568525
1.25712 0.269513 1.81282 1.4829 0.683785 0.776383 0.411864 1.2727 1.84563 1.06407
0.704388 0.671788 1.30001 1.04574 0.50449 0.739397 0.807859 0.48409 1.20297 0.623248
2.14815 0.550022 0.680402 1.83077 1.4889 0.393327 0.430401 0.291042 2.05191 2.1931
0.570324 0.814713 1.88228 0.847716 1.39266 0.79731 0.914549 1.01134 2.43677 0.875321
0.606497 1.26767 0.425106 1.85346 0.933213 1.07849 0.474784 0.95501 1.04205 1.79558
1.70168 1.41742 0.900864 1.2892 0.873508 0.79806 1.14893 0.796565 2.67203 0.788025
0.875114 0.589556 0.646958 0.589799 1.46004 0.517081 0.508049 0.658193 0.888031 0.741489
1.15883 2.5116 0.939433 0.582921 1.08925 1.32556 0.886981 0.827034 1.80278 0.930099
1.09384 1.28026 0.70936 3.86586 1.28798 1.90682 2.95343 0.968711 0.703943 0.877397
1.18529 1.10264 1.48524 0.58724 0.448072 0.914904 0.990923 1.00578 0.738069 1.86428
0.971942 1.9623 1.33389 0.495364 0.876454 1.57575 0.661155 1.05671 1.1839 0.565372
0.282231 0.790767 0.793406 0.653979 0.756138 1.0123 1.53399 0.552854 0.593108 0.527043
1.47138 0.673478 0.637975 1.03027 0.976652 0.499301 1.26937 0.7431 1.30387 1.08429
0.633082 0.339666 0.497909 0.407281 0.656684 1.53539 1.3413 1.11219 1.93533 1.89707
1.05794 1.21706 0.687174 1.20146 0.708678 1.09848 1.72347 0.890468 2.00482 0.651418
1.06507 0.634616 0.440361 1.63962 2.29595 0.446925 0.71643 1.10814 0.560647 0.487048
0.663443 1.99804 1.19533 1.43534 0.857675 1.26351 0.928451 0.902817 1.13023 0.733018
1.97291 1.11444 0.692921 1.19425 0.520375 0.220084 0.960189 2.38549 0.743308 0.824612
0.869653 0.807328 1.23683 1.13077 0.754557 0.320938 0.260376 0.853224 0.296955 1.54604
0.294008 1.08502 1.1893 0.782854 0.747579 1.61034 2.27434 1.58102 0.831307 1.38837
0.794216 1.10204 0.575605 1.84241 0.352398 0.77962 1.64999 0.642206 0.825403 0.75273
0.424466 0.297112 3.09614 1.30999 1.04254 0.428504 0.974594 0.786962 0.876476 0.839653
1.50251 0.557567 0.390274 0.133214 0.209974 1.63142 1.40051 1.65296 1.44698 0.522358
0.458313 0.682311 1.93265 0.345558 0.854383 0.603882 0.8881 0.287343 0.349547 1.04301
1.07642 1.43814 0.664819 1.31689 0.697481 0.54942 2.77154 0.672753 1.30186 0.697214
1.06903 2.32783 0.349035 1.97569 1.19508 0.953872 1.38521 0.547778 1.82311 0.464011
1.20523 1.50451 1.45721 0.587515 0.60605 0.790371 0.913177 1.51493 0.899694 1.31937
0.337982 1.68522 2.15444 1.42316 1.34414 0.634286 1.21064 0.998171 0.462617 0.858495
0.325444 0.5718 1.08584 0.728977 0.694022 0.489429 0.992607 0.839901 0.649262 1.33716
>noiseOffset:
>observedSynthesisNoise:
>std_NoiseOffset:
>mutation_prior_mean:
***
0 0 0 0 0 0 0 0 0 0
0 0 0 0 0 0 0 0 0 0
0 0 0 0 0 0 0 0 0 0
0 0 0 0 0 0 0 0 0 0
>mutation_prior_sd:
***
0.35 0.35 0.35 0.35 0.35 0.35 0.35 0.35 0.35 0.35
0.35 0.35 0.35 0.35 0.35 0.35 0.35 0.35 0.35 0.35
0.35 0.35 0.35 0.35 0.35 0.35 0.35 0.35 0.35 0.35
0.35 0.35 0.35 0.35 0.35 0.35 0.35 0.35 0.35 0.35
>std_csp:
0.1 0.1 0.1 0.1 0.1 0.1 0.1 0.1 0.1 0.1
0.1 0.1 0.1 0.1 0.1 0.1 0.1 0.1 0.1 0.1
0.1 0.1 0.1 0.1 0.1 0.1 0.1 0.1 0.1 0.1
0.1 0.1 0.1 0.1 0.1 0.1 0.1 0.1 0.1 0.1
>currentMutationParameter:
***
-0.451092 1.07371 0.710072 0.691812 1.13533 -1.19833 0.804862 -0.672694 0.593948 0.803055
0.98306 0.271335 1.18912 -1.37961 0.407206 0.99876 0.625735 0.209182 -0.335757 1.11672
-0.389217 0.836308 0.328085 -0.842811 -0.945611 0.159829 -0.974997 1.01004 0.131874 -0.466857
0.935093 0.553798 -0.514328 1.17804 0.733329 0.349762 1.0815 0.563464 0.878603 0.919166
>currentSelectionParameter:
***
0.61222 -0.406605 0.360628 -0.55006 -0.364532 0.702198 -0.944424 -0.398921 -0.131694 0.0766236
-0.58553 1.22905 -0.725012 1.01702 0.617181 -0.673474 -0.123588 -0.281003 1.40004 -0.698001
-0.747861 -0.134168 -0.396556 0.142827 0.578301 0.946547 0.982807 -0.205603 0.706345 0.382531
-0.437227 -0.196176 0.498334 -0.584105 0.0579482 0.673551 -0.502604 -0.0513174 -0.724115 -0.690426
>covarianceMatrix:
A
0.000349088	0.000128623	0.000208726	-0.000197141	-8.12765e-05	-0.000102745	
0.000128623	0.000366147	1.40135e-05	-4.91416e-05	-0.000157223	-1.78715e-05	
0.000208726	1.40135e-05	0.000591804	-0.000136013	-5.55303e-05	-0.000303505	
-0.000197141	-4.91416e-05	-0.000136013	0.000256986	9.84142e-05	0.000108363	
-8.12765e-05	-0.000157223	-5.55303e-05	9.84142e-05	0.000192391	7.1448e-05	
-0.000102745	-1.78715e-05	-0.000303505	0.000108363	7.1448e-05	0.00026299	
***
>covarianceMatrix:
C
0.00149561	-0.00108324	
-0.00108324	0.00108739	
***
>covarianceMatrix:
D
0.000832482	-0.000627278	
-0.000627278	0.00066472	
***
>covarianceMatrix:
E
0.00069216	-0.000482554	
-0.000482554	0.000541532	
***
>covarianceMatrix:
F
0.000946696	-0.000783831	
-0.000783831	0.00090758	
***
>covarianceMatrix:
G
0.000599724	0.00024532	0.000155038	-0.000406315	-0.000212962	-0.000138721	
0.00024532	0.000589919	3.47111e-05	-4.12998e-05	-0.000189248	7.71531e-05	
0.000155038	3.47111e-05	0.000549283	-0.000125155	-5.97959e-05	-0.000246486	
-0.000406315	-4.12998e-05	-0.000125155	0.000494415	0.000224694	0.000247954	
-0.000212962	-0.000189248	-5.97959e-05	0.000224694	0.000236038	8.26956e-05	
-0.000138721	7.71531e-05	-0.000246486	0.000247954	8.26956e-05	0.000374123	
***
>covarianceMatrix:
H
0.00236703	-0.00181907	
-0.00181907	0.00184064	
***
>covarianceMatrix:
I
0.000731752	0.000133519	-0.000657016	-6.22806e-05	
0.000133519	0.000359617	-0.000112831	-0.000208861	
-0.000657016	-0.000112831	0.000812214	8.08018e-05	
-6.22806e-05	-0.000208861	8.08018e-05	0.000207339	
***
>covarianceMatrix:
K
0.000780934	-0.000523677	
-0.000523677	0.000555852	
***
>covarianceMatrix:
L
0.000245988	-5.56493e-05	-0.000218318	-6.14888e-05	-5.94208e-05	-0.00024634	9.80549e-05	0.000196225	7.27602e-05	1.41849e-05	
-5.56493e-05	0.000310939	0.000354664	0.000161982	0.000116203	0.0001663	-0.000234108	-0.00025228	-7.18116e-05	-4.97101e-05	
-0.000218318	0.000354664	0.000969323	0.00032819	0.000251317	0.000380285	-0.00037338	-0.000686502	-0.000197404	-0.000106837	
-6.14888e-05	0.000161982	0.00032819	0.000169297	0.00010184	0.000132619	-0.000163132	-0.00024895	-8.15058e-05	-2.91837e-05	
-5.94208e-05	0.000116203	0.000251317	0.00010184	0.000254198	0.000164067	-0.000107071	-0.000146038	-3.56085e-05	-4.73949e-05	
-0.00024634	0.0001663	0.000380285	0.000132619	0.000164067	0.00044042	-0.000226705	-0.000309329	-0.000111051	-4.04931e-05	
9.80549e-05	-0.000234108	-0.00037338	-0.000163132	-0.000107071	-0.000226705	0.000282947	0.000294485	9.42301e-05	2.77732e-05	
0.000196225	-0.00025228	-0.000686502	-0.00024895	-0.000146038	-0.000309329	0.000294485	0.00058333	0.00018359	8.36396e-05	
7.27602e-05	-7.18116e-05	-0.000197404	-8.15058e-05	-3.56085e-05	-0.000111051	9.42301e-05	0.00018359	7.22902e-05	2.44611e-05	
1.41849e-05	-4.97101e-05	-0.000106837	-2.91837e-05	-4.73949e-05	-4.04931e-05	2.77732e-05	8.36396e-05	2.44611e-05	7.76682e-05	
***
>covarianceMatrix:
N
0.000816666	-0.000496373	
-0.000496373	0.000542586	
***
>covarianceMatrix:
P
0.000572596	0.000436775	0.00010892	-0.000462075	-0.000352587	-0.000102643	
0.000436775	0.00104666	8.69436e-05	-0.000374117	-0.000693497	-6.84242e-05	
0.00010892	8.69436e-05	0.000294799	4.05973e-06	1.85189e-05	-0.000100256	
-0.000462075	-0.000374117	4.05973e-06	0.000590163	0.00041077	0.000153027	
-0.000352587	-0.000693497	1.85189e-05	0.00041077	0.000652248	6.60541e-05	
-0.000102643	-6.84242e-05	-0.000100256	0.000153027	6.60541e-05	0.000146478	
***
>covarianceMatrix:
Q
0.00124956	-0.000937048	
-0.000937048	0.000901319	
***
>covarianceMatrix:
R
0.000262113	5.95682e-05	0.000221942	6.74766e-06	2.73391e-05	-0.000190532	-6.05546e-05	-0.000217168	-3.06731e-05	3.52928e-05	
5.95682e-05	0.000768476	0.000408596	0.000142475	0.000375296	-3.8876e-05	-0.000448305	-0.000408099	-7.29854e-05	-0.000150217	
0.000221942	0.000408596	0.000703959	1.02074e-05	0.000331038	-0.000252858	-0.000366202	-0.000604502	-4.13811e-05	-9.93844e-05	
6.74766e-06	0.000142475	1.02074e-05	0.000276826	7.37664e-05	6.03571e-05	-0.000118275	-3.50821e-05	-6.29463e-05	-2.11296e-05	
2.73391e-05	0.000375296	0.000331038	7.37664e-05	0.000574094	3.4718e-05	-0.000291439	-0.000362352	-2.01972e-05	-0.000198843	
-0.000190532	-3.8876e-05	-0.000252858	6.03571e-05	3.4718e-05	0.000266705	0.000108879	0.000300419	1.72679e-05	-3.48139e-05	
-6.05546e-05	-0.000448305	-0.000366202	-0.000118275	-0.000291439	0.000108879	0.000595452	0.000459698	6.40356e-05	0.00010129	
-0.000217168	-0.000408099	-0.000604502	-3.50821e-05	-0.000362352	0.000300419	0.000459698	0.000834408	8.04453e-05	0.000168887	
-3.06731e-05	-7.29854e-05	-4.13811e-05	-6.29463e-05	-2.01972e-05	1.72679e-05	6.40356e-05	8.04453e-05	5.92464e-05	9.29164e-06	
3.52928e-05	-0.000150217	-9.93844e-05	-2.11296e-05	-0.000198843	-3.48139e-05	0.00010129	0.000168887	9.29164e-06	0.000189215	
***
>covarianceMatrix:
S
0.000398094	0.000307027	0.000138115	-0.000300213	-0.000228359	-0.000146145	
0.000307027	0.000710775	0.000139421	-0.000246993	-0.000405321	-0.000169803	
0.000138115	0.000139421	0.000225157	-7.42039e-05	-7.77455e-05	-0.000127125	
-0.000300213	-0.000246993	-7.42039e-05	0.000400391	0.000268382	0.00013436	
-0.000228359	-0.000405321	-7.77455e-05	0.000268382	0.000388341	0.000159582	
-0.000146145	-0.000169803	-0.000127125	0.00013436	0.000159582	0.000219595	
***
>covarianceMatrix:
T
0.000489953	0.000106669	0.000136504	-0.000378763	-0.000112784	-1.38112e-05	
0.000106669	0.000554611	-0.000104719	-3.61289e-05	-0.000305757	0.000183897	
0.000136504	-0.000104719	0.000355115	-0.000103287	4.36414e-05	-0.000235572	
-0.000378763	-3.61289e-05	-0.000103287	0.000424522	0.000115318	7.45171e-05	
-0.000112784	-0.000305757	4.36414e-05	0.000115318	0.00029494	-6.53184e-05	
-1.38112e-05	0.000183897	-0.000235572	7.45171e-05	-6.53184e-05	0.000346097	
***
>covarianceMatrix:
V
0.000493554	1.02714e-05	5.76188e-05	-0.000413109	-7.93228e-06	3.90971e-06	
1.02714e-05	0.000463098	0.000227497	0.000100044	-0.000334112	-0.000176373	
5.76188e-05	0.000227497	0.000351977	5.25476e-05	-0.000209314	-0.000200401	
-0.000413109	0.000100044	5.25476e-05	0.000549986	-6.42072e-05	-6.96423e-05	
-7.93228e-06	-0.000334112	-0.000209314	-6.42072e-05	0.000358277	0.000171895	
3.90971e-06	-0.000176373	-0.000200401	-6.96423e-05	0.000171895	0.00018456	
***
>covarianceMatrix:
Y
0.00173571	-0.00133686	
-0.00133686	0.00137502	
***
>covarianceMatrix:
Z
0.00179849	-0.00138428	
-0.00138428	0.00152221	
***
