>groupList:
A C D E F G H I K L
N P Q R S T V Y Z 
>stdDevSynthesisRate:
0.666276 
>numParam:
40
>numMixtures:
1
>std_stdDevSynthesisRate:
0.0765886
>std_phi:
***
1.83635 0.846091 0.601737 0.284847 0.462875 0.316532 1.27116 0.752169 0.445072 1.32201
0.977816 0.676873 1.01694 0.55634 0.695424 0.846096 1.65252 0.813548 0.703949 0.94021
1.32202 0.782256 0.695426 1.13007 1.32202 1.27116 0.500646 1.98622 0.977824 0.578594
0.625807 1.23726 1.05762 0.879932 0.520672 0.481391 0.940215 0.481391 0.578593 0.977827
1.09992 0.385112 0.356059 0.81355 0.284845 0.55634 0.500646 0.400517 0.416537 0.951737
0.723239 0.723242 0.723242 1.22227 0.625808 0.676874 0.625806 1.83635 1.85885 1.17527
1.09992 0.81355 0.989808 0.48139 0.140232 0.329196 0.462874 0.782256 0.65084 0.676873
1.05761 0.869281 0.563158 0.703949 0.601738 1.52785 0.951741 0.977825 0.835844 0.951736
1.65251 1.27117 0.703949 0.813549 0.846097 1.17527 1.01694 0.695425 0.236992 0.782258
0.578594 0.481389 0.534943 0.416537 1.14392 1.52783 1.27117 0.752171 0.846091 0.977816
0.782257 0.180093 0.534942 1.09991 0.205064 1.01694 0.625808 0.940207 0.977833 0.601738
0.782258 0.273891 0.977827 1.13006 1.27116 0.915123 0.752173 0.385112 0.578592 0.541497
0.879938 0.695424 0.9402 0.625807 1.27116 0.879929 0.55634 0.782257 0.48139 0.534942
2.06566 1.05762 0.263356 1.22228 1.46908 1.14391 0.500646 0.329195 0.846092 1.01694
0.940212 1.71863 1.09991 0.468547 0.625805 0.84609 1.22227 0.3703 0.879929 1.58897
1.13006 0.385113 0.940213 0.97782 1.0866 0.601736 1.32202 1.42991 0.813552 1.27117
0.752168 0.676875 0.556341 0.846092 0.411494 0.625806 1.22228 0.676872 0.723241 1.18967
0.601738 0.904049 1.48709 0.500645 0.500645 0.752171 0.703946 0.723242 0.813549 1.65251
1.76573 0.703949 0.879938 0.475562 0.601737 0.761391 0.541498 0.556339 0.81355 0.879934
1.20748 0.723243 0.333231 0.400517 1.17527 1.32202 0.625805 1.71862 0.915133 1.48709
0.253228 1.00462 1.32201 1.23725 0.342362 1.83635 0.782258 0.416537 0.846094 1.09991
1.52784 0.445072 0.95173 1.05761 0.500645 0.75217 0.90405 0.87993 1.01694 0.676872
0.87993 1.4299 0.723242 1.32201 0.427954 1.3749 1.58896 0.416537 1.22228 1.05761
0.977818 1.01694 1.3749 0.625809 0.723241 1.32201 0.928828 1.48709 0.578595 0.329196
0.879941 0.370302 0.445073 0.723241 0.481389 0.782259 0.703949 0.813546 1.27116 0.813544
0.951741 1.14391 0.427953 0.400516 1.22228 0.940214 1.32202 0.940214 1.52784 0.48139
0.676873 1.48709 1.09992 1.01694 1.58896 1.14391 1.01694 0.732108 0.21646 0.73211
0.55634 0.67687 0.462874 0.803696 1.78738 0.752173 1.27118 1.78737 1.09991 1.14391
0.752172 0.194789 0.342364 0.846089 0.462876 0.625807 0.541499 0.84609 0.500647 0.813548
0.940217 0.869282 1.14391 0.940213 0.500647 0.500647 0.445072 1.83635 0.915131 1.22228
0.813549 1.27116 0.813548 1.32201 1.09992 0.869282 0.356058 1.01693 0.625807 0.500647
1.09992 0.140232 1.65252 0.601738 0.625806 0.977822 1.3749 1.09991 0.563158 0.556342
0.333229 0.782259 1.13006 0.668678 0.365817 1.42989 0.846091 1.22227 0.695424 1.58895
1.54657 1.05761 1.01693 1.58896 0.869282 0.578594 0.625808 1.37492 0.416537 1.58897
0.676874 0.940215 1.01693 1.46909 1.30602 0.869278 2.01053 1.14391 0.879929 1.4299
0.534942 1.83635 0.55634 0.342364 0.761391 0.723243 1.09991 0.723245 1.05762 0.846092
0.81355 0.703948 0.752168 1.01694 0.813557 0.650839 1.01694 0.487291 0.320413 0.904053
0.723243 0.940215 1.01694 1.32202 0.520671 0.977818 0.915134 1.46909 0.462876 0.534942
0.52067 0.500646 1.22228 1.17527 0.427954 0.356058 0.65084 1.42989 1.52784 2.01054
0.514367 0.782261 1.17527 0.782259 0.534943 0.500646 1.01694 0.427954 0.439684 0.625806
1.14391 0.625808 0.732106 1.32201 0.703948 0.296241 0.342363 1.22227 1.71863 0.940216
0.846085 1.22228 0.695424 1.58897 0.703952 0.556341 1.46908 0.940215 1.01694 1.42991
0.846086 0.563158 1.05762 0.940211 1.4871 1.14391 1.42989 1.98621 1.37489 1.58896
0.813546 1.32202 0.650839 1.22228 1.71862 1.65252 1.52785 1.17527 1.32202 0.904045
1.14392 1.52784 1.14391 0.520671 0.8037 1.42988 1.05762 1.4871 1.13007 1.32202
1.3749 1.05762 1.41259 1.01694 1.65252 0.977826 0.385111 0.520671 0.601738 0.55634
1.78736 1.01694 0.601737 0.468547 0.342363 2.06566 0.284846 0.601737 0.236992 0.813549
1.3749 0.20258 0.445073 0.284846 1.3749 0.915129 0.904053 0.500646 0.48139 0.87994
0.481389 0.400517 1.14391 0.625807 0.723242 0.266585 0.481389 0.752169 0.385112 0.695425
0.752176 1.0866 0.380449 0.462876 1.78737 1.42989 0.534942 1.13007 0.563159 0.72324
0.879941 0.846092 0.940212 1.85886 0.940213 1.05761 0.541499 2.06564 0.78226 0.514366
1.17527 0.846091 0.869281 1.9862 0.879934 0.989804 0.625808 0.500646 1.01694 1.01693
0.481391 0.52067 0.879941 0.210685 0.64296 0.273891 0.370301 0.450527 1.0866 0.534942
0.879935 0.879928 1.37489 1.27117 0.124666 1.22228 0.668678 1.71862 1.09992 1.08659
0.346559 1.33822 0.977822 1.46907 0.846091 1.54657 1.27117 0.97783 0.534943 1.46907
0.650838 0.462874 0.977826 1.85885 1.27116 0.556339 0.782257 0.846084 0.481391 0.625806
0.879929 1.46908 0.578593 1.83635 0.433198 1.58896 0.723243 1.14391 0.761391 1.37489
1.18967 1.05761 0.813548 1.09992 0.879932 1.65253 1.46907 1.76572 0.625808 0.462874
0.846091 1.65252 1.01693 1.0866 0.411494 1.22229 0.625807 1.48708 0.500645 0.427953
0.915127 0.813548 0.462875 1.01694 0.578592 1.37489 1.9098 0.585684 0.915135 1.37489
1.65253 0.385113 0.703948 1.0866 1.09992 0.500644 0.695425 0.846092 0.462875 0.500645
0.752169 0.601737 1.09992 0.732105 1.18968 1.04481 0.846085 1.22228 0.977827 0.556341
0.695427 1.05761 0.703946 0.65084 1.14391 0.87994 1.58896 1.05761 0.676873 0.52067
0.81355 0.879934 0.977818 1.01694 0.650838 0.813552 0.416537 0.342364 0.75217 1.01693
0.835844 0.578594 0.601737 0.400515 0.813549 0.400517 0.356058 0.65084 0.695426 1.05761
0.500645 0.445074 1.83634 1.98621 1.65252 0.835847 0.650839 1.08661 1.78737 0.915118
0.500646 0.481389 0.385113 0.703948 1.3749 0.869282 0.445073 0.625805 0.977822 1.52785
1.01693 0.462874 1.52784 0.977833 0.320412 0.723242 1.32201 1.27116 0.904051 1.27117
1.05761 0.723241 1.4691 0.520672 0.951734 0.187299 0.752173 0.556338 0.520669 1.05761
0.385113 0.534944 0.427954 0.723242 1.98621 0.732106 1.3749 0.879935 0.356059 1.65253
0.752172 0.385112 1.01694 1.05761 0.411495 0.989802 0.500645 1.05761 0.723241 1.85885
0.732103 0.813543 0.356057 0.625806 0.977815 0.732101 1.58897 0.846091 0.846096 1.32201
1.14391 0.534943 0.356058 1.27117 0.879938 0.752175 0.782252 1.65252 0.695427 0.695425
0.481391 0.284846 1.05762 0.846094 1.22229 0.81355 0.65084 0.879929 2.14828 0.541498
0.342364 0.481391 0.500646 1.05761 0.48139 1.71862 1.14391 0.445072 1.27117 0.385112
0.356058 0.723239 0.904051 1.09993 0.65084 1.14391 0.236992 0.445074 1.23726 1.32202
0.625807 0.175289 0.989804 0.846091 0.869278 1.52786 1.05761 0.782261 1.27117 0.427954
0.333228 0.977818 0.668678 0.940206 1.85887 0.601738 0.723239 1.42988 1.09992 0.445073
1.09992 0.940216 1.17527 0.400517 0.782259 0.563157 0.650838 0.940213 1.0448 0.385112
1.09992 1.05762 0.650839 0.752172 1.46909 0.385113 0.534942 0.578593 1.71861 1.58897
0.676872 1.09992 0.752172 0.55634 0.296239 1.58897 1.05761 0.356057 0.977816 1.13007
0.904051 0.30436 0.625807 1.27118 0.904045 0.500645 1.48709 0.87994 1.32202 1.52785
0.481389 0.30809 1.85887 0.752173 0.30809 0.308089 1.04481 0.904053 1.58897 1.27117
0.578593 1.37489 0.752169 0.703945 0.625806 0.534943 0.514369 1.37489 0.940213 0.67687
0.263356 0.500645 0.94021 0.55634 1.42989 0.81355 0.95173 0.703947 1.17526 0.356058
0.752172 0.940211 0.333231 1.22227 1.17526 0.846084 0.650838 0.846087 0.695426 1.83636
0.445072 0.342364 1.37489 0.835846 0.520671 1.27116 0.427954 0.904049 0.457272 0.500646
0.48139 0.609112 1.01694 0.273891 0.846096 0.541498 2.06567 0.263356 0.65084 0.385112
1.46908 0.236992 0.904053 1.58897 0.601738 0.481389 0.703947 1.27116 0.500646 1.3749
1.17526 0.3703 0.534941 1.22228 0.915132 0.940213 0.695424 1.17526 0.462875 0.695426
0.356057 0.695426 2.01055 0.695424 0.879932 0.84609 0.563158 1.17527 0.563159 1.09992
0.879942 0.514367 1.65254 1.3749 0.752173 0.940214 0.879936 0.427953 0.752174 0.445073
0.723241 1.01693 0.723241 0.52067 0.846102 1.98621 0.385111 0.75217 0.782261 1.22227
0.380449 0.356057 0.695426 0.541497 0.723243 1.01694 1.32201 0.411493 1.58897 0.752171
0.534942 1.32202 0.977813 0.462875 0.481392 1.3749 1.22227 1.14391 1.18967 0.695424
0.342364 0.951739 1.13007 1.14391 0.601736 0.578593 0.342363 0.3703 0.263356 1.32202
0.427955 0.650838 2.06566 0.782259 1.01693 1.09992 0.723241 1.85885 0.462876 1.37489
1.22227 0.650838 0.782258 1.42989 1.14393 0.400516 1.09991 1.27117 0.752169 0.481391
0.65084 0.695424 0.625807 0.846093 1.32202 0.329195 1.01693 1.3749 0.481389 1.71862
0.904049 1.32202 0.556339 0.395667 1.4299 1.27117 0.534942 1.65252 1.71863 0.695426
0.813548 1.98622 0.951743 1.14391 1.42989 0.846098 0.703943 0.227876 0.650837 0.782257
0.462875 0.84609 1.01693 1.13006 0.356058 1.48709 0.520672 0.356058 1.32202 0.625808
0.53494 1.37489 0.427953 0.316534 0.578593 1.4299 1.14392 0.642959 0.411494 0.695424
0.642961 0.879929 1.48708 0.87993 0.951732 0.752173 0.8037 0.556339 2.14828 0.846092
0.601737 0.813545 0.400516 1.27117 1.22228 0.625806 2.06564 0.33323 0.782259 1.32202
1.09992 1.05762 0.977825 0.752166 0.48139 0.462874 0.3703 0.813545 1.0448 1.05761
1.32202 0.97782 0.29624 0.940219 0.846088 0.782256 0.761389 1.52784 1.3749 0.65084
1.60843 0.284847 1.32202 1.23726 0.427952 1.32201 1.09991 1.3749 0.94021 0.578593
0.578594 0.625807 0.695424 0.263357 1.01694 0.782256 0.676873 0.977822 0.723242 1.71861
0.380449 0.308089 0.813548 0.940215 0.356058 0.0829766 0.915127 0.977823 0.977823 0.676873
1.27117 1.32201 1.27117 0.534941 0.723242 1.22228 0.578593 0.752171 1.65252 0.813549
0.650839 0.253229 1.58896 1.46907 0.782259 0.601738 1.54656 0.743065 1.22227 1.22228
1.27117 0.846083 1.58896 0.273891 0.625806 1.01693 0.541498 1.05761 1.37489 0.879936
0.578594 1.71862 1.58897 1.27117 0.411495 1.14392 0.72324 1.52783 0.791842 1.27117
0.65084 0.500646 0.462874 0.342362 0.411495 1.13006 0.55634 1.09991 0.76139 0.534943
1.05761 0.782263 1.17527 0.253228 0.676872 0.977819 2.06566 0.534942 0.284847 1.0866
1.48708 1.46908 1.0576 0.38511 0.723241 0.320414 0.308089 1.14391 0.263357 0.915134
0.703949 0.977824 0.427953 0.329196 0.329196 0.977831 1.09992 1.32201 0.642958 0.462875
0.782255 0.578594 1.58897 0.385112 1.65252 0.601738 0.601738 1.3749 1.48709 0.433197
1.83635 1.42991 0.782258 1.32202 0.977825 1.14391 0.411493 0.500645 0.752171 1.01694
0.56316 0.668677 0.732104 0.333229 0.732101 1.71864 1.01694 1.65252 1.09992 0.940211
1.0866 2.06566 1.09991 0.227876 1.322 0.650841 0.977824 0.400516 0.427953 0.650839
0.846089 0.723243 0.534943 0.462875 1.78738 1.41258 0.578593 1.22228 0.594452 1.13007
0.370299 0.835844 0.500646 0.695425 0.370301 1.22228 1.01693 1.14391 0.650839 0.44507
2.23421 0.385113 0.385112 0.385111 0.273891 0.625807 0.514369 0.732108 0.462874 0.578594
1.27117 0.427955 1.3749 0.411494 0.494584 0.534942 0.97782 0.329196 0.61823 0.782258
0.320413 0.48139 1.09991 0.541499 0.601737 1.22228 0.601737 0.534941 0.400516 0.520672
1.60843 1.58896 0.977818 1.1439 0.541499 1.52785 1.22228 1.22228 0.904045 0.676873
0.668678 0.732106 0.650839 0.65084 1.01693 0.370301 0.534942 1.17527 0.27389 0.879935
0.940214 0.813549 0.650839 0.601738 0.500644 0.308089 0.782259 0.27389 0.752171 0.601737
0.601737 1.13006 0.723241 0.703943 1.76573 0.977823 1.3749 0.752172 0.55634 0.500645
0.427954 0.541499 0.578594 1.17527 0.703949 0.342363 0.481391 0.445072 0.427954 0.30809
1.78738 0.782257 0.48139 0.601738 0.869284 0.879929 0.520671 0.676871 0.676873 0.782256
0.55634 1.71863 0.703947 1.32202 1.83636 1.09991 0.481389 1.52784 1.32202 0.813548
0.752171 1.71862 1.58895 1.17526 1.05761 0.27389 1.01694 0.904049 0.342364 0.601737
2.06566 0.668677 1.0866 0.38045 0.676874 1.05762 0.219112 1.48708 0.316534 0.813548
0.951743 0.462875 1.01693 0.494583 0.356057 0.81355 0.977824 0.556342 1.3749 1.52786
1.27117 0.782259 0.316533 0.189594 0.752171 0.625806 1.09991 0.316534 0.500645 0.846091
1.01694 0.752171 0.813548 0.782257 0.813552 1.42988 0.556341 0.481391 0.813548 0.803699
1.4871 0.625807 0.578593 0.514367 1.58897 1.85886 1.46908 1.01694 0.67687 0.625808
1.27116 0.601736 0.462874 0.445072 1.01694 0.273891 0.782261 0.601736 1.01694 1.32201
0.752173 1.18968 0.609115 0.263356 0.940213 0.695425 0.650838 0.578594 0.90406 0.500645
1.58896 1.58896 0.879936 0.400515 1.32202 0.846096 0.445073 0.752169 1.01693 0.556339
0.411494 1.18967 0.803696 1.18967 1.05761 0.462876 0.356057 0.625807 0.78226 0.703947
0.977827 1.14391 0.752171 1.78738 0.625806 0.462874 1.65251 0.915135 1.58896 0.494585
0.752172 0.462875 1.05761 1.23727 0.578594 0.601737 0.650839 0.752171 0.601737 0.556338
0.556339 0.601737 1.65251 0.676872 0.752176 0.578593 0.625806 1.13006 0.520672 1.13007
0.534942 0.650839 0.427954 0.915127 0.676873 0.846093 0.481389 0.427954 0.500645 0.416537
1.01694 0.500646 0.668678 0.395666 0.676873 0.578593 0.500645 0.601738 0.977827 0.782261
1.18967 1.17527 0.400516 0.703949 0.534942 0.977822 0.879938 1.3749 0.695424 0.578594
>categories:
0 0
>mixtureAssignment:
0 0 0 0 0 0 0 0 0 0 0 0 0 0 0 0 0 0 0 0 0 0 0 0 0 0 0 0 0 0 0 0 0 0 0 0 0 0 0 0 0 0 0 0 0 0 0 0 0 0
0 0 0 0 0 0 0 0 0 0 0 0 0 0 0 0 0 0 0 0 0 0 0 0 0 0 0 0 0 0 0 0 0 0 0 0 0 0 0 0 0 0 0 0 0 0 0 0 0 0
0 0 0 0 0 0 0 0 0 0 0 0 0 0 0 0 0 0 0 0 0 0 0 0 0 0 0 0 0 0 0 0 0 0 0 0 0 0 0 0 0 0 0 0 0 0 0 0 0 0
0 0 0 0 0 0 0 0 0 0 0 0 0 0 0 0 0 0 0 0 0 0 0 0 0 0 0 0 0 0 0 0 0 0 0 0 0 0 0 0 0 0 0 0 0 0 0 0 0 0
0 0 0 0 0 0 0 0 0 0 0 0 0 0 0 0 0 0 0 0 0 0 0 0 0 0 0 0 0 0 0 0 0 0 0 0 0 0 0 0 0 0 0 0 0 0 0 0 0 0
0 0 0 0 0 0 0 0 0 0 0 0 0 0 0 0 0 0 0 0 0 0 0 0 0 0 0 0 0 0 0 0 0 0 0 0 0 0 0 0 0 0 0 0 0 0 0 0 0 0
0 0 0 0 0 0 0 0 0 0 0 0 0 0 0 0 0 0 0 0 0 0 0 0 0 0 0 0 0 0 0 0 0 0 0 0 0 0 0 0 0 0 0 0 0 0 0 0 0 0
0 0 0 0 0 0 0 0 0 0 0 0 0 0 0 0 0 0 0 0 0 0 0 0 0 0 0 0 0 0 0 0 0 0 0 0 0 0 0 0 0 0 0 0 0 0 0 0 0 0
0 0 0 0 0 0 0 0 0 0 0 0 0 0 0 0 0 0 0 0 0 0 0 0 0 0 0 0 0 0 0 0 0 0 0 0 0 0 0 0 0 0 0 0 0 0 0 0 0 0
0 0 0 0 0 0 0 0 0 0 0 0 0 0 0 0 0 0 0 0 0 0 0 0 0 0 0 0 0 0 0 0 0 0 0 0 0 0 0 0 0 0 0 0 0 0 0 0 0 0
0 0 0 0 0 0 0 0 0 0 0 0 0 0 0 0 0 0 0 0 0 0 0 0 0 0 0 0 0 0 0 0 0 0 0 0 0 0 0 0 0 0 0 0 0 0 0 0 0 0
0 0 0 0 0 0 0 0 0 0 0 0 0 0 0 0 0 0 0 0 0 0 0 0 0 0 0 0 0 0 0 0 0 0 0 0 0 0 0 0 0 0 0 0 0 0 0 0 0 0
0 0 0 0 0 0 0 0 0 0 0 0 0 0 0 0 0 0 0 0 0 0 0 0 0 0 0 0 0 0 0 0 0 0 0 0 0 0 0 0 0 0 0 0 0 0 0 0 0 0
0 0 0 0 0 0 0 0 0 0 0 0 0 0 0 0 0 0 0 0 0 0 0 0 0 0 0 0 0 0 0 0 0 0 0 0 0 0 0 0 0 0 0 0 0 0 0 0 0 0
0 0 0 0 0 0 0 0 0 0 0 0 0 0 0 0 0 0 0 0 0 0 0 0 0 0 0 0 0 0 0 0 0 0 0 0 0 0 0 0 0 0 0 0 0 0 0 0 0 0
0 0 0 0 0 0 0 0 0 0 0 0 0 0 0 0 0 0 0 0 0 0 0 0 0 0 0 0 0 0 0 0 0 0 0 0 0 0 0 0 0 0 0 0 0 0 0 0 0 0
0 0 0 0 0 0 0 0 0 0 0 0 0 0 0 0 0 0 0 0 0 0 0 0 0 0 0 0 0 0 0 0 0 0 0 0 0 0 0 0 0 0 0 0 0 0 0 0 0 0
0 0 0 0 0 0 0 0 0 0 0 0 0 0 0 0 0 0 0 0 0 0 0 0 0 0 0 0 0 0 0 0 0 0 0 0 0 0 0 0 0 0 0 0 0 0 0 0 0 0
0 0 0 0 0 0 0 0 0 0 0 0 0 0 0 0 0 0 0 0 0 0 0 0 0 0 0 0 0 0 0 0 0 0 0 0 0 0 0 0 0 0 0 0 0 0 0 0 0 0
0 0 0 0 0 0 0 0 0 0 0 0 0 0 0 0 0 0 0 0 0 0 0 0 0 0 0 0 0 0 0 0 0 0 0 0 0 0 0 0 0 0 0 0 0 0 0 0 0 0
0 0 0 0 0 0 0 0 0 0 0 0 0 0 0 0 0 0 0 0 0 0 0 0 0 0 0 0 0 0 0 0 0 0 0 0 0 0 0 0 0 0 0 0 0 0 0 0 0 0
0 0 0 0 0 0 0 0 0 0 0 0 0 0 0 0 0 0 0 0 0 0 0 0 0 0 0 0 0 0 0 0 0 0 0 0 0 0 0 0 0 0 0 0 0 0 0 0 0 0
0 0 0 0 0 0 0 0 0 0 0 0 0 0 0 0 0 0 0 0 0 0 0 0 0 0 0 0 0 0 0 0 0 0 0 0 0 0 0 0 0 0 0 0 0 0 0 0 0 0
0 0 0 0 0 0 0 0 0 0 0 0 0 0 0 0 0 0 0 0 0 0 0 0 0 0 0 0 0 0 0 0 0 0 0 0 0 0 0 0 0 0 0 0 0 0 0 0 0 0
0 0 0 0 0 0 0 0 0 0 0 0 0 0 0 0 0 0 0 0 0 0 0 0 0 0 0 0 0 0 0 0 0 0 0 0 0 0 0 0 0 0 0 0 0 0 0 0 0 0
0 0 0 0 0 0 0 0 0 0 0 0 0 0 0 0 0 0 0 0 0 0 0 0 0 0 0 0 0 0 0 0 0 0 0 0 0 0 0 0 0 0 0 0 0 0 0 0 0 0
0 0 0 0 0 0 0 0 0 0 0 0 0 0 0 0 0 0 0 0 0 0 0 0 0 0 0 0 0 0 0 0 0 0 0 0 0 0 0 0 0 0 0 0 0 0 0 0 0 0
0 0 0 0 0 0 0 0 0 0 0 0 0 0 0 0 0 0 0 0 0 0 0 0 0 0 0 0 0 0 0 0 0 0 0 0 0 0 0 0 0 0 0 0 0 0 0 0 0 0
0 0 0 0 0 0 0 0 0 0 0 0 0 0 0 0 0 0 0 0 0 0 0 0 0 0 0 0 0 0 0 0 0 0 0 0 0 0 0 0 0 0 0 0 0 0 0 0 0 0
0 0 0 0 0 0 0 0 0 0 0 0 0 0 0 0 0 0 0 0 0 0 0 0 0 0 0 0 0 0 0 0 0 0 0 0 0 0 0 0 0 0 0 0 0 0 0 0 0 0
>numMutationCategories:
1
>numSelectionCategories:
1
>categoryProbabilities:
1 
>selectionIsInMixture:
***
0 
>mutationIsInMixture:
***
0 
>obsPhiSets:
0
>currentSynthesisRateLevel:
***
0.246778 0.449497 0.917173 1.77926 0.787835 3.18796 0.552595 1.20481 0.665003 0.236549
0.334657 0.832506 0.58858 1.1037 2.04717 0.499338 0.307338 0.614236 1.38554 0.267036
0.0922557 1.12667 0.954388 0.796362 0.378709 1.16915 0.871018 0.166791 0.36052 1.40225
0.83764 0.642103 0.445527 0.539582 0.968186 1.00182 0.680553 1.04465 1.77864 0.864736
0.254453 1.27095 2.9376 0.454268 3.49625 1.16722 1.45266 2.18161 1.56423 0.897531
1.42571 2.09129 0.846882 0.458287 0.934453 0.749899 1.12041 0.779593 0.537834 0.198613
0.56085 0.661882 0.337432 0.666238 3.13538 1.45949 3.23753 1.04864 1.26109 0.229981
0.436406 1.05293 1.04961 1.55704 0.925958 0.262108 0.14894 0.227762 1.17685 0.130739
1.58332 0.425963 0.508415 0.990742 1.42993 1.48968 0.605296 0.678954 1.17351 1.41784
1.62547 0.638005 0.509997 1.25246 1.02859 0.996948 0.222866 1.56941 0.693834 0.576143
0.582258 2.13576 1.3403 0.453844 1.42238 0.411181 1.96404 0.822564 0.300798 0.672544
0.549632 1.68259 0.244344 0.630309 0.45001 0.481604 0.857335 1.23014 1.66987 0.619679
0.330188 0.60144 0.464525 1.67293 0.138224 0.395049 1.31554 1.58693 2.60356 0.764094
0.352279 0.425129 0.973801 0.427797 0.339994 0.974627 1.48291 2.3563 0.720614 0.663888
0.923094 0.219855 0.415992 1.42743 1.14956 1.34301 0.418521 1.64493 0.730981 0.805097
0.503727 1.83378 0.684236 0.399821 0.337703 1.08636 0.952398 0.331206 0.500861 0.337922
2.16812 0.664587 0.710341 0.61196 1.56343 0.994584 0.626702 0.829017 0.610844 0.707053
1.00359 0.380346 0.348806 0.995602 0.948883 1.34494 0.726185 1.69476 0.494348 0.483289
0.383137 0.634011 1.10524 1.54251 1.08201 0.778298 0.639259 1.31111 0.84673 0.579338
0.354751 1.07837 0.800954 1.18246 0.446923 0.344258 0.875555 0.41214 0.472634 0.81345
1.78761 0.153577 0.58967 1.68987 2.14239 0.361415 0.516846 1.30765 0.651482 0.646601
0.444037 1.33108 0.374958 0.755643 1.51419 1.27122 0.882864 0.668122 0.435499 1.086
0.577694 0.149867 1.82852 0.177636 1.07525 0.234589 0.292598 1.2851 0.459224 0.343204
0.473891 0.357602 0.555651 0.301998 1.15175 0.326834 0.786704 0.318422 0.947686 3.54552
0.858392 1.80501 2.26734 2.55439 0.777352 0.429492 1.59379 0.561132 1.50665 0.518681
1.25768 1.58334 1.89404 1.74626 0.570513 0.531991 0.76512 0.821806 0.375772 1.05637
0.788312 0.191491 0.685517 0.263415 0.498248 0.297641 0.28963 1.29125 1.93286 0.437623
0.966558 1.09358 0.879075 0.662511 0.140828 0.519803 0.39307 0.7008 0.774429 0.639854
0.29913 4.26194 2.41561 1.36228 1.09454 1.11412 0.941475 1.2736 0.790739 0.510733
0.505149 0.456974 0.428 0.287837 1.86289 1.96029 0.719837 0.314233 0.985352 0.523215
0.660511 0.323876 0.550595 0.172016 0.504572 1.85172 3.24701 0.22796 0.620972 1.25696
1.07982 2.43782 0.732427 0.781129 1.6013 1.31345 1.0897 1.09322 1.61701 1.25665
1.83465 0.790951 0.328308 1.08751 5.18846 1.06639 0.533454 0.39634 0.457893 0.39478
0.271558 0.571608 0.979548 0.984343 1.06168 0.591934 1.76285 0.825243 0.635339 0.618065
1.6044 0.552945 1.37382 0.441959 1.34473 0.754654 0.561131 1.04746 0.552922 0.502629
1.10172 0.365219 2.04491 0.909524 0.997213 0.93761 1.49224 0.75423 0.62923 1.18772
1.74998 0.55226 1.12455 1.4725 0.351666 0.759846 0.683568 1.1771 3.50719 1.49842
0.934332 1.55236 0.386517 0.159517 1.14905 0.810626 0.359986 0.389668 0.661824 1.24208
3.11246 0.577182 0.410663 2.01729 2.51511 1.66241 3.3176 0.279326 0.500233 0.844738
1.55945 0.554604 0.463441 1.58483 1.40347 0.644623 0.697351 1.04001 1.3756 0.987284
0.764793 1.13599 1.00471 0.766468 0.711393 0.896019 3.59615 0.828463 1.05915 0.319642
0.534223 0.351459 1.6413 0.832532 1.2584 1.20693 0.573812 0.88618 1.09531 0.260096
0.746813 0.715935 0.458863 0.46131 0.414282 0.298302 0.526183 1.00898 0.281292 0.429912
0.566473 0.184419 0.629915 0.624769 0.992571 0.548202 1.00185 1.17168 0.715981 2.23152
0.281962 0.781611 0.280185 0.780825 0.618346 0.334507 1.67769 0.355988 0.90181 0.238069
0.1753 0.36207 0.495711 0.357063 0.250915 0.670126 3.34276 1.07963 1.19743 0.92063
0.201321 0.438202 0.644701 1.20054 1.33373 1.27352 1.5018 1.39067 0.957644 1.03605
0.126052 1.34772 0.791051 3.18684 0.18759 0.98587 0.643779 1.4797 2.15881 0.370282
1.00624 1.44129 1.05845 0.966999 1.42586 1.42291 1.18732 1.18944 2.26411 0.974944
0.390644 0.665449 1.77988 1.73438 0.765098 1.3321 0.731696 0.43061 1.05064 0.630643
0.630631 1.06034 1.26534 0.14195 0.624568 0.524252 0.722581 0.156087 1.63078 2.93518
0.149922 1.04347 1.13236 1.1302 1.25676 0.168459 0.91423 1.12753 0.829553 0.469309
2.79652 1.00121 0.785872 2.15985 1.08331 1.88293 4.18921 1.55376 0.500864 3.25161
2.006 0.576328 0.505209 0.422518 2.6881 0.706594 2.13948 0.41832 0.691114 1.33167
0.922584 0.913907 0.55331 0.49563 0.794736 0.295379 0.477282 0.637453 1.47175 0.320727
2.28785 2.94143 0.649283 0.681015 0.731062 1.20635 0.621022 0.675817 2.68827 0.746897
1.37455 1.35195 0.999037 0.493381 1.68568 0.165347 2.46845 0.697495 0.877944 0.549511
0.238537 0.521478 0.962209 0.824477 0.490589 0.7626 0.374476 0.270018 1.45111 0.834634
0.757122 0.330264 0.77469 0.425134 1.73008 0.511473 0.786499 0.153313 0.627834 1.44986
0.573744 0.887262 0.817436 0.260692 0.9177 0.664973 0.705278 0.65196 1.12377 0.360802
0.466903 3.87516 0.608988 0.915878 0.973648 1.50214 0.764519 0.323519 1.21595 2.52455
0.628982 0.503612 0.74965 1.01111 0.411737 0.479883 0.43545 0.657967 0.438946 1.1013
0.819164 1.39733 0.930483 0.606075 0.612291 0.86108 0.582586 0.568526 1.97095 0.749612
1.38141 0.476259 0.895129 0.372185 0.776923 1.03657 1.14123 1.27566 0.68042 0.706236
0.399853 1.24556 3.09514 1.02483 0.665965 1.53556 1.65732 0.739897 0.635028 0.935464
1.18772 2.53411 0.643855 0.37722 0.156417 1.1359 0.642456 1.02273 0.345776 0.484451
1.60522 1.61779 1.63808 4.38575 0.280698 0.911474 1.31796 0.728074 0.765336 1.14144
0.800457 1.38769 0.657467 0.536377 1.34277 1.00423 0.306304 0.517383 2.08533 0.623421
0.540883 1.25095 0.290078 0.846325 0.369153 1.68611 0.929734 0.616858 0.985806 0.453452
1.77273 1.53146 1.47036 0.60227 0.503209 1.18695 0.232242 0.649332 1.76112 0.568159
0.339901 1.62013 0.724348 0.633343 0.950565 0.714488 1.53842 0.817148 1.41512 0.478083
0.751069 0.677692 0.885098 0.34884 1.15859 0.575781 0.543362 0.677452 0.711451 0.278655
0.379044 2.06378 2.896 0.226095 1.21432 0.660455 0.710985 0.403101 1.1641 0.594768
1.14403 2.79721 1.02238 1.24016 0.291342 1.76905 0.725825 0.538013 0.352695 0.649039
1.53744 0.984118 0.961638 0.43557 1.22483 0.369551 0.193897 0.674698 0.358833 0.958943
1.74672 0.357724 0.881247 0.48194 0.634202 0.684046 2.05625 1.61398 1.07325 0.367958
1.24007 1.96156 0.423375 0.604116 0.779322 0.231643 0.707828 0.808706 0.30091 0.997849
1.29743 0.448035 0.680559 0.806767 0.370631 0.808962 0.798506 0.324755 0.507648 2.41115
0.261243 0.589859 0.521875 0.806281 2.59304 0.629827 1.19301 1.74801 2.05842 1.13137
1.03472 1.68857 1.21258 0.67706 0.0831056 0.678709 1.89983 0.868229 0.412139 0.476715
0.844602 0.357513 1.16252 1.12611 1.4261 0.302069 0.548251 1.89626 0.329803 0.560005
1.46892 2.23944 0.704772 0.605669 0.534505 2.72773 0.553198 1.13663 0.853733 0.521075
1.2667 0.925419 0.255128 0.776964 2.28182 0.778181 0.325935 1.38 0.282671 0.652492
1.08452 0.260039 0.458616 0.619681 1.3376 0.768476 1.12724 0.836933 0.760919 0.722525
4.57423 0.801792 0.578429 2.76549 0.179776 1.64952 0.321743 1.38604 0.498961 3.85792
0.797417 0.458533 1.03118 0.322156 0.593468 0.656473 1.177 0.445858 0.696252 0.179933
2.01331 1.41182 0.485272 0.485355 1.85421 0.196021 0.881288 0.260048 1.11427 0.839003
1.89871 0.794949 1.11535 1.1207 0.655845 0.681257 0.27271 1.58892 0.889055 0.571037
0.669209 1.4709 0.352318 0.366796 0.954407 1.12252 1.49867 0.369937 0.76655 0.325152
0.264355 2.78835 1.21114 0.784318 0.827873 0.513561 0.573637 0.506482 1.39259 0.97749
1.28502 0.551345 0.815319 0.938365 0.721619 0.51628 1.41237 0.853083 0.837871 0.981002
0.281313 0.890891 0.496673 0.617863 1.06111 0.515898 0.905156 1.11628 0.558981 0.769535
1.89899 0.41672 0.551121 0.875967 0.556674 0.888705 0.92281 1.09305 0.386225 0.523399
1.25396 1.25849 0.366987 1.09679 1.51983 0.76568 0.24018 1.13323 0.257432 1.00341
2.90306 0.773354 0.437072 1.67089 0.881553 0.662704 0.259888 0.363951 0.836079 0.693909
1.24362 0.749189 0.382437 0.561376 0.930104 0.735447 0.93851 0.908742 1.13435 0.418248
1.46624 1.085 0.280413 1.01298 1.65349 0.311949 0.820147 0.488063 1.12905 0.851645
0.329224 0.960072 0.564226 0.599742 0.287661 2.89356 0.277475 0.568049 0.808932 1.07178
0.524534 0.940027 1.5599 0.772742 0.424049 1.03993 0.978721 0.803858 1.1533 0.162278
0.983096 0.412302 2.31521 1.13114 0.335267 0.597395 0.854307 0.16371 0.241352 0.929157
0.774674 0.655282 0.361938 0.636933 0.348533 0.703004 2.39507 1.86313 0.402417 0.395714
2.30999 1.05402 0.389165 0.306559 0.949683 0.531988 0.553344 3.74251 0.361363 0.459755
2.21975 1.20205 1.985 2.09139 2.52353 0.678653 0.57652 0.729746 1.33367 0.819319
0.996869 0.578137 0.450316 0.567342 0.649674 1.11542 0.995179 0.730729 0.36431 0.115669
2.5684 0.956977 0.980886 0.8174 0.330475 0.855532 0.977836 1.92303 0.789472 0.144308
0.544429 0.430794 0.342543 0.41935 1.05022 3.09204 0.715748 0.552549 1.06738 0.454469
0.192781 0.847905 4.58538 0.321095 0.690048 0.958181 0.44894 0.792795 0.430105 0.735047
1.14197 1.18913 0.491011 0.252854 3.09289 0.385662 0.449529 0.729784 0.229114 1.0357
0.909036 0.701515 0.925525 1.41468 1.01865 0.484062 0.872805 0.502666 0.592406 0.567151
1.91409 0.768546 1.19505 0.402225 1.3758 3.00054 0.228987 0.596035 0.596387 1.72221
0.309544 0.121234 0.654388 1.65545 1.0911 0.223135 0.853795 0.991682 0.86591 0.899484
1.44054 1.608 0.322981 0.307834 0.860542 1.00907 0.376247 0.846396 0.423257 0.586075
0.498972 0.754529 0.297947 1.66383 0.63753 0.551827 1.00794 0.342491 0.499255 3.39868
1.13129 0.29075 0.56349 0.381641 1.34903 0.417673 0.896144 0.302999 0.754301 0.329194
0.767911 1.23364 1.23776 0.914164 1.47522 0.710983 0.500526 0.480648 0.78859 1.71926
0.862036 1.10757 0.681196 1.87693 0.730364 0.652282 0.898486 1.14509 0.838359 1.32592
1.04726 0.651555 0.406892 2.30019 0.800889 4.0892 1.34893 0.345334 2.45836 1.72648
0.853703 0.937828 1.42592 0.986008 1.5734 1.70331 1.00072 0.656485 0.752696 1.3948
0.993303 1.61763 0.431976 1.56938 0.498025 0.977707 1.76269 0.341615 0.249035 1.06654
0.693886 0.386201 0.486538 0.357518 0.74046 1.07537 1.36429 1.02353 0.907936 0.381725
1.22261 1.11447 1.61148 0.729852 0.612856 0.515578 0.404935 0.611822 0.281965 0.514342
1.09122 0.356868 1.12002 1.45263 0.741014 1.17147 0.435282 1.30474 1.75064 0.880201
0.672728 1.17459 1.049 0.727634 0.437003 0.384767 0.99895 0.464243 0.796559 0.412528
1.78377 0.446142 0.766112 2.55104 1.61082 0.218972 0.393697 0.411946 1.53901 2.19666
0.457054 1.08429 1.78863 0.866673 1.49719 0.930318 0.941504 1.10263 2.50649 1.04408
0.41202 1.45283 0.470066 2.19085 1.31361 1.03428 0.697643 1.12294 0.806167 1.82807
1.57627 1.62629 0.953852 1.37009 0.874192 0.64532 0.993967 0.993701 2.93436 0.89123
0.521199 0.638449 0.385865 0.836782 1.21893 0.482039 0.383787 0.571236 0.753397 0.66706
1.21441 2.47996 0.765068 0.935352 1.08468 1.36286 1.02469 0.728363 1.72476 0.941537
1.15341 1.27489 0.851117 4.44222 1.25538 1.99143 3.42074 1.21389 0.76174 0.817948
1.23168 1.06514 1.29192 0.51434 0.457955 1.64948 0.491931 1.07749 0.868799 2.01676
1.11415 1.77855 1.51787 0.621003 1.11821 1.60872 0.59452 1.04532 1.0078 0.607976
0.219647 0.800212 0.922942 0.701253 0.623159 0.461954 1.13736 0.745946 0.520508 1.03039
1.70812 0.566055 0.670541 0.270134 0.921768 0.228294 1.46625 0.596244 1.06067 1.39445
0.600384 0.666195 0.579657 0.430389 0.263747 1.67918 1.07716 1.32404 1.68908 2.97159
0.309924 0.911512 0.739632 1.19849 0.366083 1.41495 1.74341 0.650989 1.88661 0.733169
0.849897 0.711769 0.54413 1.64472 2.1414 0.498488 0.620569 1.03416 0.44075 0.597041
0.789352 1.915 1.30303 1.34124 0.591276 1.20607 1.09141 0.777315 0.938699 0.597831
1.53387 0.857635 0.715827 0.905007 0.642183 0.562328 1.34165 2.40472 0.701136 0.694702
0.340872 0.874421 1.68191 1.34307 0.527637 0.405562 0.257666 0.681094 0.557851 1.60808
0.52851 0.635704 1.26935 0.780681 0.504886 1.4997 1.95587 1.79991 0.416403 1.33027
0.694448 0.579918 0.764835 1.9249 0.41149 0.727987 1.21694 0.526791 0.546572 0.927208
0.59399 0.364015 2.10809 1.63487 0.490687 0.329022 0.957137 0.488562 0.809342 0.765283
1.32205 0.783964 0.688387 0.318463 0.171583 2.00232 1.36927 1.75993 0.945185 0.589452
0.461028 0.277541 3.13401 0.280418 0.912474 0.604456 0.506645 0.399018 0.55328 0.852843
1.19309 1.61089 1.08844 0.595227 1.03593 0.852271 2.18217 0.683796 1.33745 0.636127
0.902346 2.28484 0.379812 2.46693 0.944666 1.02211 2.50928 0.828162 2.10559 0.397774
0.954168 1.70846 1.27489 0.368423 0.694334 1.08649 0.818193 1.40714 1.07079 1.59171
0.230424 1.64574 1.73579 1.30469 1.5683 0.765577 1.0943 0.824795 0.688206 0.587187
0.470196 0.536918 0.937554 0.953637 0.758778 0.49112 0.642164 0.955077 0.868618 1.37042
>noiseOffset:
>observedSynthesisNoise:
>std_NoiseOffset:
>mutation_prior_mean:
***
0 0 0 0 0 0 0 0 0 0
0 0 0 0 0 0 0 0 0 0
0 0 0 0 0 0 0 0 0 0
0 0 0 0 0 0 0 0 0 0
>mutation_prior_sd:
***
0.35 0.35 0.35 0.35 0.35 0.35 0.35 0.35 0.35 0.35
0.35 0.35 0.35 0.35 0.35 0.35 0.35 0.35 0.35 0.35
0.35 0.35 0.35 0.35 0.35 0.35 0.35 0.35 0.35 0.35
0.35 0.35 0.35 0.35 0.35 0.35 0.35 0.35 0.35 0.35
>std_csp:
0.1 0.1 0.1 0.1 0.1 0.1 0.1 0.1 0.1 0.1
0.1 0.1 0.1 0.1 0.1 0.1 0.1 0.1 0.1 0.1
0.1 0.1 0.1 0.1 0.1 0.1 0.1 0.1 0.1 0.1
0.1 0.1 0.1 0.1 0.1 0.1 0.1 0.1 0.1 0.1
>currentMutationParameter:
***
-0.425826 1.01201 0.740795 0.681445 1.14349 -1.16851 0.777308 -0.771569 0.674799 0.652968
0.946191 0.421566 1.19785 -1.32631 0.386902 0.970087 0.612 0.181486 -0.309837 1.05103
-0.498424 0.82782 0.287283 -0.821969 -0.979503 0.165079 -0.958399 0.943821 0.135221 -0.492066
0.843827 0.557138 -0.429917 1.19539 0.713116 0.433141 0.969505 0.550573 0.911646 0.889405
>currentSelectionParameter:
***
0.595925 -0.351533 0.293785 -0.533565 -0.385769 0.650507 -0.92868 -0.33657 -0.152458 0.183824
-0.565383 1.11648 -0.717557 0.98076 0.639329 -0.644539 -0.116082 -0.262815 1.43815 -0.658326
-0.652143 -0.193179 -0.377887 0.121082 0.585768 0.91834 0.953906 -0.158782 0.766129 0.394799
-0.397073 -0.193719 0.419563 -0.591555 0.0932614 0.573473 -0.404625 -0.0392901 -0.719488 -0.638152
>covarianceMatrix:
A
0.000271803	2.98588e-05	-3.40172e-05	-0.000123013	3.94647e-06	7.82728e-05	
2.98588e-05	0.000223715	6.22417e-05	-3.1558e-05	-0.000103232	-2.09345e-06	
-3.40172e-05	6.22417e-05	0.000350701	6.47378e-05	-2.84453e-05	-0.000191297	
-0.000123013	-3.1558e-05	6.47378e-05	0.000112538	2.52221e-05	-6.08254e-05	
3.94647e-06	-0.000103232	-2.84453e-05	2.52221e-05	0.000110013	2.18869e-05	
7.82728e-05	-2.09345e-06	-0.000191297	-6.08254e-05	2.18869e-05	0.000214668	
***
>covarianceMatrix:
C
0.00160809	-0.00109723	
-0.00109723	0.00111228	
***
>covarianceMatrix:
D
0.000977541	-0.000605889	
-0.000605889	0.000540158	
***
>covarianceMatrix:
E
0.000920123	-0.000701696	
-0.000701696	0.000704225	
***
>covarianceMatrix:
F
0.000782867	-0.000644582	
-0.000644582	0.000709042	
***
>covarianceMatrix:
G
0.000583207	0.000219227	0.000323955	-0.000378988	-0.000109484	-0.000196267	
0.000219227	0.000358593	0.000127283	-0.000112273	-8.44379e-05	1.15985e-05	
0.000323955	0.000127283	0.000930999	-0.000261177	-6.44663e-05	-0.000376523	
-0.000378988	-0.000112273	-0.000261177	0.000403082	0.000141855	0.000215972	
-0.000109484	-8.44379e-05	-6.44663e-05	0.000141855	9.44522e-05	5.46774e-05	
-0.000196267	1.15985e-05	-0.000376523	0.000215972	5.46774e-05	0.000349685	
***
>covarianceMatrix:
H
0.00202318	-0.00141653	
-0.00141653	0.00149444	
***
>covarianceMatrix:
I
0.000694459	0.000178361	-0.000617192	-5.55931e-05	
0.000178361	0.000714735	-0.000422888	-0.000428257	
-0.000617192	-0.000422888	0.00120349	0.000241021	
-5.55931e-05	-0.000428257	0.000241021	0.000342912	
***
>covarianceMatrix:
K
0.000833801	-0.000562801	
-0.000562801	0.000537246	
***
>covarianceMatrix:
L
0.000457007	0.000157811	0.000272133	8.41984e-05	7.92453e-07	-0.000367803	-0.00012285	-0.000204838	-9.22319e-05	6.24575e-06	
0.000157811	0.000247839	0.00010123	6.33328e-05	1.88384e-05	-0.000158285	-0.000120423	-5.40571e-05	-8.95717e-05	-1.4273e-06	
0.000272133	0.00010123	0.000450204	0.000110955	-1.14239e-05	-0.000211871	-7.30665e-05	-0.000263805	-6.12327e-05	-6.56335e-06	
8.41984e-05	6.33328e-05	0.000110955	0.000138154	2.44012e-06	-7.61411e-05	-3.61608e-05	-6.4805e-05	-6.97388e-05	-2.01328e-05	
7.92453e-07	1.88384e-05	-1.14239e-05	2.44012e-06	0.000179124	8.17387e-05	3.88608e-05	6.09925e-05	3.51028e-05	1.48442e-05	
-0.000367803	-0.000158285	-0.000211871	-7.61411e-05	8.17387e-05	0.000456004	0.000160647	0.000224802	0.000138808	2.16018e-06	
-0.00012285	-0.000120423	-7.30665e-05	-3.61608e-05	3.88608e-05	0.000160647	0.00012646	7.09637e-05	7.7103e-05	1.55347e-05	
-0.000204838	-5.40571e-05	-0.000263805	-6.4805e-05	6.09925e-05	0.000224802	7.09637e-05	0.000252451	5.73502e-05	7.5953e-06	
-9.22319e-05	-8.95717e-05	-6.12327e-05	-6.97388e-05	3.51028e-05	0.000138808	7.7103e-05	5.73502e-05	0.000101997	2.88491e-05	
6.24575e-06	-1.4273e-06	-6.56335e-06	-2.01328e-05	1.48442e-05	2.16018e-06	1.55347e-05	7.5953e-06	2.88491e-05	3.9149e-05	
***
>covarianceMatrix:
N
0.000745445	-0.000643084	
-0.000643084	0.000780154	
***
>covarianceMatrix:
P
0.000392214	0.000231962	0.000214904	-0.000188375	-0.00014131	-8.24778e-05	
0.000231962	0.000680309	0.000114294	-4.27091e-05	-0.000358498	6.81188e-07	
0.000214904	0.000114294	0.00035098	-5.22316e-05	-8.621e-05	-0.000132672	
-0.000188375	-4.27091e-05	-5.22316e-05	0.000200034	7.83819e-05	5.16988e-05	
-0.00014131	-0.000358498	-8.621e-05	7.83819e-05	0.000305788	4.68102e-05	
-8.24778e-05	6.81188e-07	-0.000132672	5.16988e-05	4.68102e-05	0.000111897	
***
>covarianceMatrix:
Q
0.000669716	-0.000480139	
-0.000480139	0.000555748	
***
>covarianceMatrix:
R
0.00036198	-2.02417e-05	0.000127298	3.84753e-05	0.000115012	-0.000169916	-3.25187e-05	-3.70853e-05	2.2827e-05	4.29334e-05	
-2.02417e-05	0.000649967	4.36949e-05	9.42019e-05	4.9603e-06	-0.000116634	-0.00016271	-0.000134253	-0.000144717	-0.000203721	
0.000127298	4.36949e-05	0.000322205	0.000117052	0.000102816	-9.97762e-05	3.20722e-05	-0.000163667	-1.04515e-05	-2.66463e-05	
3.84753e-05	9.42019e-05	0.000117052	0.000179115	0.000139513	-3.94861e-05	1.05511e-05	-4.18031e-05	-5.52529e-05	-7.91881e-05	
0.000115012	4.9603e-06	0.000102816	0.000139513	0.00042094	-4.19994e-05	2.90442e-05	5.10533e-05	-3.28196e-05	-9.59981e-05	
-0.000169916	-0.000116634	-9.97762e-05	-3.94861e-05	-4.19994e-05	0.000224258	0.000105188	0.000133972	8.08795e-05	4.28621e-05	
-3.25187e-05	-0.00016271	3.20722e-05	1.05511e-05	2.90442e-05	0.000105188	0.000272302	8.20859e-05	6.91398e-05	5.33658e-05	
-3.70853e-05	-0.000134253	-0.000163667	-4.18031e-05	5.10533e-05	0.000133972	8.20859e-05	0.000235288	6.74919e-05	4.30308e-05	
2.2827e-05	-0.000144717	-1.04515e-05	-5.52529e-05	-3.28196e-05	8.08795e-05	6.91398e-05	6.74919e-05	0.000128534	0.000110279	
4.29334e-05	-0.000203721	-2.66463e-05	-7.91881e-05	-9.59981e-05	4.28621e-05	5.33658e-05	4.30308e-05	0.000110279	0.000174003	
***
>covarianceMatrix:
S
0.000418592	2.97245e-05	3.03993e-05	-0.000323356	1.12969e-05	-4.07265e-06	
2.97245e-05	0.000653275	0.000290706	3.78232e-05	-0.000349798	-0.000201632	
3.03993e-05	0.000290706	0.00055816	8.80953e-05	-0.00013054	-0.000311324	
-0.000323356	3.78232e-05	8.80953e-05	0.000466077	6.6787e-05	-8.45489e-06	
1.12969e-05	-0.000349798	-0.00013054	6.6787e-05	0.000337272	0.000163047	
-4.07265e-06	-0.000201632	-0.000311324	-8.45489e-06	0.000163047	0.000272571	
***
>covarianceMatrix:
T
0.000279893	0.00019113	2.9992e-05	-0.000154718	-0.000103398	-2.20993e-05	
0.00019113	0.000568915	-0.000129319	-9.26746e-05	-0.000285711	7.07256e-05	
2.9992e-05	-0.000129319	0.000579955	3.85151e-05	0.000126913	-0.000243947	
-0.000154718	-9.26746e-05	3.85151e-05	0.000194097	6.48629e-05	1.7111e-05	
-0.000103398	-0.000285711	0.000126913	6.48629e-05	0.000245647	-4.94124e-05	
-2.20993e-05	7.07256e-05	-0.000243947	1.7111e-05	-4.94124e-05	0.000214545	
***
>covarianceMatrix:
V
0.000538631	1.39328e-05	-2.59529e-05	-0.000376252	1.03155e-05	-5.27281e-06	
1.39328e-05	0.000329762	2.91645e-05	2.49668e-05	-0.000132854	-6.16533e-06	
-2.59529e-05	2.91645e-05	0.000306003	5.38318e-05	-2.13646e-05	-0.00013665	
-0.000376252	2.49668e-05	5.38318e-05	0.000460385	1.00411e-05	1.7588e-05	
1.03155e-05	-0.000132854	-2.13646e-05	1.00411e-05	0.000155173	4.51257e-05	
-5.27281e-06	-6.16533e-06	-0.00013665	1.7588e-05	4.51257e-05	0.000152782	
***
>covarianceMatrix:
Y
0.00080658	-0.000546264	
-0.000546264	0.000592775	
***
>covarianceMatrix:
Z
0.00281003	-0.00206031	
-0.00206031	0.00208326	
***
