>groupList:
A C D E F G H I K L
N P Q R S T V Y Z 
>stdDevSynthesisRate:
0.616854 
>numParam:
40
>numMixtures:
1
>std_stdDevSynthesisRate:
0.0797798
>std_phi:
***
1.69781 1.27117 0.723241 0.30436 0.534943 0.365815 1.46907 0.803696 0.642959 1.58896
1.17526 0.625807 0.904053 0.514368 0.642959 0.977829 1.52785 0.940213 0.65084 0.904048
1.17527 0.904049 0.8037 1.04481 1.17527 1.46907 0.462875 1.76574 0.835848 0.534943
0.695425 1.09992 1.01694 1.05761 0.500646 0.723244 0.64296 0.462876 0.411494 1.13007
0.977827 0.3703 0.316535 0.977824 0.329194 0.668678 0.462875 0.356058 0.578593 0.846091
0.869278 0.668678 0.668678 1.17526 0.904054 0.977825 0.578593 1.69781 1.27116 1.35825
1.65252 0.78226 1.09992 0.427954 0.124666 0.395668 0.411493 0.904049 0.556341 0.940215
1.58896 0.803699 0.676872 0.65084 0.904053 1.41258 1.01694 1.17527 1.00462 0.813548
1.13006 1.35825 0.65084 0.752172 1.27118 1.04481 1.22228 0.803699 0.284846 0.752171
0.514368 0.695424 0.64296 0.625807 1.01694 1.08659 1.27117 0.695424 1.27117 1.17526
0.904051 0.208133 0.642959 1.22227 0.284846 0.869282 0.695426 1.41257 1.17528 0.904054
0.835847 0.253228 1.13007 1.306 1.17526 1.42988 0.534943 0.695425 0.514366 0.601736
0.977827 0.668677 1.7657 0.55634 1.13006 0.813544 0.411494 0.534941 0.695425 0.494584
1.83636 1.22229 0.316534 1.41258 1.41258 1.01693 0.556341 0.380449 0.977824 0.940215
0.869279 2.48276 1.22227 0.650839 0.445071 0.752171 1.13006 0.445072 1.65251 1.83637
1.69781 0.342364 1.0866 1.46908 1.30601 0.556339 0.940215 1.22229 0.940218 1.22228
1.13006 1.01694 0.411495 1.17527 0.380449 0.752171 1.35825 0.601737 1.0866 1.09992
0.578594 1.00462 1.71862 0.462874 0.445072 0.835847 0.650838 0.904053 1.27117 1.9098
1.25578 0.78226 0.782262 0.439684 0.723242 0.846092 0.500645 0.556339 0.723243 1.65252
1.16104 1.04481 0.370301 0.481391 1.30601 1.52785 0.75217 1.52785 1.3749 1.27117
0.281399 1.20747 1.46908 1.37489 0.316533 1.69781 0.940214 0.578594 1.01694 1.01693
1.306 0.668678 1.09991 1.22227 0.556339 0.904051 0.835845 0.977818 1.17527 0.940214
0.782255 1.32202 0.668678 1.9862 0.494584 1.22228 1.83635 0.48139 1.46909 1.27117
0.752168 1.13007 1.52785 0.752174 0.668677 1.9098 0.714483 2.06565 0.904054 0.38045
1.27118 0.411496 0.534943 0.642959 0.90405 0.904053 0.813551 0.940211 1.46907 0.940209
0.813552 0.782253 0.514367 0.462875 1.17527 0.904052 1.52785 0.869281 1.6978 0.445072
0.782259 1.32202 1.27117 1.22228 1.35825 1.65252 1.17527 1.01694 0.260168 1.05762
0.411494 0.940211 0.695424 1.00462 1.65253 0.723243 1.17528 1.32202 0.97782 1.05761
0.904053 0.173167 0.316535 0.782257 0.556341 0.782259 0.625808 0.723241 0.445073 0.723241
0.904055 1.04481 1.58896 1.35825 0.445073 0.723244 0.642959 1.35825 0.400516 0.86928
0.782259 1.13006 0.752171 1.58896 0.977825 0.618231 0.316534 1.41258 0.578594 0.342364
0.752176 0.162065 1.52785 0.723243 0.723241 0.723241 1.58896 1.22227 0.782259 0.494586
0.296239 1.22228 1.35825 0.772788 0.351747 1.58896 0.940215 1.22227 0.86928 1.13006
2.14828 0.940211 0.752168 1.41258 0.64296 0.695426 0.904054 1.05763 0.625807 1.46909
0.81355 0.835848 1.17526 1.04481 0.965988 1.00462 1.32201 1.32201 1.65251 1.58897
0.594452 1.35825 0.668678 0.38045 0.81355 0.668679 1.22227 1.13007 0.695426 0.695426
0.723243 0.782259 0.94021 1.46909 0.782266 0.752171 0.977824 0.416538 0.342363 0.904053
0.534943 1.04481 0.940214 1.46909 0.578593 1.13006 1.32202 1.76573 0.411495 0.803699
0.578592 0.723243 1.90981 0.869281 0.475562 0.445073 0.578594 1.27117 1.76572 1.42989
0.594452 0.723244 1.0866 0.940215 0.514368 0.752172 1.22228 0.514368 0.660583 0.578593
1.32201 0.668679 0.65084 1.52784 0.813549 0.356059 0.411494 1.13006 1.90982 1.17527
1.22227 1.41258 0.835846 1.41259 1.05762 0.534943 1.35825 0.668678 0.904052 1.32203
1.01693 0.520671 1.58897 0.835844 1.65253 1.71861 1.27117 1.83636 1.27116 1.90981
0.940211 1.90982 0.752172 1.17527 1.17527 1.46908 1.0866 1.0866 1.52785 1.0448
1.09992 1.76572 1.71862 0.48139 0.772788 1.90979 1.17527 1.65253 1.08661 1.52785
1.65252 1.58897 1.30602 1.52785 1.83635 1.46909 0.556339 0.578593 0.869282 0.514368
1.58896 1.27117 0.695425 0.541498 0.329195 1.46909 0.263356 0.668678 0.329195 0.752172
1.22228 0.187297 0.329196 0.329195 1.27117 1.05761 0.8037 0.578594 0.342363 1.05762
0.462874 0.578595 1.32201 0.940215 0.869281 0.236993 0.695424 0.904049 0.48139 0.668678
0.904058 1.00462 0.457271 0.411495 2.06565 1.27117 0.494584 1.30602 0.78226 0.642958
1.27118 0.977824 0.940212 1.58896 1.0866 0.977819 0.625808 1.52784 0.723243 0.47556
1.76573 0.752172 0.803699 2.38726 0.977823 0.879932 0.904054 0.556341 0.904053 0.977822
0.427955 0.481389 1.27118 0.253227 0.618231 0.316534 0.411495 0.385112 1.30601 0.395667
0.813549 1.22227 1.98619 1.52785 0.144076 1.0866 0.61823 1.58896 0.977826 1.0448
0.416537 1.54657 0.940213 1.0448 0.977823 1.65252 1.41258 0.940221 0.803701 1.306
0.625806 0.427953 1.46909 1.71861 1.13006 0.395667 0.695424 0.813542 0.556341 0.904051
1.01693 1.46908 0.668677 1.30601 0.500645 1.90981 0.869283 1.01693 0.520672 0.977818
1.09992 1.22227 0.977822 1.27117 1.05761 1.98621 1.76571 1.63251 0.695426 0.534941
0.752172 1.52785 1.17526 1.00462 0.514367 1.41259 0.578594 1.32201 0.445072 0.395667
1.37489 0.752171 0.514368 0.977824 0.534941 1.17526 1.83635 0.541498 1.01694 1.52784
1.13007 0.342364 0.676873 0.8037 1.22228 0.601736 0.668678 1.22228 0.427954 0.462874
0.835844 0.578593 0.940213 0.813548 1.71863 0.965981 1.22227 1.41258 1.13007 0.668679
0.514369 1.22228 0.782257 1.17527 1.27116 1.05762 1.76573 1.22228 0.48139 0.462874
1.22228 1.27117 0.94021 1.17527 0.601736 0.940218 0.284846 0.30436 0.869279 1.13006
1.00462 0.695425 0.55634 0.370299 0.723242 0.462876 0.411494 0.940216 0.514368 0.904053
0.723242 0.395669 1.35824 1.41259 1.17527 1.25578 0.752171 1.04482 1.90981 1.22226
0.601738 0.556339 0.411495 0.625807 1.27117 0.64296 0.411495 0.601736 0.940213 1.35825
1.46907 0.556339 1.41257 1.17528 0.296239 0.55634 1.58896 1.13006 1.0866 1.35825
0.940213 0.86928 1.04482 0.601738 1.05761 0.351748 0.869283 0.835845 0.601735 0.782257
0.481391 0.494586 0.475562 0.904053 1.83636 0.782259 1.27117 0.846091 0.342364 1.46909
0.904053 0.462875 1.22228 1.22227 0.38045 1.14391 0.578593 1.13006 0.772787 1.65251
1.05761 1.22227 0.329195 0.904051 1.41257 0.915126 2.29545 0.752172 0.94022 1.58896
1.27117 0.64296 0.316534 1.83635 1.01694 1.13007 0.904045 1.90981 0.618232 0.835847
0.695426 0.329195 0.977827 0.977827 1.04482 0.752173 0.752173 1.01693 1.52785 0.520671
0.411495 0.427955 0.625807 1.22228 0.534942 1.90981 1.27117 0.64296 1.17527 0.578594
0.514368 0.835844 1.0866 1.27118 0.601738 1.32201 0.273891 0.642962 1.09992 0.904053
0.445072 0.168547 1.42989 0.977823 1.00462 2.20717 0.752172 0.723244 1.46909 0.514368
0.370298 1.13006 1.04481 1.0448 1.65253 0.578594 1.00462 1.27116 1.22228 0.395668
0.977822 0.695426 1.17527 0.342364 0.723242 0.52067 0.601736 1.0866 1.56971 0.427954
0.752171 1.52786 0.752172 0.904053 1.41259 0.342364 0.61823 0.642959 1.52784 1.90982
0.625806 1.52785 0.869282 0.835847 0.263355 1.98621 1.22228 0.534942 1.17526 0.803704
0.835846 0.292654 0.723242 1.13007 1.0448 0.55634 1.32202 0.813554 1.17527 1.69782
0.578593 0.342364 1.71863 0.695426 0.273891 0.445071 1.30601 0.835848 1.83636 1.17527
0.869281 1.05761 0.835844 1.05761 0.904052 0.514368 0.618232 0.940206 1.41258 0.940211
0.243487 0.695424 1.13006 0.475562 1.58896 0.977825 0.813543 0.520671 1.13006 0.316534
0.723242 0.835844 0.481392 1.83635 1.13006 1.27116 0.578593 0.578591 0.835848 2.29545
0.329195 0.316535 1.22227 0.965983 0.625807 0.904045 0.494584 0.869278 0.406513 0.723243
0.55634 0.879935 1.22228 0.411495 0.94022 0.813549 1.52786 0.304359 0.625808 0.578593
1.76572 0.27389 0.869282 1.41259 0.578594 0.752171 0.813548 1.17526 0.752172 1.22228
1.13006 0.263356 0.494583 0.723243 0.782259 1.35825 0.803698 1.08659 0.411494 0.835848
0.534941 0.8037 2.23421 0.642959 1.05761 0.977822 0.782258 1.41258 0.81355 0.977822
1.22229 0.475561 1.17528 1.32202 0.668679 1.30601 0.78226 0.395667 0.904055 0.411495
0.642959 0.977822 1.0866 0.556339 1.01695 1.76573 0.356057 0.835846 0.695427 0.642956
0.475561 0.329195 1.04481 0.481389 0.534943 0.940215 1.46908 0.380448 1.46909 0.695424
0.61823 1.22228 1.08659 0.534942 0.445074 1.01694 1.46908 1.01693 1.3749 0.642959
0.411495 1.09992 1.35826 1.27117 0.904051 0.556339 0.316534 0.534943 0.395667 1.98621
0.494585 0.462874 1.83636 0.904053 1.46908 1.52785 1.0866 2.06564 0.695426 1.27116
1.46908 0.578593 0.904052 1.65252 1.32203 0.462875 1.27116 1.46909 0.869278 0.578595
0.601738 0.642959 0.55634 0.752174 1.46909 0.475562 1.46907 1.9862 0.445071 1.22228
1.00462 1.65253 0.475561 0.475561 1.98621 1.17527 0.642959 1.46908 1.90982 0.64296
0.940213 1.17528 1.05762 1.22227 1.71862 0.940222 1.01693 0.342362 0.782256 1.41258
0.329195 0.940214 1.22227 1.35825 0.534943 1.3749 0.500646 0.534943 1.52785 0.723243
0.618228 1.32201 0.514366 0.38045 0.494584 1.65253 1.3749 0.772787 0.475562 0.642959
0.714487 1.01693 2.14827 0.625804 1.37489 0.904054 0.965985 0.668677 1.52785 1.22228
0.534942 0.782255 0.462874 0.723241 1.41258 0.695424 1.98619 0.385112 0.869282 1.22228
0.782259 1.01694 1.17527 1.17526 0.578594 0.427953 0.445072 0.94021 1.25577 0.904049
1.58897 0.869278 0.342363 0.904057 0.97782 0.940211 0.813548 1.13006 1.58897 0.556341
1.14391 0.329196 1.27117 1.3749 0.395666 1.52784 0.977818 2.06565 1.13006 0.514367
0.695425 0.904053 0.835846 0.234123 0.904053 0.869278 0.752172 1.0866 0.668678 1.52784
0.439683 0.445071 0.940213 1.04481 0.411494 0.144074 1.32201 0.904052 0.835847 0.48139
1.22228 1.83635 0.977826 0.475561 0.835847 1.41258 0.86928 0.723241 1.90981 0.904053
0.752172 0.292655 1.83635 1.41257 0.668678 0.578594 1.32201 0.858757 1.46908 1.0866
1.83635 0.940206 1.46908 0.342364 0.695424 0.940211 0.752172 1.17526 1.22227 0.625808
0.55634 1.22228 1.98621 1.17527 0.395668 1.32202 0.835845 1.76571 1.14391 1.46909
0.752173 0.940215 0.534941 0.427953 0.475563 1.00462 0.803699 1.58895 0.650839 0.494585
1.52785 0.904058 0.835848 0.30436 0.782258 0.835844 1.83636 0.494584 0.342364 1.63251
2.14827 1.0866 0.904045 0.481388 0.835846 0.296241 0.356057 1.01693 0.395668 0.846093
0.81355 0.904053 0.475561 0.514368 0.395668 0.869288 1.58896 1.58896 0.772786 0.329195
1.13006 0.55634 1.17527 0.55634 1.90981 0.723243 0.723243 1.32202 1.32202 0.385111
1.76572 1.71864 0.940214 1.65252 0.940216 1.01693 0.47556 0.445072 1.0866 1.13007
0.520673 0.743064 0.676871 0.500645 1.01693 1.17528 1.52786 1.58896 0.977823 0.904049
1.00462 1.41259 0.977818 0.162065 1.46907 0.940217 1.22228 0.462874 0.494583 0.940215
0.940213 1.04481 0.494585 0.55634 1.58897 1.56972 0.534942 1.0866 0.714486 1.08661
0.342362 0.928828 0.578594 0.61823 0.427955 1.13007 1.46908 1.58896 0.601737 0.668675
2.06565 0.427955 0.462875 0.481389 0.316535 0.695425 0.594454 0.813552 0.411493 0.723242
1.46908 0.395668 1.22228 0.380449 0.772788 0.668678 1.46908 0.395668 0.549604 0.578593
0.29624 0.55634 0.97782 0.400517 0.723241 1.17527 0.695425 0.642958 0.3703 0.940215
1.42989 1.46908 1.13006 1.0576 0.500646 1.41258 1.13007 1.17527 1.41257 0.752172
0.475562 0.676873 0.752172 0.752173 0.940213 0.445073 0.772788 1.35825 0.253227 0.813549
0.642959 0.904053 0.752171 0.534943 0.445071 0.445071 0.723242 0.329195 0.695424 0.514367
0.668677 1.69781 0.642959 0.813544 1.69782 0.668678 1.58897 0.668678 0.869281 0.462874
0.61823 0.481391 0.64296 1.76573 0.846092 0.329195 0.723243 0.329195 0.61823 0.445072
2.06567 0.904051 0.445072 0.904053 0.83585 1.01693 0.752171 0.75217 0.977824 0.904049
0.772788 1.58897 0.650839 1.52785 1.63252 1.01693 0.445071 1.76572 1.17527 0.601737
0.869281 1.58896 1.46907 1.13006 1.52785 0.263356 1.17527 0.835844 0.316535 0.695425
2.48276 0.668677 1.00462 0.292654 0.78226 0.977826 0.19479 1.32201 0.457271 0.723241
0.846096 0.55634 0.940206 0.365816 0.427953 1.17527 1.52785 0.494586 1.65252 1.41259
1.17527 0.445072 0.365816 0.17529 0.904052 0.578593 0.977819 0.475562 0.578593 0.940215
1.52786 0.869281 0.723241 0.940213 0.782262 1.65251 0.668679 0.556341 0.723241 1.20748
2.06566 0.55634 0.642959 0.494584 1.83636 1.71862 1.46908 1.13007 0.977819 0.723243
1.13006 0.904051 0.514367 0.395667 1.22228 0.316534 0.514369 0.556339 1.17527 1.58895
0.940216 1.71863 0.879939 0.380449 1.0866 0.869281 0.601736 0.668678 1.08661 0.55634
1.41258 1.41258 1.17527 0.445071 1.22228 0.94022 0.534944 0.869278 1.46908 0.514367
0.642959 1.78737 0.965981 1.78737 1.52785 0.395668 0.316533 0.578594 0.668679 0.813548
1.13007 0.94021 0.668677 1.22229 0.578593 0.411493 1.52784 0.977827 1.90981 0.594453
0.695425 0.723242 1.27116 1.09993 0.514368 0.723242 0.940215 1.0866 0.642959 0.668676
0.514367 0.534942 1.52784 0.625806 0.904058 0.642959 0.578593 0.803697 0.578594 1.04481
0.772788 0.601737 0.411494 1.32201 0.977823 0.601739 0.329195 0.411494 0.556339 0.500645
1.52785 0.578594 0.594452 0.457269 0.601738 0.723241 0.556339 0.723243 1.13007 0.904055
1.65252 1.0866 0.385112 0.752173 0.61823 0.904051 0.782262 1.32202 0.642959 0.534943
>categories:
0 0
>mixtureAssignment:
0 0 0 0 0 0 0 0 0 0 0 0 0 0 0 0 0 0 0 0 0 0 0 0 0 0 0 0 0 0 0 0 0 0 0 0 0 0 0 0 0 0 0 0 0 0 0 0 0 0
0 0 0 0 0 0 0 0 0 0 0 0 0 0 0 0 0 0 0 0 0 0 0 0 0 0 0 0 0 0 0 0 0 0 0 0 0 0 0 0 0 0 0 0 0 0 0 0 0 0
0 0 0 0 0 0 0 0 0 0 0 0 0 0 0 0 0 0 0 0 0 0 0 0 0 0 0 0 0 0 0 0 0 0 0 0 0 0 0 0 0 0 0 0 0 0 0 0 0 0
0 0 0 0 0 0 0 0 0 0 0 0 0 0 0 0 0 0 0 0 0 0 0 0 0 0 0 0 0 0 0 0 0 0 0 0 0 0 0 0 0 0 0 0 0 0 0 0 0 0
0 0 0 0 0 0 0 0 0 0 0 0 0 0 0 0 0 0 0 0 0 0 0 0 0 0 0 0 0 0 0 0 0 0 0 0 0 0 0 0 0 0 0 0 0 0 0 0 0 0
0 0 0 0 0 0 0 0 0 0 0 0 0 0 0 0 0 0 0 0 0 0 0 0 0 0 0 0 0 0 0 0 0 0 0 0 0 0 0 0 0 0 0 0 0 0 0 0 0 0
0 0 0 0 0 0 0 0 0 0 0 0 0 0 0 0 0 0 0 0 0 0 0 0 0 0 0 0 0 0 0 0 0 0 0 0 0 0 0 0 0 0 0 0 0 0 0 0 0 0
0 0 0 0 0 0 0 0 0 0 0 0 0 0 0 0 0 0 0 0 0 0 0 0 0 0 0 0 0 0 0 0 0 0 0 0 0 0 0 0 0 0 0 0 0 0 0 0 0 0
0 0 0 0 0 0 0 0 0 0 0 0 0 0 0 0 0 0 0 0 0 0 0 0 0 0 0 0 0 0 0 0 0 0 0 0 0 0 0 0 0 0 0 0 0 0 0 0 0 0
0 0 0 0 0 0 0 0 0 0 0 0 0 0 0 0 0 0 0 0 0 0 0 0 0 0 0 0 0 0 0 0 0 0 0 0 0 0 0 0 0 0 0 0 0 0 0 0 0 0
0 0 0 0 0 0 0 0 0 0 0 0 0 0 0 0 0 0 0 0 0 0 0 0 0 0 0 0 0 0 0 0 0 0 0 0 0 0 0 0 0 0 0 0 0 0 0 0 0 0
0 0 0 0 0 0 0 0 0 0 0 0 0 0 0 0 0 0 0 0 0 0 0 0 0 0 0 0 0 0 0 0 0 0 0 0 0 0 0 0 0 0 0 0 0 0 0 0 0 0
0 0 0 0 0 0 0 0 0 0 0 0 0 0 0 0 0 0 0 0 0 0 0 0 0 0 0 0 0 0 0 0 0 0 0 0 0 0 0 0 0 0 0 0 0 0 0 0 0 0
0 0 0 0 0 0 0 0 0 0 0 0 0 0 0 0 0 0 0 0 0 0 0 0 0 0 0 0 0 0 0 0 0 0 0 0 0 0 0 0 0 0 0 0 0 0 0 0 0 0
0 0 0 0 0 0 0 0 0 0 0 0 0 0 0 0 0 0 0 0 0 0 0 0 0 0 0 0 0 0 0 0 0 0 0 0 0 0 0 0 0 0 0 0 0 0 0 0 0 0
0 0 0 0 0 0 0 0 0 0 0 0 0 0 0 0 0 0 0 0 0 0 0 0 0 0 0 0 0 0 0 0 0 0 0 0 0 0 0 0 0 0 0 0 0 0 0 0 0 0
0 0 0 0 0 0 0 0 0 0 0 0 0 0 0 0 0 0 0 0 0 0 0 0 0 0 0 0 0 0 0 0 0 0 0 0 0 0 0 0 0 0 0 0 0 0 0 0 0 0
0 0 0 0 0 0 0 0 0 0 0 0 0 0 0 0 0 0 0 0 0 0 0 0 0 0 0 0 0 0 0 0 0 0 0 0 0 0 0 0 0 0 0 0 0 0 0 0 0 0
0 0 0 0 0 0 0 0 0 0 0 0 0 0 0 0 0 0 0 0 0 0 0 0 0 0 0 0 0 0 0 0 0 0 0 0 0 0 0 0 0 0 0 0 0 0 0 0 0 0
0 0 0 0 0 0 0 0 0 0 0 0 0 0 0 0 0 0 0 0 0 0 0 0 0 0 0 0 0 0 0 0 0 0 0 0 0 0 0 0 0 0 0 0 0 0 0 0 0 0
0 0 0 0 0 0 0 0 0 0 0 0 0 0 0 0 0 0 0 0 0 0 0 0 0 0 0 0 0 0 0 0 0 0 0 0 0 0 0 0 0 0 0 0 0 0 0 0 0 0
0 0 0 0 0 0 0 0 0 0 0 0 0 0 0 0 0 0 0 0 0 0 0 0 0 0 0 0 0 0 0 0 0 0 0 0 0 0 0 0 0 0 0 0 0 0 0 0 0 0
0 0 0 0 0 0 0 0 0 0 0 0 0 0 0 0 0 0 0 0 0 0 0 0 0 0 0 0 0 0 0 0 0 0 0 0 0 0 0 0 0 0 0 0 0 0 0 0 0 0
0 0 0 0 0 0 0 0 0 0 0 0 0 0 0 0 0 0 0 0 0 0 0 0 0 0 0 0 0 0 0 0 0 0 0 0 0 0 0 0 0 0 0 0 0 0 0 0 0 0
0 0 0 0 0 0 0 0 0 0 0 0 0 0 0 0 0 0 0 0 0 0 0 0 0 0 0 0 0 0 0 0 0 0 0 0 0 0 0 0 0 0 0 0 0 0 0 0 0 0
0 0 0 0 0 0 0 0 0 0 0 0 0 0 0 0 0 0 0 0 0 0 0 0 0 0 0 0 0 0 0 0 0 0 0 0 0 0 0 0 0 0 0 0 0 0 0 0 0 0
0 0 0 0 0 0 0 0 0 0 0 0 0 0 0 0 0 0 0 0 0 0 0 0 0 0 0 0 0 0 0 0 0 0 0 0 0 0 0 0 0 0 0 0 0 0 0 0 0 0
0 0 0 0 0 0 0 0 0 0 0 0 0 0 0 0 0 0 0 0 0 0 0 0 0 0 0 0 0 0 0 0 0 0 0 0 0 0 0 0 0 0 0 0 0 0 0 0 0 0
0 0 0 0 0 0 0 0 0 0 0 0 0 0 0 0 0 0 0 0 0 0 0 0 0 0 0 0 0 0 0 0 0 0 0 0 0 0 0 0 0 0 0 0 0 0 0 0 0 0
0 0 0 0 0 0 0 0 0 0 0 0 0 0 0 0 0 0 0 0 0 0 0 0 0 0 0 0 0 0 0 0 0 0 0 0 0 0 0 0 0 0 0 0 0 0 0 0 0 0
>numMutationCategories:
1
>numSelectionCategories:
1
>categoryProbabilities:
1 
>selectionIsInMixture:
***
0 
>mutationIsInMixture:
***
0 
>obsPhiSets:
0
>currentSynthesisRateLevel:
***
0.618437 0.619254 0.934189 1.64397 0.742284 3.78267 0.272599 0.861515 0.479479 0.508809
0.344478 0.55453 0.468328 1.07561 1.62733 0.458722 0.927443 0.376134 1.25356 0.451096
0.419437 0.751785 0.89567 0.431422 0.168421 1.32875 0.784162 0.346793 0.450849 1.21139
0.737858 0.282023 0.3418 0.455369 0.867422 0.905431 0.752715 1.1248 2.02603 1.22046
0.545065 1.18098 2.54245 0.544008 3.03651 1.26749 1.36391 2.18865 1.64062 0.834111
1.10434 2.09761 0.740653 0.490103 0.750925 0.6126 1.10809 1.10283 0.665682 0.245587
0.452814 0.622765 0.580875 0.646064 3.15475 1.49059 3.23525 1.64202 1.30318 0.300317
0.455239 0.98896 1.18789 1.37302 0.703584 0.142062 0.510269 0.587186 1.22196 0.424505
1.72646 0.232117 0.673069 1.15504 1.21306 1.16109 0.781656 0.875061 1.14521 0.970672
1.38138 0.545637 0.408986 1.25641 0.739591 1.09094 0.458964 1.04673 0.684078 0.674716
0.775235 2.09985 1.3484 0.399494 1.30734 0.380417 1.76551 0.36859 0.702113 0.613201
0.527236 1.5611 0.407289 0.493551 0.302746 0.536096 0.879205 1.10493 1.80131 0.786688
0.560507 0.769355 0.735755 1.3518 0.381809 0.272094 1.20795 1.4198 2.4121 0.86123
0.33942 0.962059 0.99507 0.387562 0.530316 1.0372 1.79399 1.99517 1.04514 0.815131
0.828085 0.380854 0.654889 1.32299 1.21517 1.33515 0.533127 1.86336 0.702819 0.525607
0.620311 1.6927 0.657603 0.476574 0.220385 1.35717 0.748829 0.439667 0.645472 0.436318
2.25612 0.818352 0.747617 0.689928 1.73173 1.09866 0.758403 0.661145 0.874705 1.31769
1.0602 0.269546 0.312375 1.3155 0.767916 0.538028 0.844527 1.13727 0.423169 0.26911
0.626733 0.713165 0.851062 1.89256 0.737413 0.81617 0.750361 1.47832 0.826189 0.357905
0.590728 1.3087 0.740762 1.04088 0.410017 0.242253 0.86356 0.307518 0.790637 1.14391
1.76722 0.258699 0.47965 0.667599 2.28547 0.184665 0.599006 1.3677 0.69208 0.614196
0.687261 1.16974 0.475265 0.570559 1.59574 0.979695 0.746967 0.547999 0.61762 0.797884
0.739617 0.227913 1.42176 0.18512 1.54032 0.68746 0.361841 1.44692 0.930323 0.385581
0.521844 0.345768 0.440606 0.337409 1.25236 0.201101 0.512119 0.36569 0.982512 3.68415
0.955663 1.69976 1.98404 2.06551 0.792692 1.0126 1.68266 0.517331 1.03532 0.427552
1.05325 2.61869 1.89542 1.88903 0.280946 0.627075 0.733701 0.936483 0.393857 1.19871
0.86267 0.127252 0.532671 0.406195 0.444106 0.299785 0.287805 0.909008 1.79402 0.498462
0.983256 1.40162 0.656137 0.808387 0.415411 0.920108 0.516407 0.383946 0.731019 0.437091
0.692694 4.40817 3.22491 1.55796 0.862218 1.82831 1.09824 1.81082 0.716312 0.558835
0.492673 0.513786 0.401862 0.314916 1.80824 1.31702 0.806813 0.383335 0.773218 0.649815
0.605648 0.462727 0.718534 0.253536 0.661941 1.6771 3.6034 0.242677 0.917811 1.42179
0.766276 2.41127 0.346796 0.811278 1.48656 1.62524 0.724832 1.30676 2.08478 1.15358
1.68826 0.945561 0.381281 1.00097 3.56219 0.807114 0.92719 0.370656 0.534818 0.302551
0.186201 0.885177 0.733896 0.762385 0.934461 0.838419 1.7455 1.25337 0.671244 0.70601
1.35052 0.829776 1.09951 0.442505 1.53562 0.723254 0.209519 0.882068 0.464964 0.328859
1.10731 0.49675 1.98752 0.851085 1.24808 0.892489 0.945163 0.953454 0.610235 1.48331
1.66232 0.637974 1.26676 1.03716 0.672488 0.993675 0.477984 1.06268 3.08818 0.87647
1.13538 1.63803 0.277455 0.247146 1.04517 0.792525 0.433465 0.484676 0.74226 1.45932
2.63388 0.815469 0.436585 1.57221 2.18575 2.28434 1.99075 0.460253 0.660766 0.527118
1.64937 0.542867 0.476865 1.58433 1.63498 0.680389 0.815946 1.10503 1.58863 0.769387
0.756159 1.10434 1.57603 0.55184 1.12568 1.03756 3.40223 1.26709 0.375031 0.525419
0.413075 0.55617 1.03542 0.551326 1.52713 1.17613 0.963226 1.20979 0.539304 0.389432
0.994393 1.055 0.464651 0.650025 0.338641 0.31435 0.475311 0.733353 0.327956 0.371024
0.61511 0.265566 0.567804 0.295548 0.525017 0.539423 0.878 1.71486 1.29612 2.20656
0.44013 1.67151 0.414333 0.838346 0.719318 0.415535 2.0709 0.28433 0.438636 0.271195
0.279907 0.393372 0.314695 0.275497 0.272005 0.46807 3.92188 1.22163 0.778498 0.840751
0.400853 1.51464 0.68343 1.46783 1.20244 0.828768 1.70934 1.13314 1.11487 0.852853
0.228522 1.49401 0.775925 2.94796 0.321941 0.56048 0.649888 1.12472 1.75776 0.711472
1.1572 0.974579 1.19708 0.84019 1.3232 1.26198 0.958482 1.10746 2.05781 0.831892
0.51274 1.37494 1.86432 1.57116 0.60162 1.14694 1.08483 0.363552 1.29253 0.728147
0.566849 0.606225 1.53606 0.169755 0.956111 0.799329 0.774952 0.26495 1.25302 2.88676
0.273924 0.74415 0.880757 0.32749 1.08314 0.253522 0.683961 0.89321 0.813652 0.495636
2.56984 1.00145 0.625397 2.22867 1.35949 1.73455 4.03732 1.61764 1.34183 4.09017
2.06338 0.647687 0.594326 0.582704 2.64832 0.912326 2.12102 0.466591 1.04284 1.63627
0.67768 1.16257 0.539983 0.415346 0.859717 0.459346 0.560559 0.683284 1.83086 0.218251
3.01845 2.49925 0.528623 0.410703 0.40348 1.78572 1.06123 0.44907 2.53342 1.08308
2.64746 0.860218 0.975335 0.735318 1.89253 0.67406 3.55187 0.364269 1.01118 0.59206
0.11559 0.463292 1.27306 0.625086 0.645629 0.517005 0.581372 0.795337 1.70941 0.707725
0.842936 0.193246 0.650416 0.348492 1.99977 0.593507 0.585607 0.16798 0.606315 1.26496
0.881935 0.84746 0.857165 0.43091 0.822073 0.762066 0.450609 0.852844 1.10158 0.483456
0.731629 3.49124 0.697512 1.14922 0.893988 1.6342 0.841147 0.26901 1.02165 2.2517
0.564492 0.644822 0.776701 0.781891 0.509759 0.547804 0.34897 0.381188 0.443157 0.928039
0.920834 1.10506 0.98016 0.595879 0.595363 0.645873 0.395827 0.372116 2.24661 0.706268
1.64362 0.540801 0.517074 0.325094 0.858562 0.774593 0.988581 1.11708 0.475328 0.465271
0.400186 0.932753 4.02666 0.984982 0.739781 1.37361 1.71584 0.530462 0.727638 0.800712
1.23649 2.12957 0.42013 0.43315 0.0896121 0.638717 0.798283 0.81069 0.479742 0.544502
1.76724 1.70326 1.733 4.2583 0.366321 1.17214 1.0261 0.65031 0.63036 1.12147
0.395762 1.12218 0.569956 0.720727 1.44428 0.823064 0.394114 0.63503 2.30467 0.475295
0.804643 1.26768 0.715996 0.898435 0.559892 1.72699 1.09285 0.639759 0.696663 0.192216
1.65451 1.45256 1.48541 1.07249 1.0876 1.04578 0.322087 0.771992 1.51207 0.466099
0.351105 1.60241 0.546976 0.582851 1.16765 0.478401 1.33356 0.599217 1.58398 0.419145
0.516047 0.479068 0.995937 0.43107 1.33723 0.65289 0.463079 0.954392 0.769268 0.199366
0.850143 2.12417 3.10607 0.313194 0.875037 0.870476 0.5875 0.460614 1.41655 1.05536
1.47493 3.1624 1.2315 1.2348 0.309444 0.952476 0.581061 0.744189 0.149169 0.87824
1.83323 0.872829 1.07507 0.421047 0.99965 0.311726 0.517443 1.14485 0.449538 1.02678
1.88626 0.499381 0.604884 0.391257 0.693099 0.684784 2.12059 1.75077 0.814426 0.656569
1.49709 1.87328 0.440292 0.565811 1.40619 0.191312 0.747433 0.917566 0.218416 1.12394
1.37467 0.470186 0.787822 1.17255 0.659103 0.871697 0.894491 0.231057 0.514821 2.56775
0.318585 0.453298 0.535419 0.888455 2.48988 0.644183 1.036 2.66975 1.90087 1.1613
1.0394 2.68922 1.4307 0.723515 0.358567 0.770905 1.37986 1.02297 0.503555 0.219714
0.767964 0.545391 0.951445 1.22899 1.55697 0.405463 0.550518 2.17451 0.434375 0.626949
1.75258 2.2525 0.682845 0.519552 0.452825 2.92885 0.473453 1.19037 0.495827 0.242054
1.27911 0.964776 0.274185 0.843906 2.30216 0.760436 0.333643 1.21746 0.309296 0.460389
1.16644 0.29778 0.443585 0.592807 0.995468 0.611338 1.13998 1.20526 0.408005 0.67483
4.38458 0.914399 0.288395 2.91435 0.358323 1.94045 0.243233 1.63571 0.40055 3.84567
1.0936 0.426676 1.15025 0.244915 0.650852 0.927026 1.12071 0.712459 0.645935 0.538928
2.44197 1.4578 0.525285 0.828022 1.70909 0.36416 1.2296 0.868924 0.843985 0.799077
1.73481 0.913792 0.916922 1.09297 0.397222 0.730654 0.416911 1.46311 0.802697 0.500913
0.295099 1.26302 0.515289 0.772215 0.828267 1.11244 1.14382 0.340678 0.733487 0.351073
0.396 3.7032 0.989093 0.738792 0.606417 0.584407 0.331477 0.345777 1.46434 0.936827
1.72631 0.635347 1.59686 1.13982 0.845846 0.821551 1.07874 0.547378 0.958691 0.488403
0.653473 0.810579 1.25745 0.851401 1.02828 0.767569 1.05802 1.08411 0.635251 1.00567
1.65017 0.599207 0.535468 0.720343 0.620137 0.275281 0.983634 1.09724 0.339441 0.568726
1.39906 1.37548 0.59259 1.64371 1.06134 0.538053 0.85487 1.15605 0.345316 1.30938
2.58946 0.562473 0.688332 1.92645 0.923803 0.719017 0.263686 0.323352 0.698076 0.639747
1.48184 0.73462 0.321163 0.245766 1.06944 0.884303 0.895607 0.858739 1.10545 0.610179
1.25457 1.00342 1.56242 1.15469 1.60091 0.365361 0.809839 0.273454 0.913212 0.642456
0.211289 0.784029 0.767838 0.646948 0.427153 3.12859 0.301331 1.04134 0.962126 0.985945
0.550979 0.847575 1.28106 0.904593 0.35762 1.13126 1.00165 0.588149 1.13622 0.211295
0.672548 0.389874 2.0396 1.03123 0.294486 0.797444 0.919216 0.431389 0.203807 1.13603
0.71796 0.521989 0.54211 0.71095 0.27528 0.696069 1.69891 1.94285 0.613553 0.539481
1.993 1.02948 0.458806 0.456773 0.862934 0.76661 0.681237 3.6435 0.656124 0.37719
1.86271 1.221 2.21828 1.76985 2.53722 1.29603 0.500594 0.870421 1.22172 0.757299
1.01662 0.551583 0.294882 0.719212 0.644554 1.31719 0.60072 0.71073 0.462747 0.0719496
2.49875 0.978012 0.964764 0.783807 0.887956 0.807068 0.373526 1.81132 0.780442 0.251727
0.573939 0.62885 0.289613 0.290072 1.10432 3.44625 0.766977 0.810842 0.681938 0.377997
0.306435 1.35338 4.54136 0.58424 0.482977 0.901747 0.504099 0.618434 0.258648 0.884412
0.949473 1.26899 0.223184 0.392951 4.17415 0.273678 0.547487 0.610416 0.447057 1.03013
0.701127 0.631441 0.649118 1.36419 1.15078 0.731849 0.578227 0.406831 0.358895 0.572148
1.86809 0.839001 0.829235 0.485913 1.21787 2.87417 0.29692 0.61108 0.966717 1.83766
0.265155 0.313584 0.538073 1.70168 1.10423 0.2216 0.723256 1.08151 0.435089 0.802707
1.0133 1.27578 0.343332 0.414801 1.26043 0.887877 0.512327 0.826213 0.302596 0.623447
0.641185 1.05227 0.318479 1.59045 0.870655 0.410066 0.937413 0.445678 0.685618 2.72053
1.03513 0.29159 0.250041 0.488415 1.67262 0.199436 0.510561 0.809251 0.86241 0.298469
0.885903 1.35828 1.36366 1.01036 1.59492 0.790726 0.341682 0.455928 1.21882 1.68684
0.6479 1.51317 0.829282 1.85399 0.990646 0.584312 0.885385 0.907305 0.889154 1.60394
0.777932 0.405607 0.490302 2.14397 0.653437 4.38717 1.08505 0.285775 2.24601 1.90432
0.925937 1.11513 1.1598 0.969872 1.50676 0.880887 0.937323 0.439674 0.862104 1.14913
0.820285 1.88344 0.402514 1.32976 0.390628 1.00122 1.54471 0.238478 0.833438 1.11229
0.260689 0.236635 0.679018 0.217898 0.680029 0.884087 1.2672 1.16646 1.42492 0.563328
1.1322 1.23647 1.73348 0.827677 0.775063 0.463786 0.555941 0.447156 0.689992 0.55467
1.44869 0.0940137 1.12267 1.41921 0.624904 0.815073 0.612543 1.31619 2.5095 1.35413
0.496718 1.06114 0.989942 1.00231 0.247884 0.241884 0.846762 0.525883 1.17282 0.492187
2.42827 0.558435 0.622154 2.50353 1.66216 0.248588 0.425001 0.367565 1.3781 2.1911
0.257868 1.15794 1.82365 0.836133 1.30061 0.789549 0.996148 1.05807 2.40311 0.903762
0.844659 1.50165 0.307507 1.71235 1.15837 0.936862 0.91538 0.951901 0.990997 2.10646
1.96999 1.38256 1.02832 1.65061 1.12247 0.81202 0.964363 0.684961 2.79696 1.03433
0.669056 0.521541 0.540626 0.884153 1.1931 0.465945 0.372632 0.627181 0.599698 0.995775
1.31021 2.50403 1.02096 1.0464 0.653705 1.41178 0.985973 1.00756 1.78915 1.04448
1.41468 1.37264 0.60929 4.48373 1.04138 1.95113 2.67791 1.16509 0.701716 0.968284
1.1911 1.06185 1.2962 0.492888 0.787711 1.32224 0.945178 0.986232 1.11146 1.79415
1.30342 1.6206 1.86486 0.428948 0.856665 1.90801 0.916581 1.19071 1.34595 0.559417
0.249324 0.805428 1.03189 0.943034 0.933963 0.723832 0.781855 0.536905 0.59138 0.619489
1.37653 0.530737 0.604441 0.513895 0.641701 0.485825 1.23912 0.702376 0.914337 1.68601
0.726015 0.280691 0.469441 0.576515 0.36154 1.38662 1.43035 1.3206 2.02874 2.10918
0.645046 1.14473 0.79003 1.17199 0.723032 1.08222 1.8093 1.0203 2.10928 0.334268
1.15111 0.761178 0.432734 1.62088 2.01669 0.412005 0.577288 1.16053 0.622289 0.397292
0.886677 1.79147 1.37056 1.44246 0.945549 1.12768 0.933723 0.798354 0.807405 0.70984
2.29516 1.29037 0.94605 1.15157 0.433927 0.656188 1.299 2.78207 0.539532 0.741344
0.459945 0.674558 1.59112 1.15486 0.737491 0.426404 0.247124 0.558056 0.567021 2.15699
0.544086 1.00787 1.36792 0.683562 0.543526 1.37039 1.98069 2.1696 0.528739 0.947352
0.680735 0.843708 0.762276 1.89033 0.342803 0.992169 2.11909 0.676704 0.6439 0.734701
0.448923 0.458204 3.18268 1.43328 0.833564 0.477036 1.30404 0.845721 0.944145 0.679239
1.3643 0.654273 0.401468 0.264365 0.334031 1.82486 1.40568 1.22057 0.877131 0.774632
0.42122 0.492274 3.53114 0.226583 0.770718 0.688618 0.489525 0.360978 0.250222 0.685154
1.28846 1.22841 0.794469 0.790787 1.01685 0.801962 2.92381 0.546542 0.943407 0.732793
0.837197 2.60793 0.360857 2.64614 1.18465 0.859683 1.73605 0.455315 1.92718 0.521735
0.959224 2.01712 1.10588 0.497235 0.643146 0.855285 0.749153 1.45429 1.52328 1.2949
0.352506 1.9082 1.94527 1.39505 1.51324 0.965492 0.85937 0.991526 0.284845 0.885803
0.309894 0.718542 1.0961 0.880763 0.758045 0.370488 1.125 0.9191 0.684211 1.3435
>noiseOffset:
>observedSynthesisNoise:
>std_NoiseOffset:
>mutation_prior_mean:
***
0 0 0 0 0 0 0 0 0 0
0 0 0 0 0 0 0 0 0 0
0 0 0 0 0 0 0 0 0 0
0 0 0 0 0 0 0 0 0 0
>mutation_prior_sd:
***
0.35 0.35 0.35 0.35 0.35 0.35 0.35 0.35 0.35 0.35
0.35 0.35 0.35 0.35 0.35 0.35 0.35 0.35 0.35 0.35
0.35 0.35 0.35 0.35 0.35 0.35 0.35 0.35 0.35 0.35
0.35 0.35 0.35 0.35 0.35 0.35 0.35 0.35 0.35 0.35
>std_csp:
0.1 0.1 0.1 0.1 0.1 0.1 0.1 0.1 0.1 0.1
0.1 0.1 0.1 0.1 0.1 0.1 0.1 0.1 0.1 0.1
0.1 0.1 0.1 0.1 0.1 0.1 0.1 0.1 0.1 0.1
0.1 0.1 0.1 0.1 0.1 0.1 0.1 0.1 0.1 0.1
>currentMutationParameter:
***
-0.433174 1.08798 0.745251 0.724507 1.13234 -1.22666 0.811081 -0.706833 0.676265 0.673989
0.987304 0.333546 1.18606 -1.33528 0.459563 1.0071 0.673522 0.201285 -0.31549 1.04296
-0.404987 0.85409 0.366663 -0.879592 -0.976963 0.169238 -0.874997 0.980215 0.140003 -0.494681
0.904874 0.519862 -0.393187 1.24798 0.767795 0.33474 1.03736 0.567319 0.904257 0.914355
>currentSelectionParameter:
***
0.604866 -0.415683 0.293482 -0.566438 -0.375005 0.715634 -0.960925 -0.377804 -0.169902 0.178076
-0.55543 1.1642 -0.68162 0.98216 0.565159 -0.655347 -0.145584 -0.259135 1.40084 -0.611709
-0.704367 -0.196962 -0.424166 0.166242 0.586705 0.980061 0.872414 -0.200736 0.726622 0.35888
-0.449494 -0.189098 0.413767 -0.633265 0.0436966 0.680277 -0.44492 -0.0644341 -0.7054 -0.653147
>covarianceMatrix:
A
0.000432787	2.46875e-05	3.23062e-05	-0.000269429	3.76497e-05	7.02584e-05	
2.46875e-05	0.000388686	0.000168217	3.93434e-05	-0.00021023	-5.5335e-05	
3.23062e-05	0.000168217	0.000451805	3.49907e-05	-0.000107896	-0.000167681	
-0.000269429	3.93434e-05	3.49907e-05	0.000264299	-3.67159e-05	-6.35602e-05	
3.76497e-05	-0.00021023	-0.000107896	-3.67159e-05	0.000230363	9.70142e-05	
7.02584e-05	-5.5335e-05	-0.000167681	-6.35602e-05	9.70142e-05	0.000218118	
***
>covarianceMatrix:
C
0.00195916	-0.00143451	
-0.00143451	0.00152987	
***
>covarianceMatrix:
D
0.000805426	-0.000545963	
-0.000545963	0.000551598	
***
>covarianceMatrix:
E
0.000642324	-0.000420423	
-0.000420423	0.000378342	
***
>covarianceMatrix:
F
0.00144877	-0.00141256	
-0.00141256	0.00171188	
***
>covarianceMatrix:
G
0.00046608	0.000220942	0.00028166	-0.000329231	-0.000133785	-0.000172236	
0.000220942	0.000786902	1.59481e-05	-0.000177658	-0.000344577	2.71111e-05	
0.00028166	1.59481e-05	0.00129368	-0.000215961	3.23754e-05	-0.000764723	
-0.000329231	-0.000177658	-0.000215961	0.000394239	0.000240159	0.000231865	
-0.000133785	-0.000344577	3.23754e-05	0.000240159	0.000370792	5.85857e-05	
-0.000172236	2.71111e-05	-0.000764723	0.000231865	5.85857e-05	0.000635697	
***
>covarianceMatrix:
H
0.00182509	-0.0011975	
-0.0011975	0.00116049	
***
>covarianceMatrix:
I
0.000650426	1.52246e-05	-0.000486989	2.22117e-05	
1.52246e-05	0.000518987	8.17923e-06	-0.000337389	
-0.000486989	8.17923e-06	0.000646492	-9.25213e-05	
2.22117e-05	-0.000337389	-9.25213e-05	0.000341695	
***
>covarianceMatrix:
K
0.000561531	-0.000372877	
-0.000372877	0.000352894	
***
>covarianceMatrix:
L
0.000339395	-4.32857e-05	1.75361e-05	-5.11217e-05	-7.536e-05	-0.000200518	6.69998e-06	-4.26937e-05	4.50105e-05	0.000102251	
-4.32857e-05	0.00014383	6.12388e-05	5.21264e-05	9.1483e-05	6.88687e-05	-4.12737e-05	-2.27889e-05	-9.3616e-06	-3.74708e-05	
1.75361e-05	6.12388e-05	0.000285596	4.19435e-05	5.42536e-05	8.05325e-05	-2.20076e-05	-0.000179895	-6.01912e-06	-4.95905e-05	
-5.11217e-05	5.21264e-05	4.19435e-05	0.000108902	8.47047e-05	6.83548e-05	-1.37419e-05	-3.48871e-05	-2.71608e-05	-3.16896e-05	
-7.536e-05	9.1483e-05	5.42536e-05	8.47047e-05	0.000246228	0.000180171	-5.17915e-05	-6.03005e-05	-1.56273e-05	-0.000105741	
-0.000200518	6.88687e-05	8.05325e-05	6.83548e-05	0.000180171	0.000292575	-2.73075e-05	-3.48729e-05	-2.38823e-05	-0.000130337	
6.69998e-06	-4.12737e-05	-2.20076e-05	-1.37419e-05	-5.17915e-05	-2.73075e-05	5.33605e-05	3.38954e-05	1.62339e-05	1.98589e-05	
-4.26937e-05	-2.27889e-05	-0.000179895	-3.48871e-05	-6.03005e-05	-3.48729e-05	3.38954e-05	0.000203924	8.94166e-06	3.60572e-05	
4.50105e-05	-9.3616e-06	-6.01912e-06	-2.71608e-05	-1.56273e-05	-2.38823e-05	1.62339e-05	8.94166e-06	2.91369e-05	1.68564e-05	
0.000102251	-3.74708e-05	-4.95905e-05	-3.16896e-05	-0.000105741	-0.000130337	1.98589e-05	3.60572e-05	1.68564e-05	0.000100489	
***
>covarianceMatrix:
N
0.000809291	-0.000609211	
-0.000609211	0.000662363	
***
>covarianceMatrix:
P
0.000876588	0.000564368	0.000329969	-0.000652754	-0.000353618	-0.000208254	
0.000564368	0.000900743	0.000167381	-0.000488347	-0.000502446	-0.000139963	
0.000329969	0.000167381	0.000470922	-0.000169332	-7.111e-05	-0.000164195	
-0.000652754	-0.000488347	-0.000169332	0.000703064	0.000382171	0.000246515	
-0.000353618	-0.000502446	-7.111e-05	0.000382171	0.000467196	9.57333e-05	
-0.000208254	-0.000139963	-0.000164195	0.000246515	9.57333e-05	0.000203963	
***
>covarianceMatrix:
Q
0.000946885	-0.000533654	
-0.000533654	0.000513536	
***
>covarianceMatrix:
R
0.000513123	0.000293957	3.6917e-05	-1.56784e-05	-0.000191926	-0.000350466	-8.08185e-05	3.7949e-05	0.000102494	0.000274837	
0.000293957	0.000660816	6.43421e-05	3.7014e-06	-0.000223081	-0.000220231	-0.000281347	-6.2625e-06	6.15801e-05	0.000163925	
3.6917e-05	6.43421e-05	0.000165516	7.8789e-05	4.2752e-05	-3.70886e-06	-1.6279e-05	-7.78594e-05	-2.03429e-05	-6.25826e-05	
-1.56784e-05	3.7014e-06	7.8789e-05	0.000269043	7.95382e-05	3.38397e-05	3.53884e-05	-8.15316e-05	-0.000115011	-0.000137566	
-0.000191926	-0.000223081	4.2752e-05	7.95382e-05	0.000350411	0.00022688	0.000171066	-4.29529e-05	-4.70091e-05	-0.000195279	
-0.000350466	-0.000220231	-3.70886e-06	3.38397e-05	0.00022688	0.000352785	0.000158358	-1.04046e-08	-3.12644e-05	-0.000206137	
-8.08185e-05	-0.000281347	-1.6279e-05	3.53884e-05	0.000171066	0.000158358	0.000293156	1.1763e-05	3.07883e-06	-4.60953e-05	
3.7949e-05	-6.2625e-06	-7.78594e-05	-8.15316e-05	-4.29529e-05	-1.04046e-08	1.1763e-05	0.000114247	8.15483e-05	0.000100131	
0.000102494	6.15801e-05	-2.03429e-05	-0.000115011	-4.70091e-05	-3.12644e-05	3.07883e-06	8.15483e-05	0.000147849	0.000153219	
0.000274837	0.000163925	-6.25826e-05	-0.000137566	-0.000195279	-0.000206137	-4.60953e-05	0.000100131	0.000153219	0.000322274	
***
>covarianceMatrix:
S
0.000367869	0.000172594	0.000170365	-0.000260451	-6.00699e-05	-7.62985e-05	
0.000172594	0.000383025	0.000171825	-0.000154634	-0.000157479	-0.000100309	
0.000170365	0.000171825	0.000372987	-0.000106412	-4.66057e-05	-0.000182052	
-0.000260451	-0.000154634	-0.000106412	0.000315896	0.000139855	0.00010054	
-6.00699e-05	-0.000157479	-4.66057e-05	0.000139855	0.000199108	0.000109864	
-7.62985e-05	-0.000100309	-0.000182052	0.00010054	0.000109864	0.000203538	
***
>covarianceMatrix:
T
0.000415287	0.000304387	0.000204562	-0.000282094	-0.000170722	-0.0001133	
0.000304387	0.000765256	0.00028607	-0.000172331	-0.000397365	-0.0002219	
0.000204562	0.00028607	0.00058229	-0.000128163	-0.00020209	-0.000320803	
-0.000282094	-0.000172331	-0.000128163	0.00030067	0.000124794	7.99298e-05	
-0.000170722	-0.000397365	-0.00020209	0.000124794	0.000286239	0.000184826	
-0.0001133	-0.0002219	-0.000320803	7.99298e-05	0.000184826	0.000295257	
***
>covarianceMatrix:
V
0.000541061	-1.64168e-05	8.51136e-05	-0.00032997	4.33057e-05	-4.91166e-05	
-1.64168e-05	0.000549026	0.000127103	5.02387e-05	-0.000251703	-4.30138e-05	
8.51136e-05	0.000127103	0.000344711	1.40751e-05	-4.72947e-05	-0.000173751	
-0.00032997	5.02387e-05	1.40751e-05	0.000460909	1.08276e-05	3.94874e-05	
4.33057e-05	-0.000251703	-4.72947e-05	1.08276e-05	0.000226132	4.56403e-05	
-4.91166e-05	-4.30138e-05	-0.000173751	3.94874e-05	4.56403e-05	0.000175678	
***
>covarianceMatrix:
Y
0.00124325	-0.00101204	
-0.00101204	0.0011422	
***
>covarianceMatrix:
Z
0.00196338	-0.00156831	
-0.00156831	0.00186093	
***
