>groupList:
A C D E F G H I K L
N P Q R S T V Y Z 
>stdDevSynthesisRate:
0.625585 
>numParam:
40
>numMixtures:
1
>std_stdDevSynthesisRate:
0.0735251
>std_phi:
***
1.58896 0.915132 0.879934 0.400518 0.500646 0.356055 1.42988 1.05761 0.625807 1.14391
1.01693 0.879935 1.05762 0.462875 0.578593 0.915137 1.71862 0.84609 0.609113 1.01693
1.3749 1.14391 0.78226 0.940218 1.3749 1.42988 0.563159 1.65254 0.879935 0.385112
0.520671 1.39175 1.09992 1.18967 0.563159 0.541499 0.650839 0.400517 0.520671 0.782262
1.18967 0.520671 0.256331 0.879936 0.333228 0.752172 0.433199 0.346559 0.563158 0.658815
0.813546 0.813549 0.601737 1.37489 0.541499 0.761391 0.541497 1.9098 1.73967 1.65252
1.18967 0.703949 0.82352 0.541498 0.151675 0.284847 0.416536 0.846088 0.703949 0.703948
1.42989 0.940214 0.823519 0.48729 0.81355 1.65252 1.33822 1.3749 0.940211 0.823518
1.14391 1.3749 0.791847 1.18967 1.18968 0.78226 1.14392 0.500645 0.33323 0.676872
0.520672 0.500645 0.601738 0.585684 0.989811 1.6525 1.32202 0.625806 0.915132 1.01693
1.09992 0.194789 0.445072 1.18966 0.29987 0.846094 0.846092 1.05761 1.05762 0.846092
0.703947 0.30809 1.32202 0.977818 1.09991 1.67276 0.520672 0.520671 0.400515 0.585683
0.915136 0.578593 1.0576 0.650839 1.32201 1.23725 0.3703 0.732104 0.416537 0.578593
2.32359 1.14392 0.263356 1.32202 1.52784 0.989802 0.676873 0.3703 0.951738 1.09992
1.05761 1.54658 1.54656 0.633476 0.541497 0.563158 1.09991 0.433199 1.54656 1.4871
1.17526 0.400518 1.27117 1.09991 1.17527 0.625805 1.23726 0.951748 1.14392 1.3749
0.977818 0.915135 0.578595 1.18967 0.48139 0.520671 1.3749 0.732105 0.782257 0.823518
0.520672 1.32201 1.28675 0.563158 0.732105 0.650839 0.50678 0.846091 1.05761 1.85885
1.46909 0.761391 0.761393 0.411494 0.625806 1.1134 0.633476 0.601736 0.676874 1.18967
1.35825 0.977825 0.585687 0.450527 1.32202 1.48709 0.703946 1.42989 1.0294 1.0294
0.273891 1.13006 1.18967 1.07057 0.284845 1.65252 0.879934 0.346559 0.915135 0.915125
1.37489 0.385112 1.33821 0.915129 0.416537 0.650838 1.01693 0.989802 1.4299 0.732105
0.951732 1.60844 0.601737 1.48708 0.48139 0.915133 1.42989 0.563158 1.65252 1.18967
1.01693 1.4299 1.48709 0.732108 0.782257 1.48708 1.00462 2.09097 0.846093 0.342364
0.761395 0.385114 0.481391 0.782257 0.703946 0.813549 0.823521 0.703945 1.05761 0.732101
1.0294 0.823516 0.601736 0.333229 1.32202 0.782258 1.4299 0.752171 1.71861 0.385112
0.791846 1.60844 1.18967 1.4299 1.3749 1.18967 1.09992 0.95174 0.30436 0.989813
0.48139 0.951733 0.541497 0.904049 2.41654 0.65084 1.37491 1.54658 1.14391 1.02939
0.879935 0.227876 0.246472 0.703946 0.500647 0.703948 0.585685 0.732105 0.5415 0.879934
0.879937 0.940215 1.23725 1.3749 0.416538 0.4332 0.48139 1.58896 0.633476 1.09992
0.703948 1.09991 0.732105 1.85885 0.791847 0.601738 0.30809 0.951731 0.541498 0.416538
0.951739 0.189594 1.14391 0.846092 0.703947 0.879933 1.54658 0.915125 0.609112 0.462877
0.468547 0.951738 1.22227 0.723242 0.30436 1.67277 0.676873 1.01693 0.601736 1.05761
1.39174 1.18967 0.879929 1.09992 0.977824 0.48139 0.703949 1.23728 0.585684 1.05762
0.585686 1.05761 1.32201 1.27117 1.08661 0.904049 1.80926 0.989802 1.18966 1.54658
0.400516 1.9862 0.500645 0.385113 0.527053 0.625808 1.48708 0.977827 1.14392 0.732106
0.915133 1.23726 1.09991 1.4299 0.951747 0.703947 0.846094 0.337315 0.346559 0.977824
0.400517 0.977824 0.879938 1.4299 0.450526 1.05761 1.33822 2.06566 0.385113 0.55634
0.450525 0.879935 1.32202 0.752173 0.601738 0.385112 0.703949 1.60843 1.71861 1.39174
0.723241 1.05762 1.3749 0.676873 0.601738 0.541499 1.18968 0.342363 0.457271 0.703947
1.60843 0.676874 0.791846 1.42989 0.791846 0.320414 0.500645 1.37489 1.4299 1.3749
1.18966 1.32202 0.601736 1.4871 0.761394 0.500646 1.22227 0.846091 0.676875 1.18969
0.879929 0.633476 1.14392 0.752169 1.67279 1.28674 1.18967 1.65253 1.18966 1.65252
1.14391 1.4299 0.703947 1.3749 1.85886 1.78737 1.32202 1.27117 1.48709 0.782252
0.989811 1.65251 1.02939 0.360421 0.695426 2.01053 0.87994 1.60845 1.22228 1.48709
1.54658 1.23727 1.22229 1.18968 1.48709 1.09992 0.416536 0.563158 0.65084 0.462875
1.48708 1.14392 0.650839 0.50678 0.3703 2.23422 0.320413 0.782258 0.33323 0.879935
1.93322 0.210683 0.356058 0.236992 1.60844 0.823517 0.940215 0.520672 0.541498 1.07058
0.52067 0.433199 0.989802 0.879935 0.782259 0.230671 0.541497 0.782256 0.433199 0.752172
0.846096 1.13006 0.329195 0.520673 2.01055 1.0294 0.55634 1.22228 0.761391 0.52067
1.23727 0.989808 1.05761 1.67277 0.846089 1.48708 0.609113 1.65251 0.65084 0.534941
1.58897 0.732106 0.752171 2.06565 0.951737 0.685166 0.915134 0.416537 0.650842 0.879929
0.33323 0.433197 1.28676 0.284846 0.723243 0.227877 0.416538 0.48729 0.904051 0.500645
0.609112 0.989799 1.54656 1.3749 0.168548 1.27117 0.752172 1.48709 0.951739 0.869272
0.389832 1.80927 0.84609 1.6525 0.703948 2.1746 1.71862 1.14392 0.601738 1.58895
0.541497 0.481389 1.09992 1.60843 1.05761 0.481389 0.676871 0.915124 0.520673 0.703947
1.28674 1.22227 0.650838 1.58896 0.487289 1.42989 0.78226 1.18967 0.658816 1.42989
1.33822 0.879932 0.541498 1.18967 1.18967 1.4299 1.27116 1.58896 0.703949 0.500645
0.703948 1.42989 0.813544 0.940213 0.534942 1.37491 0.650839 1.60843 0.433198 0.445071
1.18967 0.84609 0.416537 0.879938 0.385111 1.23725 1.58895 0.658815 1.28675 1.54656
1.4299 0.5415 0.85646 1.22228 1.23726 0.52067 0.723242 1.23726 0.416537 0.541498
0.782256 0.676872 1.14392 0.856459 1.28676 0.904053 1.42988 1.32202 0.915135 0.65084
0.462876 1.18967 0.989804 0.915133 1.28674 1.02941 1.71862 0.989803 0.585685 0.541497
0.846092 1.28675 1.05761 1.14392 0.703946 0.761393 0.346559 0.227877 0.846089 1.42988
1.17526 0.625807 0.676872 0.433197 0.703948 0.346559 0.385112 0.703949 0.578594 1.0294
0.703947 0.481392 1.46907 1.71863 1.42989 0.904052 0.879934 0.940222 1.48709 0.989792
0.433199 0.433198 0.416538 0.633477 1.18967 0.782259 0.370301 0.650837 0.650838 1.3749
1.48708 0.500645 1.01693 0.915141 0.25633 0.813549 1.48708 1.42988 1.01693 1.3749
1.14391 0.977822 1.01695 0.563159 1.33821 0.273892 0.625808 0.813546 0.732102 1.14391
0.4332 0.462876 0.48139 0.813549 1.65253 0.633477 1.60844 1.23726 0.400518 1.3749
0.813549 0.433199 0.915135 1.48708 0.370301 0.685165 0.563158 1.48708 0.752171 2.17459
0.823516 0.879928 0.370299 0.915131 0.846084 0.989801 2.23422 0.703948 0.761394 1.42989
1.23725 0.752173 0.320413 1.32202 1.28675 0.813552 1.37489 1.14391 0.601739 0.813549
0.650841 0.246472 1.18968 0.732108 1.09993 1.14392 0.520672 1.18966 1.48709 0.585684
0.370301 0.676874 0.703948 0.915129 0.541498 1.18967 1.28674 0.676873 1.27117 0.703948
0.520672 0.846087 0.940213 0.989817 0.676874 1.23725 0.256331 0.370302 1.39175 1.4299
0.541498 0.151674 1.44741 0.879935 1.17526 1.32203 0.703945 0.813551 1.14391 0.55634
0.360419 1.09991 0.752172 0.813541 2.09098 0.500646 0.782255 1.23725 1.18967 0.370301
1.54658 0.520672 1.32202 0.433199 0.676873 0.527051 0.879933 1.01693 1.46907 0.468548
0.732107 1.14392 0.703947 0.650839 1.22228 0.416538 0.578593 0.601737 1.48708 1.3749
0.732105 1.23726 1.05761 0.625807 0.308089 1.3749 0.915129 0.385111 1.32201 0.782262
0.75217 0.316534 0.732106 0.879941 1.32201 0.541498 1.60844 0.73211 1.18967 1.27117
0.433198 0.360422 2.01055 0.81355 0.433199 0.320413 0.869282 0.813549 1.65253 1.3749
0.625806 1.54656 0.67687 0.989803 0.84609 0.48139 0.578595 0.915127 1.71862 0.951733
0.227877 0.703947 1.32201 0.500645 1.54657 1.09992 1.02939 0.658815 1.71861 0.385112
0.625807 0.813546 0.468549 1.65251 1.01693 1.18966 0.585683 1.23725 0.752173 1.83636
0.48139 0.400517 1.23725 0.904051 0.450526 1.37489 0.462875 0.813546 0.668679 0.676873
0.541498 0.712575 1.09992 0.400517 0.915137 0.585684 2.3236 0.308089 0.585685 0.563158
2.14827 0.266584 0.977824 1.3749 0.601738 0.625806 0.732105 1.32201 0.703948 1.48709
1.37489 0.236992 0.427953 1.05761 0.951737 1.32201 0.650838 1.27116 0.48139 0.81355
0.385111 0.462876 2.2616 0.578593 1.33821 0.951736 0.791845 1.27117 0.791847 1.23726
0.951745 0.356057 1.71864 1.18967 0.703949 1.09992 0.761391 0.601736 0.846093 0.520672
0.625806 1.05761 0.782257 0.541497 1.14393 2.14828 0.346558 0.782257 1.09992 1.01693
0.342363 0.296239 0.81355 0.36042 0.625808 0.879938 1.48708 0.356057 1.32202 0.625806
0.462875 1.4299 1.48707 0.500646 0.416539 1.23726 1.09991 1.60843 1.33822 0.578593
0.370301 0.791847 1.27118 1.28674 0.625805 0.500645 0.356058 0.416537 0.27389 1.54658
0.462876 0.563157 2.32359 0.879935 1.09991 1.23726 0.977822 1.54656 0.676874 1.42989
1.09991 0.703946 1.09992 1.54657 1.28677 0.563158 0.989799 1.18967 0.879931 0.650841
0.563159 0.481389 0.520671 0.732107 1.4299 0.462875 1.37489 1.48709 0.333229 1.48709
0.782256 1.14392 0.462874 0.411494 2.01055 1.09992 0.752171 1.78737 1.54658 0.462876
1.18967 1.37491 0.79185 1.02939 1.23726 1.18968 0.823514 0.400515 0.915129 1.01693
0.320413 0.732105 1.09991 1.17526 0.520672 2.17461 0.450527 0.30809 1.85887 0.703949
0.462873 1.09991 0.481389 0.342363 0.520671 1.23726 1.28675 0.940214 0.445072 0.723241
0.904055 0.732101 1.67276 0.989802 1.02939 1.05762 0.940215 0.782257 1.93322 1.23726
0.676872 0.951733 0.468547 0.846091 1.71862 0.541497 1.85885 0.374838 0.650839 1.18967
1.23726 0.87994 1.3749 1.01693 0.676873 0.500645 0.650839 1.14391 1.08659 0.732103
1.48709 0.650837 0.256331 1.27118 0.879932 0.879932 0.823518 1.37489 1.78737 0.585685
1.39174 0.320414 1.78737 1.1134 0.462873 1.09991 1.14391 1.14392 1.05761 0.500645
0.625807 0.676873 0.723241 0.227878 0.846094 1.05761 0.703948 1.09992 0.813549 1.18966
0.534942 0.374837 1.09992 1.01694 0.3703 0.0933374 1.33821 0.813549 0.846091 0.433199
1.09992 1.54656 1.32202 0.601736 0.813549 1.05761 0.625806 0.879934 1.32202 0.951737
0.732105 0.227879 1.32201 1.27116 0.676873 0.65084 1.73967 0.803699 1.37489 1.3749
1.42989 0.951728 1.71862 0.30809 0.650838 1.14391 0.609112 1.14391 1.42989 0.951739
0.500646 1.48709 1.78738 1.3749 0.445073 1.60844 0.813547 1.7186 1.07057 1.42989
0.676874 0.703948 0.500645 0.356056 0.601739 1.58895 0.625807 1.54656 0.823519 0.462875
1.48708 0.813554 1.05762 0.263357 0.732105 0.846087 1.71863 0.578593 0.246472 1.22228
1.28674 1.32201 1.1439 0.400514 0.813548 0.266584 0.433198 0.989802 0.30809 0.761391
0.761391 1.3749 0.462874 0.462876 0.296241 1.09993 1.54658 1.42989 1.17527 0.500646
0.87993 0.65084 1.71863 0.433199 1.14391 0.65084 0.676873 1.85886 1.60844 0.468546
1.58896 1.23727 1.05761 1.48709 0.879936 1.28674 0.578592 0.520671 0.879934 1.14392
0.487291 0.601737 0.585683 0.468547 0.79184 1.42991 1.78737 1.78737 0.951739 0.813546
1.17527 1.4299 0.989799 0.246471 1.0999 0.70395 1.3749 0.676872 0.481389 0.563158
0.951735 0.81355 0.48139 0.520671 1.60845 1.46908 0.481389 1.3749 0.668678 0.940218
0.500644 0.940211 0.585685 0.782259 0.30809 1.27117 1.42988 1.33821 0.585684 0.481388
2.51318 0.520673 0.400516 0.333229 0.227877 0.732106 0.578595 0.761392 0.385111 0.782259
1.3749 0.462876 1.54658 0.427954 0.695425 0.578593 0.846088 0.481391 0.445072 0.813548
0.360421 0.676873 0.95173 0.374839 0.676872 1.27117 0.879934 0.72324 0.346558 0.951738
1.28674 1.78736 1.05761 1.28673 0.609113 1.32202 1.32202 0.782259 1.01693 0.732106
0.48139 0.633477 0.951737 0.703949 0.879929 0.34656 0.782258 1.71862 0.296239 0.76139
0.782258 0.676873 0.915132 0.541499 0.541497 0.277247 0.846091 0.296239 0.84609 0.520671
0.703947 1.05761 0.481389 0.79184 1.98621 0.813549 1.93322 0.782259 0.625807 0.346558
0.462875 0.360422 0.625807 1.32202 0.761391 0.462875 0.520673 0.3703 0.752172 0.541499
2.09098 0.650838 0.400516 0.676873 0.752174 0.732101 0.951737 0.951735 0.951738 0.703945
0.782259 1.85887 0.633476 1.85887 2.06566 0.95173 0.500645 2.32356 0.879937 0.703947
0.813548 1.85886 1.42988 1.58895 1.48708 0.308089 1.09992 1.01693 0.356059 0.650839
2.32359 0.578593 0.977822 0.263357 0.732107 0.87994 0.246471 1.23725 0.356058 0.989806
0.823524 0.676873 1.14391 0.342362 0.400516 0.915133 1.09992 0.481392 1.54658 1.27118
1.48709 0.541498 0.329194 0.205065 0.650839 0.676872 0.703942 0.427954 0.676872 1.18967
1.3749 0.752171 0.732105 0.813547 1.18968 1.9332 0.481391 0.541499 0.915131 0.869281
1.23727 0.676873 0.676872 0.578593 1.3749 2.09096 1.22227 1.09992 0.989803 0.563159
1.14391 0.846089 0.52067 0.625807 1.09992 0.296241 0.676875 0.650838 0.879938 1.78736
0.81355 1.07058 0.658819 0.284846 1.32201 0.813549 0.703946 0.782259 0.782265 0.732105
1.3749 1.48709 0.989808 0.450525 1.09992 0.87994 0.650841 0.650837 0.879929 0.556339
0.534942 1.33822 0.835844 1.28675 1.14391 0.416538 0.385111 0.676873 0.563159 0.791845
1.3749 0.951733 0.676872 1.4871 0.676872 0.650838 1.85885 1.0294 2.2342 0.695426
0.650839 0.500646 1.48708 1.11341 0.625807 0.813548 0.732105 0.813548 0.625806 0.752169
0.578593 0.676872 1.48708 0.468547 0.87994 0.625806 0.563157 0.94021 0.609113 0.977827
0.752171 0.732105 0.445072 1.33821 0.609112 0.732107 0.541497 0.3703 0.563158 0.450526
1.18968 0.585685 0.695425 0.427952 0.563158 0.650838 0.541498 0.416537 0.846094 1.09992
1.23726 1.22228 0.468547 0.732107 0.752171 1.05761 0.951741 0.915133 0.625806 0.520672
>categories:
0 0
>mixtureAssignment:
0 0 0 0 0 0 0 0 0 0 0 0 0 0 0 0 0 0 0 0 0 0 0 0 0 0 0 0 0 0 0 0 0 0 0 0 0 0 0 0 0 0 0 0 0 0 0 0 0 0
0 0 0 0 0 0 0 0 0 0 0 0 0 0 0 0 0 0 0 0 0 0 0 0 0 0 0 0 0 0 0 0 0 0 0 0 0 0 0 0 0 0 0 0 0 0 0 0 0 0
0 0 0 0 0 0 0 0 0 0 0 0 0 0 0 0 0 0 0 0 0 0 0 0 0 0 0 0 0 0 0 0 0 0 0 0 0 0 0 0 0 0 0 0 0 0 0 0 0 0
0 0 0 0 0 0 0 0 0 0 0 0 0 0 0 0 0 0 0 0 0 0 0 0 0 0 0 0 0 0 0 0 0 0 0 0 0 0 0 0 0 0 0 0 0 0 0 0 0 0
0 0 0 0 0 0 0 0 0 0 0 0 0 0 0 0 0 0 0 0 0 0 0 0 0 0 0 0 0 0 0 0 0 0 0 0 0 0 0 0 0 0 0 0 0 0 0 0 0 0
0 0 0 0 0 0 0 0 0 0 0 0 0 0 0 0 0 0 0 0 0 0 0 0 0 0 0 0 0 0 0 0 0 0 0 0 0 0 0 0 0 0 0 0 0 0 0 0 0 0
0 0 0 0 0 0 0 0 0 0 0 0 0 0 0 0 0 0 0 0 0 0 0 0 0 0 0 0 0 0 0 0 0 0 0 0 0 0 0 0 0 0 0 0 0 0 0 0 0 0
0 0 0 0 0 0 0 0 0 0 0 0 0 0 0 0 0 0 0 0 0 0 0 0 0 0 0 0 0 0 0 0 0 0 0 0 0 0 0 0 0 0 0 0 0 0 0 0 0 0
0 0 0 0 0 0 0 0 0 0 0 0 0 0 0 0 0 0 0 0 0 0 0 0 0 0 0 0 0 0 0 0 0 0 0 0 0 0 0 0 0 0 0 0 0 0 0 0 0 0
0 0 0 0 0 0 0 0 0 0 0 0 0 0 0 0 0 0 0 0 0 0 0 0 0 0 0 0 0 0 0 0 0 0 0 0 0 0 0 0 0 0 0 0 0 0 0 0 0 0
0 0 0 0 0 0 0 0 0 0 0 0 0 0 0 0 0 0 0 0 0 0 0 0 0 0 0 0 0 0 0 0 0 0 0 0 0 0 0 0 0 0 0 0 0 0 0 0 0 0
0 0 0 0 0 0 0 0 0 0 0 0 0 0 0 0 0 0 0 0 0 0 0 0 0 0 0 0 0 0 0 0 0 0 0 0 0 0 0 0 0 0 0 0 0 0 0 0 0 0
0 0 0 0 0 0 0 0 0 0 0 0 0 0 0 0 0 0 0 0 0 0 0 0 0 0 0 0 0 0 0 0 0 0 0 0 0 0 0 0 0 0 0 0 0 0 0 0 0 0
0 0 0 0 0 0 0 0 0 0 0 0 0 0 0 0 0 0 0 0 0 0 0 0 0 0 0 0 0 0 0 0 0 0 0 0 0 0 0 0 0 0 0 0 0 0 0 0 0 0
0 0 0 0 0 0 0 0 0 0 0 0 0 0 0 0 0 0 0 0 0 0 0 0 0 0 0 0 0 0 0 0 0 0 0 0 0 0 0 0 0 0 0 0 0 0 0 0 0 0
0 0 0 0 0 0 0 0 0 0 0 0 0 0 0 0 0 0 0 0 0 0 0 0 0 0 0 0 0 0 0 0 0 0 0 0 0 0 0 0 0 0 0 0 0 0 0 0 0 0
0 0 0 0 0 0 0 0 0 0 0 0 0 0 0 0 0 0 0 0 0 0 0 0 0 0 0 0 0 0 0 0 0 0 0 0 0 0 0 0 0 0 0 0 0 0 0 0 0 0
0 0 0 0 0 0 0 0 0 0 0 0 0 0 0 0 0 0 0 0 0 0 0 0 0 0 0 0 0 0 0 0 0 0 0 0 0 0 0 0 0 0 0 0 0 0 0 0 0 0
0 0 0 0 0 0 0 0 0 0 0 0 0 0 0 0 0 0 0 0 0 0 0 0 0 0 0 0 0 0 0 0 0 0 0 0 0 0 0 0 0 0 0 0 0 0 0 0 0 0
0 0 0 0 0 0 0 0 0 0 0 0 0 0 0 0 0 0 0 0 0 0 0 0 0 0 0 0 0 0 0 0 0 0 0 0 0 0 0 0 0 0 0 0 0 0 0 0 0 0
0 0 0 0 0 0 0 0 0 0 0 0 0 0 0 0 0 0 0 0 0 0 0 0 0 0 0 0 0 0 0 0 0 0 0 0 0 0 0 0 0 0 0 0 0 0 0 0 0 0
0 0 0 0 0 0 0 0 0 0 0 0 0 0 0 0 0 0 0 0 0 0 0 0 0 0 0 0 0 0 0 0 0 0 0 0 0 0 0 0 0 0 0 0 0 0 0 0 0 0
0 0 0 0 0 0 0 0 0 0 0 0 0 0 0 0 0 0 0 0 0 0 0 0 0 0 0 0 0 0 0 0 0 0 0 0 0 0 0 0 0 0 0 0 0 0 0 0 0 0
0 0 0 0 0 0 0 0 0 0 0 0 0 0 0 0 0 0 0 0 0 0 0 0 0 0 0 0 0 0 0 0 0 0 0 0 0 0 0 0 0 0 0 0 0 0 0 0 0 0
0 0 0 0 0 0 0 0 0 0 0 0 0 0 0 0 0 0 0 0 0 0 0 0 0 0 0 0 0 0 0 0 0 0 0 0 0 0 0 0 0 0 0 0 0 0 0 0 0 0
0 0 0 0 0 0 0 0 0 0 0 0 0 0 0 0 0 0 0 0 0 0 0 0 0 0 0 0 0 0 0 0 0 0 0 0 0 0 0 0 0 0 0 0 0 0 0 0 0 0
0 0 0 0 0 0 0 0 0 0 0 0 0 0 0 0 0 0 0 0 0 0 0 0 0 0 0 0 0 0 0 0 0 0 0 0 0 0 0 0 0 0 0 0 0 0 0 0 0 0
0 0 0 0 0 0 0 0 0 0 0 0 0 0 0 0 0 0 0 0 0 0 0 0 0 0 0 0 0 0 0 0 0 0 0 0 0 0 0 0 0 0 0 0 0 0 0 0 0 0
0 0 0 0 0 0 0 0 0 0 0 0 0 0 0 0 0 0 0 0 0 0 0 0 0 0 0 0 0 0 0 0 0 0 0 0 0 0 0 0 0 0 0 0 0 0 0 0 0 0
0 0 0 0 0 0 0 0 0 0 0 0 0 0 0 0 0 0 0 0 0 0 0 0 0 0 0 0 0 0 0 0 0 0 0 0 0 0 0 0 0 0 0 0 0 0 0 0 0 0
>numMutationCategories:
1
>numSelectionCategories:
1
>categoryProbabilities:
1 
>selectionIsInMixture:
***
0 
>mutationIsInMixture:
***
0 
>obsPhiSets:
0
>currentSynthesisRateLevel:
***
0.218777 0.790107 0.800234 1.72888 0.847214 3.95285 0.212716 0.855831 0.464252 0.899328
0.416005 0.665966 0.539037 1.1019 1.36677 0.556281 1.45623 0.689041 0.909257 0.38081
0.152622 0.607795 0.779944 0.646103 0.187167 0.866616 0.773069 0.456574 0.547037 1.1583
0.956964 0.580899 0.57329 0.461846 1.16384 1.07755 0.8781 1.14083 1.99546 1.26248
0.666018 1.09767 2.82926 0.393093 2.66892 1.28555 1.38545 2.32481 1.42821 0.835047
1.47169 2.74599 0.926992 0.477837 0.937459 0.441345 1.001 0.577042 1.05388 0.168114
0.290394 0.53496 0.722776 0.871738 2.87292 1.53251 3.11224 0.841102 1.28144 0.361875
0.233274 1.346 1.43426 1.10403 0.931411 0.0647016 0.474186 0.430897 1.51553 0.392217
1.56465 0.468292 0.530606 1.24982 1.41793 1.23402 0.801447 0.867671 1.32633 0.851154
1.70347 0.569275 0.568492 1.25579 1.10086 0.917047 0.232921 0.871109 0.662746 0.358173
0.567751 2.05491 1.47995 0.236093 1.48834 0.307177 1.58019 0.603002 0.378754 0.636498
0.82571 1.5923 0.439659 0.330425 0.26615 0.528414 0.557064 1.15076 1.84986 0.803644
0.599735 0.86664 0.945431 1.41596 0.268182 0.329927 1.5164 1.25734 1.98985 1.01698
0.573083 1.15837 1.00812 0.372504 0.348077 1.18178 1.54334 1.7344 0.767251 0.884404
0.919136 0.755353 0.417362 1.42393 1.06856 1.42372 0.554896 2.00051 1.06731 0.545648
0.799163 1.59707 0.287209 0.452051 0.195544 1.51601 0.351627 0.353619 0.598255 0.334178
3.05005 0.779205 0.685861 0.989182 1.42249 0.8405 0.519036 1.17835 0.585137 1.02294
0.942833 0.600068 0.537665 0.895081 0.734394 0.916426 0.812719 0.752959 0.531719 0.280382
0.458555 0.757976 0.714826 1.48733 1.06115 0.997736 0.757249 1.80999 0.889472 0.457771
0.309275 1.04959 0.819309 1.08376 0.560027 0.410698 0.83668 0.464973 0.456391 0.652883
1.77063 0.501033 0.677068 1.53006 2.07569 0.278514 0.407455 1.23409 0.760934 0.283839
0.73081 1.16074 0.662608 0.403818 1.56569 1.07715 0.754317 1.05771 0.782782 1.14851
0.602779 0.191318 1.93687 0.205704 1.49084 0.328863 0.340781 1.38988 0.52884 0.425137
0.634033 0.242708 0.214265 0.419098 0.927954 0.423316 0.777541 0.433324 0.815444 3.88767
1.07098 1.73788 2.04603 2.11823 0.935604 0.659035 1.53075 0.596512 1.47814 0.711724
0.914121 2.35304 1.75971 1.60172 0.534441 0.549903 0.72704 0.773517 0.383709 1.25427
0.670254 0.270844 0.503564 0.345074 0.65716 0.399222 0.384922 0.892877 2.01053 0.598509
0.83413 1.13235 0.572714 0.497639 0.213928 0.752129 0.420315 0.844183 0.946486 0.658302
0.524013 4.2501 2.94954 1.24597 0.95582 1.14715 1.28767 1.80039 0.833915 0.669134
0.886903 0.667224 0.492074 0.544225 1.69714 1.66538 0.78073 0.396259 0.791276 0.823618
0.569733 0.602276 0.8315 0.295992 0.561707 1.28164 3.99113 0.1436 1.007 1.32561
1.3148 2.35556 0.799305 0.742028 1.48291 1.66498 1.09844 1.19273 1.81977 1.20493
1.64004 0.933533 0.352274 1.10035 4.23393 0.850779 0.870009 0.674247 0.527887 0.401886
0.201237 0.461619 0.884475 0.663594 0.861746 0.829554 1.31494 0.588753 0.692173 0.343193
1.68569 0.794895 1.14798 0.421006 0.892324 1.13541 0.714301 1.15461 0.655384 0.4862
1.24783 0.741773 1.79516 0.856882 0.928956 1.27172 1.35175 0.790678 0.778176 1.05156
1.27394 0.630066 1.17665 0.877926 0.395807 0.902252 0.606694 1.10036 2.70406 1.08586
1.10334 1.38128 0.415051 0.201139 1.16631 0.648382 0.393765 0.878935 0.738793 1.55457
2.42846 0.950818 0.215142 1.23781 1.9896 2.12528 2.59395 0.380796 0.665794 0.34036
1.4937 0.452665 0.358761 1.64883 1.29333 0.767833 0.66108 0.923118 1.25257 0.793312
0.423034 1.19721 1.13056 0.471655 1.08577 0.952675 3.21863 0.715777 1.01207 0.483287
0.622951 0.724834 1.2951 0.384866 0.743236 1.32182 1.60703 0.872787 0.50187 0.19922
0.537474 0.915197 0.47907 1.00651 0.43177 0.305181 0.285269 0.327669 0.456764 0.318173
0.471178 0.1873 0.652292 0.270618 0.776024 1.08617 1.20325 1.58141 0.569435 1.80369
0.242848 1.0454 0.1598 0.741552 0.898212 0.400378 1.78514 0.469013 0.392936 0.370016
0.234886 0.475819 0.625204 0.413982 0.325131 0.763253 3.59405 1.1503 0.770859 1.05651
0.315304 1.58091 0.58913 1.17824 1.07777 0.943468 1.44062 1.41563 1.00185 0.622499
0.34757 1.48422 0.776821 3.21174 0.12399 0.755521 0.647852 1.3604 1.67847 0.397886
1.25956 1.30786 0.888914 1.06306 1.62948 1.3634 0.779192 1.17386 1.97812 0.965452
0.503954 1.2385 2.047 1.41793 0.408592 0.983545 0.852104 0.335409 1.22186 0.606979
0.647502 0.543543 1.50238 0.259493 0.747583 0.435125 0.833352 0.484771 0.996516 2.89815
0.22587 0.80989 0.952195 0.861827 1.54823 0.332853 0.620019 0.894524 0.904542 0.669592
2.45045 0.970444 1.12251 2.04387 1.10341 1.84122 3.88204 1.55485 0.962621 3.26108
2.04173 0.588023 0.54719 0.716844 2.49887 0.626203 1.63869 0.373035 1.16359 1.1805
0.785986 0.563347 0.440061 0.625845 0.775257 0.630428 0.394602 0.655069 1.49282 0.373093
2.15169 3.05664 0.870899 0.378328 0.91692 1.39147 0.774039 0.529489 3.08623 0.976823
1.59038 0.408578 1.31857 0.526576 2.05128 0.127566 3.15462 0.406705 1.14891 0.457688
0.179616 0.46322 0.974406 0.58222 0.565729 0.304214 0.634641 0.424504 1.51024 0.78835
0.885379 0.220537 0.623636 0.364281 2.31543 0.470734 0.70967 0.462841 0.865195 1.45711
0.862518 0.710021 0.844347 0.434754 1.17248 1.01 0.29809 0.799223 0.840292 0.163759
0.5815 3.72755 0.847016 1.3443 0.489573 1.61189 0.791763 0.48302 1.07802 2.34542
0.710198 0.509932 0.777964 0.849136 0.654291 0.542768 0.411929 0.363708 0.546656 0.834987
0.83553 1.06597 1.12268 0.487955 0.645347 1.1585 0.673331 0.474062 1.70134 0.973355
0.99581 0.437003 0.453099 0.520694 0.872324 0.628839 1.10416 1.27715 0.680284 0.528848
0.37774 1.19491 3.2924 1.09811 1.10021 1.48714 1.49152 0.916207 0.641627 0.70616
1.11236 2.34196 0.303844 0.45191 0.122394 0.656343 0.617004 0.705491 0.386186 0.475548
1.3287 1.17485 1.44342 4.01538 0.350948 1.13412 1.06779 0.668701 0.78485 0.870355
0.58926 1.40703 0.64325 0.32158 1.28307 1.01615 0.191674 0.349426 2.04887 0.752953
0.829092 1.23094 0.59207 0.791653 0.354304 1.59766 1.04763 0.65078 1.07073 0.541763
1.54524 1.45107 1.26457 0.93523 0.854602 1.05447 0.218365 1.06625 1.50043 0.58676
0.600438 1.52354 0.854085 0.561396 1.17072 0.502182 1.41577 0.994336 1.18038 1.13512
0.728052 0.31514 0.908488 0.522502 1.60948 0.720912 0.996407 0.983488 0.619869 0.2736
0.428732 1.52945 2.54257 0.30358 0.920252 0.861166 0.428392 0.28222 1.20706 0.868867
1.16564 2.87514 0.996474 1.23588 0.265369 1.0379 0.609349 0.83259 0.233303 0.842211
1.8229 0.98497 1.40226 0.725001 1.15322 0.309229 0.146715 0.984212 0.27095 1.24415
1.83942 0.63897 0.680998 0.59854 0.792268 0.443141 1.93651 1.43716 0.741719 0.422403
1.41817 1.81181 0.212624 0.619159 1.13246 0.38937 0.957176 0.95284 0.403953 0.857373
1.07625 0.43995 0.824675 1.19271 1.0477 0.758887 0.988085 0.305138 0.377961 2.16348
0.329981 0.536069 0.621835 0.854896 2.05412 0.488429 1.00227 2.83474 2.04244 1.05541
0.964261 3.02561 1.31854 0.697448 0.20883 0.791798 1.68317 1.02543 0.411448 0.454011
0.54504 0.383698 1.01846 1.07763 1.37918 0.208771 0.612712 1.52719 0.295384 0.501579
1.48174 2.20973 0.74622 0.545501 0.518358 2.44225 0.243978 0.921488 0.894451 0.422113
1.36516 1.01004 0.612778 0.634598 2.48136 0.904248 0.492197 1.24246 0.331834 0.445578
0.913766 0.41205 0.572754 0.526225 1.89924 0.709411 1.18965 0.668749 0.77533 1.08531
4.4261 0.78087 0.197203 2.6098 0.631851 2.28605 0.454007 1.24383 0.474047 3.2506
0.556479 0.297419 1.18606 0.385984 0.265802 0.751503 1.09991 0.740587 0.630048 0.44062
2.54999 1.78555 0.558729 0.793472 1.67807 0.357734 1.07228 0.455923 0.791787 0.833716
1.67003 0.916837 1.40974 0.960184 0.660022 0.676473 0.527055 1.46471 0.636136 0.489647
0.594509 1.62364 0.603973 0.627898 0.864858 0.974848 1.09457 0.390377 0.885768 0.291668
0.41416 3.11888 0.864229 0.931519 0.716333 0.689482 0.415247 0.584532 1.49469 0.731284
1.41941 0.653765 0.49114 1.17127 0.605235 0.740949 1.3786 1.25559 0.883055 1.08951
0.381449 1.19868 0.723697 1.35483 0.690897 0.702922 1.1962 1.20349 0.813734 0.922897
1.66764 0.342005 0.58734 0.916553 0.640442 0.611847 1.01625 1.17817 0.558107 0.456068
1.29222 1.29169 0.659884 1.44513 1.3195 0.691852 0.424659 1.14736 0.29529 0.755591
2.965 0.18475 0.351264 1.40966 0.76524 0.793965 0.361575 0.518052 0.979894 0.655228
1.58501 0.627605 0.523922 0.53139 1.02993 0.717261 0.957623 0.888986 1.09885 0.341932
1.34127 1.30743 0.792931 1.22113 1.1285 0.523745 1.05085 0.48187 1.13154 0.678686
0.447217 0.880655 1.03779 0.877405 0.514457 3.40756 0.185381 0.23915 0.954107 0.832341
0.475523 0.846345 1.07347 0.990651 0.531777 0.936694 0.532845 1.13924 1.19392 0.156926
0.57156 0.533345 1.92426 1.12525 0.600227 0.820741 0.764849 0.233565 0.139808 1.11562
0.830199 0.473122 0.533059 0.509445 0.338023 0.539086 1.59067 1.56311 0.497384 0.362861
1.9188 0.764123 0.508424 0.351529 0.953079 0.965775 0.807965 3.30933 0.613801 0.464359
1.66268 0.899346 2.02988 2.03971 2.12211 0.841784 0.653573 0.722303 1.57645 1.13421
1.51066 0.59649 0.751714 0.573434 0.524919 0.649695 0.611227 0.626891 0.37311 0.326169
2.76706 1.07176 1.25564 1.13352 0.636004 0.874237 0.557778 1.96784 0.940234 0.269239
0.523353 0.521471 0.184799 0.602572 1.40946 2.92355 0.925091 0.591707 0.833692 0.420149
0.156884 0.788757 3.90059 0.407184 0.390729 0.740575 0.517603 0.708189 0.197893 0.748773
1.29597 1.20025 0.351144 0.292754 4.01163 0.343997 0.548237 0.741029 0.43096 0.799816
0.859383 0.569988 0.817147 1.36471 0.998401 0.616628 0.974327 0.383368 0.53092 0.426252
1.2897 0.77116 1.16846 0.838956 1.39507 2.72962 0.220892 0.453316 0.901042 1.66473
0.454691 0.32739 0.390195 1.45356 1.25598 0.210323 0.832726 1.4376 0.434357 1.04389
1.41103 1.64318 0.414005 0.596966 1.04538 0.898857 0.344468 0.59352 0.489165 0.696568
0.310136 0.582139 0.212229 1.65355 0.694299 0.567576 1.143 0.641405 0.787821 3.06857
1.0449 0.324027 0.373102 0.632084 1.43745 0.365235 0.768888 0.818502 0.721978 0.484292
1.04639 1.23887 1.22841 0.91466 1.52621 0.857446 0.520185 0.498185 1.04983 1.37676
0.597502 1.09929 0.750081 2.06609 0.859145 0.65538 0.465205 0.909094 0.886567 2.17374
0.535862 0.554605 0.669831 1.69273 1.18764 4.31938 1.0496 0.398817 2.32911 1.39692
0.888242 0.992629 1.21573 0.946628 1.37803 1.71942 0.823589 0.426845 0.849445 1.31405
0.64043 1.53102 0.437128 1.27804 0.426784 0.831609 1.27356 0.283301 0.705909 1.15734
0.479504 0.853016 0.707785 0.530629 0.461278 0.723176 1.15918 1.11342 1.23086 0.500277
1.17842 1.26444 1.67728 0.772115 0.432475 0.708549 0.678632 0.20146 0.516374 0.585947
1.18738 0.305664 0.75964 1.23756 0.489247 0.73858 0.401264 1.46423 1.8976 1.27615
0.582427 0.92425 1.45544 0.943037 0.280718 0.499959 1.06783 0.549762 1.1032 0.562208
1.89089 0.38858 0.654282 2.26772 1.64156 0.303432 0.445708 0.258426 1.51467 2.35535
0.634552 1.19718 1.96621 1.03607 1.4233 1.00393 0.871005 1.60715 2.47458 1.05051
0.711279 1.09354 0.492548 1.88428 1.01266 1.04593 0.3843 1.05648 1.19161 2.09341
1.62783 1.60367 1.18341 1.33769 0.762903 0.448648 1.74604 0.972969 2.978 0.849071
0.75978 0.682273 0.413992 0.564518 0.874538 0.85401 0.308667 0.44711 0.532117 0.740575
1.26841 2.08383 0.979671 0.735895 1.07827 1.32828 1.38794 0.614886 1.77 1.07679
1.39651 1.39178 0.803934 4.13095 1.38302 1.89743 2.86957 0.965143 0.642684 0.763002
1.25125 0.820788 1.67097 0.799697 0.698674 1.30574 0.853259 0.787061 1.1304 1.76737
1.3192 1.93716 1.42795 0.617656 1.04242 1.81151 0.969388 1.12582 1.09095 0.712702
0.301982 0.818169 0.959158 1.1345 0.706486 1.15695 1.28694 0.579794 0.538833 1.04946
1.17786 0.604547 0.620573 0.532848 0.325716 0.354709 1.08225 0.846599 1.00796 2.0888
0.644283 0.542264 0.462848 0.705144 0.878641 1.72201 1.55555 1.72458 1.94171 1.97885
0.853825 1.38211 0.990002 1.04267 0.785351 1.40149 1.61019 1.16158 1.8258 0.70601
0.898766 1.03216 0.678969 1.51753 2.03935 0.366353 0.559717 1.4052 0.495259 0.469333
0.850159 1.75354 1.20056 1.43825 0.659903 1.1936 0.973186 0.783884 0.986823 0.731702
1.77555 1.21943 0.777905 0.946717 0.719763 0.0848944 1.01047 2.09968 0.893943 0.708848
0.805041 0.680013 1.5095 1.15252 0.931048 0.359185 0.327418 0.818817 0.486226 1.89348
0.529188 1.0179 1.29221 0.773789 0.552411 1.53667 2.64923 1.91708 0.754527 1.02996
1.0065 1.07479 0.559042 1.56662 0.243463 0.885979 1.60758 0.600112 0.676296 0.848779
0.324034 0.402776 1.64555 1.47287 0.597463 0.346296 0.823269 0.897772 0.556923 0.96733
1.34069 0.604276 0.558717 0.355962 0.242823 1.65226 1.37196 1.41392 1.48233 0.834742
0.368383 0.414899 2.98652 0.330055 0.888451 0.639146 0.751837 0.418379 0.518153 0.733754
1.20364 1.17169 0.898967 0.822581 0.935876 0.897652 2.86953 0.768163 1.51979 0.604731
1.01578 1.77308 0.265501 2.02629 0.918744 0.766843 1.91233 0.809999 1.483 0.571226
1.2843 1.53127 1.26378 0.297411 0.445325 0.923543 0.843445 1.57023 1.00219 1.52831
0.19208 1.33843 1.4677 1.32354 1.35472 0.914576 0.943002 1.11039 0.528578 0.760298
0.675106 0.501633 1.1562 1.01408 0.90633 0.529338 0.75242 1.04516 0.718028 1.49749
>noiseOffset:
>observedSynthesisNoise:
>std_NoiseOffset:
>mutation_prior_mean:
***
0 0 0 0 0 0 0 0 0 0
0 0 0 0 0 0 0 0 0 0
0 0 0 0 0 0 0 0 0 0
0 0 0 0 0 0 0 0 0 0
>mutation_prior_sd:
***
0.35 0.35 0.35 0.35 0.35 0.35 0.35 0.35 0.35 0.35
0.35 0.35 0.35 0.35 0.35 0.35 0.35 0.35 0.35 0.35
0.35 0.35 0.35 0.35 0.35 0.35 0.35 0.35 0.35 0.35
0.35 0.35 0.35 0.35 0.35 0.35 0.35 0.35 0.35 0.35
>std_csp:
0.1 0.1 0.1 0.1 0.1 0.1 0.1 0.1 0.1 0.1
0.1 0.1 0.1 0.1 0.1 0.1 0.1 0.1 0.1 0.1
0.1 0.1 0.1 0.1 0.1 0.1 0.1 0.1 0.1 0.1
0.1 0.1 0.1 0.1 0.1 0.1 0.1 0.1 0.1 0.1
>currentMutationParameter:
***
-0.472394 1.06819 0.691129 0.766356 1.15867 -1.22564 0.834923 -0.695899 0.675755 0.737323
1.01862 0.403439 1.27456 -1.31327 0.477829 1.04116 0.670699 0.211325 -0.352445 1.0971
-0.393301 0.877103 0.381752 -0.92452 -1.01245 0.22524 -0.994327 0.94932 0.160227 -0.543306
0.874681 0.531421 -0.445434 1.28188 0.76591 0.395304 1.08532 0.605628 0.917709 0.98333
>currentSelectionParameter:
***
0.631179 -0.412484 0.335332 -0.608962 -0.389885 0.732356 -0.994027 -0.391446 -0.164424 0.0738656
-0.610702 1.08146 -0.765289 0.971423 0.569608 -0.70518 -0.150403 -0.283059 1.45448 -0.663248
-0.725367 -0.2242 -0.443001 0.212744 0.637378 0.902062 1.01325 -0.17475 0.745972 0.428794
-0.419993 -0.200021 0.466934 -0.679505 0.0433995 0.625145 -0.508548 -0.104063 -0.745103 -0.780246
>covarianceMatrix:
A
0.000357191	7.69768e-05	0.000101983	-0.000223048	-1.84624e-05	-4.47291e-05	
7.69768e-05	0.000333575	0.000145086	1.09165e-05	-0.000111649	-2.41852e-05	
0.000101983	0.000145086	0.000538661	-1.08658e-05	-3.70085e-05	-0.00015023	
-0.000223048	1.09165e-05	-1.08658e-05	0.000206377	-2.50211e-06	4.26147e-05	
-1.84624e-05	-0.000111649	-3.70085e-05	-2.50211e-06	8.53955e-05	2.24385e-05	
-4.47291e-05	-2.41852e-05	-0.00015023	4.26147e-05	2.24385e-05	0.000124879	
***
>covarianceMatrix:
C
0.00159676	-0.00108374	
-0.00108374	0.00106139	
***
>covarianceMatrix:
D
0.000855106	-0.000593974	
-0.000593974	0.00061461	
***
>covarianceMatrix:
E
0.000815766	-0.000519306	
-0.000519306	0.000464089	
***
>covarianceMatrix:
F
0.000896034	-0.000732746	
-0.000732746	0.00086678	
***
>covarianceMatrix:
G
0.000420876	0.000318739	0.000271657	-0.000240756	-0.000140136	-0.000135325	
0.000318739	0.000882222	0.000317594	-0.000212796	-0.000491368	-0.000153808	
0.000271657	0.000317594	0.000658778	-0.000178327	-0.000192501	-0.000292956	
-0.000240756	-0.000212796	-0.000178327	0.000229631	0.000172147	0.000148239	
-0.000140136	-0.000491368	-0.000192501	0.000172147	0.000416427	0.000174928	
-0.000135325	-0.000153808	-0.000292956	0.000148239	0.000174928	0.000314457	
***
>covarianceMatrix:
H
0.00157857	-0.00121207	
-0.00121207	0.00130057	
***
>covarianceMatrix:
I
0.000515528	-1.66676e-05	-0.00043801	3.7308e-05	
-1.66676e-05	0.000554241	-4.61008e-05	-0.000313933	
-0.00043801	-4.61008e-05	0.000798171	1.83087e-05	
3.7308e-05	-0.000313933	1.83087e-05	0.000227449	
***
>covarianceMatrix:
K
0.000816194	-0.000568114	
-0.000568114	0.000552386	
***
>covarianceMatrix:
L
0.000267411	0.000144365	0.000123751	3.47405e-05	-9.74426e-06	-0.000154051	-3.12386e-05	-5.36794e-05	-2.71841e-08	3.2145e-05	
0.000144365	0.000379371	0.000217975	0.00012401	4.90016e-05	-8.56582e-05	-0.000129667	-9.07376e-05	-3.84261e-05	8.15683e-05	
0.000123751	0.000217975	0.000384754	0.000143692	-8.57341e-06	-2.90536e-05	-5.51919e-05	-0.000107165	1.33168e-05	0.00012205	
3.47405e-05	0.00012401	0.000143692	0.00017815	2.32174e-05	6.60459e-05	-2.22594e-05	-2.9771e-05	-2.56957e-05	4.5061e-05	
-9.74426e-06	4.90016e-05	-8.57341e-06	2.32174e-05	0.000260495	4.77377e-05	3.98896e-06	2.57822e-05	-1.24477e-05	-6.72323e-05	
-0.000154051	-8.56582e-05	-2.90536e-05	6.60459e-05	4.77377e-05	0.000286912	5.57341e-05	7.61864e-05	-6.03811e-06	6.03536e-07	
-3.12386e-05	-0.000129667	-5.51919e-05	-2.22594e-05	3.98896e-06	5.57341e-05	8.99146e-05	4.60241e-05	2.19361e-05	-2.34123e-05	
-5.36794e-05	-9.07376e-05	-0.000107165	-2.9771e-05	2.57822e-05	7.61864e-05	4.60241e-05	8.37813e-05	2.13398e-06	-4.18744e-05	
-2.71841e-08	-3.84261e-05	1.33168e-05	-2.56957e-05	-1.24477e-05	-6.03811e-06	2.19361e-05	2.13398e-06	4.23596e-05	1.18127e-05	
3.2145e-05	8.15683e-05	0.00012205	4.5061e-05	-6.72323e-05	6.03536e-07	-2.34123e-05	-4.18744e-05	1.18127e-05	0.000108016	
***
>covarianceMatrix:
N
0.001235	-0.00106176	
-0.00106176	0.00121585	
***
>covarianceMatrix:
P
0.000507528	0.000168138	9.56347e-05	-0.000400192	-0.000125895	-5.79741e-05	
0.000168138	0.000666545	0.00012058	7.31247e-05	-0.000254932	3.13562e-05	
9.56347e-05	0.00012058	0.000267899	4.04296e-05	-2.12584e-05	-5.44699e-05	
-0.000400192	7.31247e-05	4.04296e-05	0.000568512	6.48984e-05	9.35019e-05	
-0.000125895	-0.000254932	-2.12584e-05	6.48984e-05	0.000294841	6.77894e-06	
-5.79741e-05	3.13562e-05	-5.44699e-05	9.35019e-05	6.77894e-06	9.78055e-05	
***
>covarianceMatrix:
Q
0.000965254	-0.000616942	
-0.000616942	0.000612775	
***
>covarianceMatrix:
R
0.000516594	0.000264071	0.000347582	0.000131923	0.000133982	-0.000340007	-5.61123e-05	-9.01083e-05	8.06886e-05	3.524e-05	
0.000264071	0.000750041	0.000280036	3.76418e-05	0.000283937	-0.000188068	-0.000403139	-7.18352e-05	7.56928e-05	-8.48439e-06	
0.000347582	0.000280036	0.000581214	0.000232583	0.000294546	-0.00018856	-9.88319e-05	-0.00018042	2.81711e-05	-1.72197e-05	
0.000131923	3.76418e-05	0.000232583	0.000304889	9.05603e-05	-4.62398e-05	6.70827e-05	-9.71159e-05	-4.52353e-05	-3.09403e-05	
0.000133982	0.000283937	0.000294546	9.05603e-05	0.00038363	-4.82849e-05	-0.000185175	-4.43608e-05	4.07775e-05	-3.74865e-05	
-0.000340007	-0.000188068	-0.00018856	-4.62398e-05	-4.82849e-05	0.000352878	3.58624e-05	9.04476e-05	-3.8487e-05	-2.11335e-05	
-5.61123e-05	-0.000403139	-9.88319e-05	6.70827e-05	-0.000185175	3.58624e-05	0.000435567	2.72365e-05	-3.77934e-05	5.92068e-05	
-9.01083e-05	-7.18352e-05	-0.00018042	-9.71159e-05	-4.43608e-05	9.04476e-05	2.72365e-05	0.000126561	4.55547e-05	2.94323e-05	
8.06886e-05	7.56928e-05	2.81711e-05	-4.52353e-05	4.07775e-05	-3.8487e-05	-3.77934e-05	4.55547e-05	0.000126632	4.90075e-05	
3.524e-05	-8.48439e-06	-1.72197e-05	-3.09403e-05	-3.74865e-05	-2.11335e-05	5.92068e-05	2.94323e-05	4.90075e-05	7.47186e-05	
***
>covarianceMatrix:
S
0.000321262	4.13593e-05	6.07237e-05	-0.000227923	-1.05122e-05	-2.14e-06	
4.13593e-05	0.000433869	0.000170841	-1.78513e-05	-0.000230358	-0.000124439	
6.07237e-05	0.000170841	0.000345683	3.32951e-05	-7.98346e-05	-0.000144934	
-0.000227923	-1.78513e-05	3.32951e-05	0.000312272	6.10362e-05	2.26542e-05	
-1.05122e-05	-0.000230358	-7.98346e-05	6.10362e-05	0.000205922	9.7919e-05	
-2.14e-06	-0.000124439	-0.000144934	2.26542e-05	9.7919e-05	0.000157655	
***
>covarianceMatrix:
T
0.000419166	0.000319967	0.000350726	-0.000251496	-0.00014073	-0.000106801	
0.000319967	0.0005565	0.000252445	-0.000150276	-0.000257463	-2.49394e-05	
0.000350726	0.000252445	0.000532374	-0.000230482	-9.27553e-05	-0.000183822	
-0.000251496	-0.000150276	-0.000230482	0.00022844	8.00399e-05	0.000124039	
-0.00014073	-0.000257463	-9.27553e-05	8.00399e-05	0.000178375	2.13988e-05	
-0.000106801	-2.49394e-05	-0.000183822	0.000124039	2.13988e-05	0.000206495	
***
>covarianceMatrix:
V
0.000623058	0.00021878	5.73307e-05	-0.000603888	-0.000164233	-4.1275e-05	
0.00021878	0.00046357	0.000119071	-0.000201168	-0.00029207	-8.5822e-05	
5.73307e-05	0.000119071	0.000175027	-3.60763e-05	-6.0888e-05	-6.67063e-05	
-0.000603888	-0.000201168	-3.60763e-05	0.000900731	0.000182134	9.04604e-05	
-0.000164233	-0.00029207	-6.0888e-05	0.000182134	0.000288666	9.98599e-05	
-4.1275e-05	-8.5822e-05	-6.67063e-05	9.04604e-05	9.98599e-05	0.000132995	
***
>covarianceMatrix:
Y
0.0013135	-0.000988065	
-0.000988065	0.0011389	
***
>covarianceMatrix:
Z
0.00187854	-0.00171022	
-0.00171022	0.00214642	
***
