>groupList:
A C D E F G H I K L
N P Q R S T V Y Z 
>stdDevSynthesisRate:
0.666276 
>numParam:
40
>numMixtures:
1
>std_stdDevSynthesisRate:
0.0765886
>std_phi:
***
1.83635 0.846091 0.601737 0.284847 0.462875 0.316532 1.27116 0.752169 0.445072 1.32201
0.977816 0.676873 1.01694 0.55634 0.695424 0.846096 1.65252 0.813548 0.703949 0.94021
1.32202 0.782256 0.695426 1.13007 1.32202 1.27116 0.500646 1.98622 0.977824 0.578594
0.625807 1.23726 1.05762 0.879932 0.520672 0.481391 0.940215 0.481391 0.578593 0.977827
1.09992 0.385112 0.356059 0.81355 0.284845 0.55634 0.500646 0.400517 0.416537 0.951737
0.723239 0.723242 0.723242 1.22227 0.625808 0.676874 0.625806 1.83635 1.85885 1.17527
1.09992 0.81355 0.989808 0.48139 0.140232 0.329196 0.462874 0.782256 0.65084 0.676873
1.05761 0.869281 0.563158 0.703949 0.601738 1.52785 0.951741 0.977825 0.835844 0.951736
1.65251 1.27117 0.703949 0.813549 0.846097 1.17527 1.01694 0.695425 0.236992 0.782258
0.578594 0.481389 0.534943 0.416537 1.14392 1.52783 1.27117 0.752171 0.846091 0.977816
0.782257 0.180093 0.534942 1.09991 0.205064 1.01694 0.625808 0.940207 0.977833 0.601738
0.782258 0.273891 0.977827 1.13006 1.27116 0.915123 0.752173 0.385112 0.578592 0.541497
0.879938 0.695424 0.9402 0.625807 1.27116 0.879929 0.55634 0.782257 0.48139 0.534942
2.06566 1.05762 0.263356 1.22228 1.46908 1.14391 0.500646 0.329195 0.846092 1.01694
0.940212 1.71863 1.09991 0.468547 0.625805 0.84609 1.22227 0.3703 0.879929 1.58897
1.13006 0.385113 0.940213 0.97782 1.0866 0.601736 1.32202 1.42991 0.813552 1.27117
0.752168 0.676875 0.556341 0.846092 0.411494 0.625806 1.22228 0.676872 0.723241 1.18967
0.601738 0.904049 1.48709 0.500645 0.500645 0.752171 0.703946 0.723242 0.813549 1.65251
1.76573 0.703949 0.879938 0.475562 0.601737 0.761391 0.541498 0.556339 0.81355 0.879934
1.20748 0.723243 0.333231 0.400517 1.17527 1.32202 0.625805 1.71862 0.915133 1.48709
0.253228 1.00462 1.32201 1.23725 0.342362 1.83635 0.782258 0.416537 0.846094 1.09991
1.52784 0.445072 0.95173 1.05761 0.500645 0.75217 0.90405 0.87993 1.01694 0.676872
0.87993 1.4299 0.723242 1.32201 0.427954 1.3749 1.58896 0.416537 1.22228 1.05761
0.977818 1.01694 1.3749 0.625809 0.723241 1.32201 0.928828 1.48709 0.578595 0.329196
0.879941 0.370302 0.445073 0.723241 0.481389 0.782259 0.703949 0.813546 1.27116 0.813544
0.951741 1.14391 0.427953 0.400516 1.22228 0.940214 1.32202 0.940214 1.52784 0.48139
0.676873 1.48709 1.09992 1.01694 1.58896 1.14391 1.01694 0.732108 0.21646 0.73211
0.55634 0.67687 0.462874 0.803696 1.78738 0.752173 1.27118 1.78737 1.09991 1.14391
0.752172 0.194789 0.342364 0.846089 0.462876 0.625807 0.541499 0.84609 0.500647 0.813548
0.940217 0.869282 1.14391 0.940213 0.500647 0.500647 0.445072 1.83635 0.915131 1.22228
0.813549 1.27116 0.813548 1.32201 1.09992 0.869282 0.356058 1.01693 0.625807 0.500647
1.09992 0.140232 1.65252 0.601738 0.625806 0.977822 1.3749 1.09991 0.563158 0.556342
0.333229 0.782259 1.13006 0.668678 0.365817 1.42989 0.846091 1.22227 0.695424 1.58895
1.54657 1.05761 1.01693 1.58896 0.869282 0.578594 0.625808 1.37492 0.416537 1.58897
0.676874 0.940215 1.01693 1.46909 1.30602 0.869278 2.01053 1.14391 0.879929 1.4299
0.534942 1.83635 0.55634 0.342364 0.761391 0.723243 1.09991 0.723245 1.05762 0.846092
0.81355 0.703948 0.752168 1.01694 0.813557 0.650839 1.01694 0.487291 0.320413 0.904053
0.723243 0.940215 1.01694 1.32202 0.520671 0.977818 0.915134 1.46909 0.462876 0.534942
0.52067 0.500646 1.22228 1.17527 0.427954 0.356058 0.65084 1.42989 1.52784 2.01054
0.514367 0.782261 1.17527 0.782259 0.534943 0.500646 1.01694 0.427954 0.439684 0.625806
1.14391 0.625808 0.732106 1.32201 0.703948 0.296241 0.342363 1.22227 1.71863 0.940216
0.846085 1.22228 0.695424 1.58897 0.703952 0.556341 1.46908 0.940215 1.01694 1.42991
0.846086 0.563158 1.05762 0.940211 1.4871 1.14391 1.42989 1.98621 1.37489 1.58896
0.813546 1.32202 0.650839 1.22228 1.71862 1.65252 1.52785 1.17527 1.32202 0.904045
1.14392 1.52784 1.14391 0.520671 0.8037 1.42988 1.05762 1.4871 1.13007 1.32202
1.3749 1.05762 1.41259 1.01694 1.65252 0.977826 0.385111 0.520671 0.601738 0.55634
1.78736 1.01694 0.601737 0.468547 0.342363 2.06566 0.284846 0.601737 0.236992 0.813549
1.3749 0.20258 0.445073 0.284846 1.3749 0.915129 0.904053 0.500646 0.48139 0.87994
0.481389 0.400517 1.14391 0.625807 0.723242 0.266585 0.481389 0.752169 0.385112 0.695425
0.752176 1.0866 0.380449 0.462876 1.78737 1.42989 0.534942 1.13007 0.563159 0.72324
0.879941 0.846092 0.940212 1.85886 0.940213 1.05761 0.541499 2.06564 0.78226 0.514366
1.17527 0.846091 0.869281 1.9862 0.879934 0.989804 0.625808 0.500646 1.01694 1.01693
0.481391 0.52067 0.879941 0.210685 0.64296 0.273891 0.370301 0.450527 1.0866 0.534942
0.879935 0.879928 1.37489 1.27117 0.124666 1.22228 0.668678 1.71862 1.09992 1.08659
0.346559 1.33822 0.977822 1.46907 0.846091 1.54657 1.27117 0.97783 0.534943 1.46907
0.650838 0.462874 0.977826 1.85885 1.27116 0.556339 0.782257 0.846084 0.481391 0.625806
0.879929 1.46908 0.578593 1.83635 0.433198 1.58896 0.723243 1.14391 0.761391 1.37489
1.18967 1.05761 0.813548 1.09992 0.879932 1.65253 1.46907 1.76572 0.625808 0.462874
0.846091 1.65252 1.01693 1.0866 0.411494 1.22229 0.625807 1.48708 0.500645 0.427953
0.915127 0.813548 0.462875 1.01694 0.578592 1.37489 1.9098 0.585684 0.915135 1.37489
1.65253 0.385113 0.703948 1.0866 1.09992 0.500644 0.695425 0.846092 0.462875 0.500645
0.752169 0.601737 1.09992 0.732105 1.18968 1.04481 0.846085 1.22228 0.977827 0.556341
0.695427 1.05761 0.703946 0.65084 1.14391 0.87994 1.58896 1.05761 0.676873 0.52067
0.81355 0.879934 0.977818 1.01694 0.650838 0.813552 0.416537 0.342364 0.75217 1.01693
0.835844 0.578594 0.601737 0.400515 0.813549 0.400517 0.356058 0.65084 0.695426 1.05761
0.500645 0.445074 1.83634 1.98621 1.65252 0.835847 0.650839 1.08661 1.78737 0.915118
0.500646 0.481389 0.385113 0.703948 1.3749 0.869282 0.445073 0.625805 0.977822 1.52785
1.01693 0.462874 1.52784 0.977833 0.320412 0.723242 1.32201 1.27116 0.904051 1.27117
1.05761 0.723241 1.4691 0.520672 0.951734 0.187299 0.752173 0.556338 0.520669 1.05761
0.385113 0.534944 0.427954 0.723242 1.98621 0.732106 1.3749 0.879935 0.356059 1.65253
0.752172 0.385112 1.01694 1.05761 0.411495 0.989802 0.500645 1.05761 0.723241 1.85885
0.732103 0.813543 0.356057 0.625806 0.977815 0.732101 1.58897 0.846091 0.846096 1.32201
1.14391 0.534943 0.356058 1.27117 0.879938 0.752175 0.782252 1.65252 0.695427 0.695425
0.481391 0.284846 1.05762 0.846094 1.22229 0.81355 0.65084 0.879929 2.14828 0.541498
0.342364 0.481391 0.500646 1.05761 0.48139 1.71862 1.14391 0.445072 1.27117 0.385112
0.356058 0.723239 0.904051 1.09993 0.65084 1.14391 0.236992 0.445074 1.23726 1.32202
0.625807 0.175289 0.989804 0.846091 0.869278 1.52786 1.05761 0.782261 1.27117 0.427954
0.333228 0.977818 0.668678 0.940206 1.85887 0.601738 0.723239 1.42988 1.09992 0.445073
1.09992 0.940216 1.17527 0.400517 0.782259 0.563157 0.650838 0.940213 1.0448 0.385112
1.09992 1.05762 0.650839 0.752172 1.46909 0.385113 0.534942 0.578593 1.71861 1.58897
0.676872 1.09992 0.752172 0.55634 0.296239 1.58897 1.05761 0.356057 0.977816 1.13007
0.904051 0.30436 0.625807 1.27118 0.904045 0.500645 1.48709 0.87994 1.32202 1.52785
0.481389 0.30809 1.85887 0.752173 0.30809 0.308089 1.04481 0.904053 1.58897 1.27117
0.578593 1.37489 0.752169 0.703945 0.625806 0.534943 0.514369 1.37489 0.940213 0.67687
0.263356 0.500645 0.94021 0.55634 1.42989 0.81355 0.95173 0.703947 1.17526 0.356058
0.752172 0.940211 0.333231 1.22227 1.17526 0.846084 0.650838 0.846087 0.695426 1.83636
0.445072 0.342364 1.37489 0.835846 0.520671 1.27116 0.427954 0.904049 0.457272 0.500646
0.48139 0.609112 1.01694 0.273891 0.846096 0.541498 2.06567 0.263356 0.65084 0.385112
1.46908 0.236992 0.904053 1.58897 0.601738 0.481389 0.703947 1.27116 0.500646 1.3749
1.17526 0.3703 0.534941 1.22228 0.915132 0.940213 0.695424 1.17526 0.462875 0.695426
0.356057 0.695426 2.01055 0.695424 0.879932 0.84609 0.563158 1.17527 0.563159 1.09992
0.879942 0.514367 1.65254 1.3749 0.752173 0.940214 0.879936 0.427953 0.752174 0.445073
0.723241 1.01693 0.723241 0.52067 0.846102 1.98621 0.385111 0.75217 0.782261 1.22227
0.380449 0.356057 0.695426 0.541497 0.723243 1.01694 1.32201 0.411493 1.58897 0.752171
0.534942 1.32202 0.977813 0.462875 0.481392 1.3749 1.22227 1.14391 1.18967 0.695424
0.342364 0.951739 1.13007 1.14391 0.601736 0.578593 0.342363 0.3703 0.263356 1.32202
0.427955 0.650838 2.06566 0.782259 1.01693 1.09992 0.723241 1.85885 0.462876 1.37489
1.22227 0.650838 0.782258 1.42989 1.14393 0.400516 1.09991 1.27117 0.752169 0.481391
0.65084 0.695424 0.625807 0.846093 1.32202 0.329195 1.01693 1.3749 0.481389 1.71862
0.904049 1.32202 0.556339 0.395667 1.4299 1.27117 0.534942 1.65252 1.71863 0.695426
0.813548 1.98622 0.951743 1.14391 1.42989 0.846098 0.703943 0.227876 0.650837 0.782257
0.462875 0.84609 1.01693 1.13006 0.356058 1.48709 0.520672 0.356058 1.32202 0.625808
0.53494 1.37489 0.427953 0.316534 0.578593 1.4299 1.14392 0.642959 0.411494 0.695424
0.642961 0.879929 1.48708 0.87993 0.951732 0.752173 0.8037 0.556339 2.14828 0.846092
0.601737 0.813545 0.400516 1.27117 1.22228 0.625806 2.06564 0.33323 0.782259 1.32202
1.09992 1.05762 0.977825 0.752166 0.48139 0.462874 0.3703 0.813545 1.0448 1.05761
1.32202 0.97782 0.29624 0.940219 0.846088 0.782256 0.761389 1.52784 1.3749 0.65084
1.60843 0.284847 1.32202 1.23726 0.427952 1.32201 1.09991 1.3749 0.94021 0.578593
0.578594 0.625807 0.695424 0.263357 1.01694 0.782256 0.676873 0.977822 0.723242 1.71861
0.380449 0.308089 0.813548 0.940215 0.356058 0.0829766 0.915127 0.977823 0.977823 0.676873
1.27117 1.32201 1.27117 0.534941 0.723242 1.22228 0.578593 0.752171 1.65252 0.813549
0.650839 0.253229 1.58896 1.46907 0.782259 0.601738 1.54656 0.743065 1.22227 1.22228
1.27117 0.846083 1.58896 0.273891 0.625806 1.01693 0.541498 1.05761 1.37489 0.879936
0.578594 1.71862 1.58897 1.27117 0.411495 1.14392 0.72324 1.52783 0.791842 1.27117
0.65084 0.500646 0.462874 0.342362 0.411495 1.13006 0.55634 1.09991 0.76139 0.534943
1.05761 0.782263 1.17527 0.253228 0.676872 0.977819 2.06566 0.534942 0.284847 1.0866
1.48708 1.46908 1.0576 0.38511 0.723241 0.320414 0.308089 1.14391 0.263357 0.915134
0.703949 0.977824 0.427953 0.329196 0.329196 0.977831 1.09992 1.32201 0.642958 0.462875
0.782255 0.578594 1.58897 0.385112 1.65252 0.601738 0.601738 1.3749 1.48709 0.433197
1.83635 1.42991 0.782258 1.32202 0.977825 1.14391 0.411493 0.500645 0.752171 1.01694
0.56316 0.668677 0.732104 0.333229 0.732101 1.71864 1.01694 1.65252 1.09992 0.940211
1.0866 2.06566 1.09991 0.227876 1.322 0.650841 0.977824 0.400516 0.427953 0.650839
0.846089 0.723243 0.534943 0.462875 1.78738 1.41258 0.578593 1.22228 0.594452 1.13007
0.370299 0.835844 0.500646 0.695425 0.370301 1.22228 1.01693 1.14391 0.650839 0.44507
2.23421 0.385113 0.385112 0.385111 0.273891 0.625807 0.514369 0.732108 0.462874 0.578594
1.27117 0.427955 1.3749 0.411494 0.494584 0.534942 0.97782 0.329196 0.61823 0.782258
0.320413 0.48139 1.09991 0.541499 0.601737 1.22228 0.601737 0.534941 0.400516 0.520672
1.60843 1.58896 0.977818 1.1439 0.541499 1.52785 1.22228 1.22228 0.904045 0.676873
0.668678 0.732106 0.650839 0.65084 1.01693 0.370301 0.534942 1.17527 0.27389 0.879935
0.940214 0.813549 0.650839 0.601738 0.500644 0.308089 0.782259 0.27389 0.752171 0.601737
0.601737 1.13006 0.723241 0.703943 1.76573 0.977823 1.3749 0.752172 0.55634 0.500645
0.427954 0.541499 0.578594 1.17527 0.703949 0.342363 0.481391 0.445072 0.427954 0.30809
1.78738 0.782257 0.48139 0.601738 0.869284 0.879929 0.520671 0.676871 0.676873 0.782256
0.55634 1.71863 0.703947 1.32202 1.83636 1.09991 0.481389 1.52784 1.32202 0.813548
0.752171 1.71862 1.58895 1.17526 1.05761 0.27389 1.01694 0.904049 0.342364 0.601737
2.06566 0.668677 1.0866 0.38045 0.676874 1.05762 0.219112 1.48708 0.316534 0.813548
0.951743 0.462875 1.01693 0.494583 0.356057 0.81355 0.977824 0.556342 1.3749 1.52786
1.27117 0.782259 0.316533 0.189594 0.752171 0.625806 1.09991 0.316534 0.500645 0.846091
1.01694 0.752171 0.813548 0.782257 0.813552 1.42988 0.556341 0.481391 0.813548 0.803699
1.4871 0.625807 0.578593 0.514367 1.58897 1.85886 1.46908 1.01694 0.67687 0.625808
1.27116 0.601736 0.462874 0.445072 1.01694 0.273891 0.782261 0.601736 1.01694 1.32201
0.752173 1.18968 0.609115 0.263356 0.940213 0.695425 0.650838 0.578594 0.90406 0.500645
1.58896 1.58896 0.879936 0.400515 1.32202 0.846096 0.445073 0.752169 1.01693 0.556339
0.411494 1.18967 0.803696 1.18967 1.05761 0.462876 0.356057 0.625807 0.78226 0.703947
0.977827 1.14391 0.752171 1.78738 0.625806 0.462874 1.65251 0.915135 1.58896 0.494585
0.752172 0.462875 1.05761 1.23727 0.578594 0.601737 0.650839 0.752171 0.601737 0.556338
0.556339 0.601737 1.65251 0.676872 0.752176 0.578593 0.625806 1.13006 0.520672 1.13007
0.534942 0.650839 0.427954 0.915127 0.676873 0.846093 0.481389 0.427954 0.500645 0.416537
1.01694 0.500646 0.668678 0.395666 0.676873 0.578593 0.500645 0.601738 0.977827 0.782261
1.18967 1.17527 0.400516 0.703949 0.534942 0.977822 0.879938 1.3749 0.695424 0.578594
>categories:
0 0
>mixtureAssignment:
0 0 0 0 0 0 0 0 0 0 0 0 0 0 0 0 0 0 0 0 0 0 0 0 0 0 0 0 0 0 0 0 0 0 0 0 0 0 0 0 0 0 0 0 0 0 0 0 0 0
0 0 0 0 0 0 0 0 0 0 0 0 0 0 0 0 0 0 0 0 0 0 0 0 0 0 0 0 0 0 0 0 0 0 0 0 0 0 0 0 0 0 0 0 0 0 0 0 0 0
0 0 0 0 0 0 0 0 0 0 0 0 0 0 0 0 0 0 0 0 0 0 0 0 0 0 0 0 0 0 0 0 0 0 0 0 0 0 0 0 0 0 0 0 0 0 0 0 0 0
0 0 0 0 0 0 0 0 0 0 0 0 0 0 0 0 0 0 0 0 0 0 0 0 0 0 0 0 0 0 0 0 0 0 0 0 0 0 0 0 0 0 0 0 0 0 0 0 0 0
0 0 0 0 0 0 0 0 0 0 0 0 0 0 0 0 0 0 0 0 0 0 0 0 0 0 0 0 0 0 0 0 0 0 0 0 0 0 0 0 0 0 0 0 0 0 0 0 0 0
0 0 0 0 0 0 0 0 0 0 0 0 0 0 0 0 0 0 0 0 0 0 0 0 0 0 0 0 0 0 0 0 0 0 0 0 0 0 0 0 0 0 0 0 0 0 0 0 0 0
0 0 0 0 0 0 0 0 0 0 0 0 0 0 0 0 0 0 0 0 0 0 0 0 0 0 0 0 0 0 0 0 0 0 0 0 0 0 0 0 0 0 0 0 0 0 0 0 0 0
0 0 0 0 0 0 0 0 0 0 0 0 0 0 0 0 0 0 0 0 0 0 0 0 0 0 0 0 0 0 0 0 0 0 0 0 0 0 0 0 0 0 0 0 0 0 0 0 0 0
0 0 0 0 0 0 0 0 0 0 0 0 0 0 0 0 0 0 0 0 0 0 0 0 0 0 0 0 0 0 0 0 0 0 0 0 0 0 0 0 0 0 0 0 0 0 0 0 0 0
0 0 0 0 0 0 0 0 0 0 0 0 0 0 0 0 0 0 0 0 0 0 0 0 0 0 0 0 0 0 0 0 0 0 0 0 0 0 0 0 0 0 0 0 0 0 0 0 0 0
0 0 0 0 0 0 0 0 0 0 0 0 0 0 0 0 0 0 0 0 0 0 0 0 0 0 0 0 0 0 0 0 0 0 0 0 0 0 0 0 0 0 0 0 0 0 0 0 0 0
0 0 0 0 0 0 0 0 0 0 0 0 0 0 0 0 0 0 0 0 0 0 0 0 0 0 0 0 0 0 0 0 0 0 0 0 0 0 0 0 0 0 0 0 0 0 0 0 0 0
0 0 0 0 0 0 0 0 0 0 0 0 0 0 0 0 0 0 0 0 0 0 0 0 0 0 0 0 0 0 0 0 0 0 0 0 0 0 0 0 0 0 0 0 0 0 0 0 0 0
0 0 0 0 0 0 0 0 0 0 0 0 0 0 0 0 0 0 0 0 0 0 0 0 0 0 0 0 0 0 0 0 0 0 0 0 0 0 0 0 0 0 0 0 0 0 0 0 0 0
0 0 0 0 0 0 0 0 0 0 0 0 0 0 0 0 0 0 0 0 0 0 0 0 0 0 0 0 0 0 0 0 0 0 0 0 0 0 0 0 0 0 0 0 0 0 0 0 0 0
0 0 0 0 0 0 0 0 0 0 0 0 0 0 0 0 0 0 0 0 0 0 0 0 0 0 0 0 0 0 0 0 0 0 0 0 0 0 0 0 0 0 0 0 0 0 0 0 0 0
0 0 0 0 0 0 0 0 0 0 0 0 0 0 0 0 0 0 0 0 0 0 0 0 0 0 0 0 0 0 0 0 0 0 0 0 0 0 0 0 0 0 0 0 0 0 0 0 0 0
0 0 0 0 0 0 0 0 0 0 0 0 0 0 0 0 0 0 0 0 0 0 0 0 0 0 0 0 0 0 0 0 0 0 0 0 0 0 0 0 0 0 0 0 0 0 0 0 0 0
0 0 0 0 0 0 0 0 0 0 0 0 0 0 0 0 0 0 0 0 0 0 0 0 0 0 0 0 0 0 0 0 0 0 0 0 0 0 0 0 0 0 0 0 0 0 0 0 0 0
0 0 0 0 0 0 0 0 0 0 0 0 0 0 0 0 0 0 0 0 0 0 0 0 0 0 0 0 0 0 0 0 0 0 0 0 0 0 0 0 0 0 0 0 0 0 0 0 0 0
0 0 0 0 0 0 0 0 0 0 0 0 0 0 0 0 0 0 0 0 0 0 0 0 0 0 0 0 0 0 0 0 0 0 0 0 0 0 0 0 0 0 0 0 0 0 0 0 0 0
0 0 0 0 0 0 0 0 0 0 0 0 0 0 0 0 0 0 0 0 0 0 0 0 0 0 0 0 0 0 0 0 0 0 0 0 0 0 0 0 0 0 0 0 0 0 0 0 0 0
0 0 0 0 0 0 0 0 0 0 0 0 0 0 0 0 0 0 0 0 0 0 0 0 0 0 0 0 0 0 0 0 0 0 0 0 0 0 0 0 0 0 0 0 0 0 0 0 0 0
0 0 0 0 0 0 0 0 0 0 0 0 0 0 0 0 0 0 0 0 0 0 0 0 0 0 0 0 0 0 0 0 0 0 0 0 0 0 0 0 0 0 0 0 0 0 0 0 0 0
0 0 0 0 0 0 0 0 0 0 0 0 0 0 0 0 0 0 0 0 0 0 0 0 0 0 0 0 0 0 0 0 0 0 0 0 0 0 0 0 0 0 0 0 0 0 0 0 0 0
0 0 0 0 0 0 0 0 0 0 0 0 0 0 0 0 0 0 0 0 0 0 0 0 0 0 0 0 0 0 0 0 0 0 0 0 0 0 0 0 0 0 0 0 0 0 0 0 0 0
0 0 0 0 0 0 0 0 0 0 0 0 0 0 0 0 0 0 0 0 0 0 0 0 0 0 0 0 0 0 0 0 0 0 0 0 0 0 0 0 0 0 0 0 0 0 0 0 0 0
0 0 0 0 0 0 0 0 0 0 0 0 0 0 0 0 0 0 0 0 0 0 0 0 0 0 0 0 0 0 0 0 0 0 0 0 0 0 0 0 0 0 0 0 0 0 0 0 0 0
0 0 0 0 0 0 0 0 0 0 0 0 0 0 0 0 0 0 0 0 0 0 0 0 0 0 0 0 0 0 0 0 0 0 0 0 0 0 0 0 0 0 0 0 0 0 0 0 0 0
0 0 0 0 0 0 0 0 0 0 0 0 0 0 0 0 0 0 0 0 0 0 0 0 0 0 0 0 0 0 0 0 0 0 0 0 0 0 0 0 0 0 0 0 0 0 0 0 0 0
>numMutationCategories:
1
>numSelectionCategories:
1
>categoryProbabilities:
1 
>selectionIsInMixture:
***
0 
>mutationIsInMixture:
***
0 
>obsPhiSets:
0
>currentSynthesisRateLevel:
***
0.246778 0.449497 0.917173 1.77926 0.787835 3.18796 0.312387 1.20481 0.406426 0.49367
0.334657 0.832506 0.58858 1.1037 1.20593 0.336074 0.307338 0.614236 1.38554 0.267036
0.274166 1.12667 0.643041 0.506624 0.378709 1.16915 0.871018 0.166791 0.36052 1.40225
0.83764 0.642103 0.445527 0.539582 1.16484 1.00182 0.680553 1.04465 2.1261 0.864736
0.64735 1.27095 3.12404 0.454268 3.49625 1.16722 1.45266 2.18161 1.56423 0.897531
1.42571 2.09129 0.846882 0.458287 0.934453 0.749899 1.12569 0.779593 0.537834 0.198613
0.56085 0.661882 0.337432 0.666238 3.13538 1.45949 3.23753 1.04864 1.43714 0.229981
0.436406 1.05293 1.14436 1.11358 0.925958 0.262108 0.14894 0.227762 1.17685 0.130739
1.58332 0.425963 0.628729 0.990742 1.42993 1.48968 0.605296 0.678954 1.2792 0.986541
1.62547 0.571066 0.59057 1.25246 1.02859 0.996948 0.222866 1.56941 0.693834 0.576143
0.623725 2.13576 1.3403 0.453844 1.27881 0.411181 1.96404 0.791814 0.300798 0.672544
0.549632 1.68259 0.244344 0.630309 0.205813 0.372779 0.857335 1.23014 1.66987 0.636008
0.330188 0.60144 0.464525 1.67293 0.138224 0.395049 1.31554 1.3672 2.60356 0.764094
0.352279 0.373434 1.04265 0.427797 0.235154 1.23336 1.74168 2.3563 0.720614 0.591384
0.923094 0.376553 0.415992 1.43979 0.813624 1.34301 0.465849 1.64493 0.730981 0.805097
0.503727 1.83378 0.677359 0.399821 0.291346 1.19844 0.952398 0.331206 0.745603 0.337922
2.28002 0.664587 0.710341 1.02965 1.56343 0.994584 0.678331 0.829017 0.610844 0.707053
1.02218 0.380346 0.348806 1.16111 0.948883 1.34494 0.726185 1.69476 0.489342 0.702945
0.383137 0.634011 0.740378 1.54251 0.981112 0.586996 0.639259 1.31111 0.807827 0.631099
0.694459 1.07837 0.797743 1.18592 0.644749 0.344258 1.11763 0.295018 0.472634 0.81345
1.78761 0.23538 0.453681 1.68987 2.14239 0.361415 0.516846 1.44595 0.94923 0.646601
0.444037 1.33108 0.374958 0.755643 1.51419 1.10846 0.882864 0.360382 0.435499 1.086
0.577694 0.149867 1.35417 0.193294 1.07525 0.234589 0.292598 1.2851 0.54747 0.343641
0.473891 0.357602 0.555651 0.301998 1.15175 0.326834 0.761149 0.29273 0.947686 3.54552
0.858392 1.80501 2.26734 2.55439 0.532789 0.924882 1.59379 0.561132 1.50665 0.578906
1.25768 1.58334 1.89404 1.43749 0.570513 0.531991 0.76512 0.821806 0.351047 1.05637
0.788312 0.138921 0.373239 0.263415 0.498248 0.218353 0.28963 1.29125 1.93286 0.437623
0.966558 1.09358 0.879075 0.50991 0.140828 0.519803 0.39307 0.7008 0.774429 0.639854
0.29913 4.26194 3.0175 1.36228 0.994044 1.11412 1.38319 1.2736 0.790739 0.510733
0.505149 0.456974 0.428 0.262038 1.86289 1.96029 0.67122 0.314233 0.985352 0.523215
0.660511 0.727852 0.550595 0.172016 0.504572 1.85172 4.07954 0.296657 1.5192 1.42687
1.07859 2.43782 0.732427 0.781129 1.6013 1.2775 1.0897 1.2073 2.04438 1.25665
1.83465 0.790951 0.328308 1.08751 4.44075 1.06639 0.533454 0.39634 0.457893 0.39478
0.271558 0.571608 0.979548 0.984343 0.539576 0.591934 1.31726 0.825243 0.635339 0.618065
1.6044 0.630204 1.37382 0.543564 1.34473 0.754654 0.561131 0.542784 0.552922 0.502629
1.10172 0.365219 1.99684 0.909524 0.997213 0.93761 1.49224 0.75423 0.650236 1.18772
1.74998 0.55226 1.12455 1.4725 0.351666 0.759846 0.512492 1.1771 3.00587 1.49842
0.934332 1.55236 0.507825 0.159517 1.14905 0.810626 0.359986 1.39502 0.661824 1.04049
3.11246 0.577182 0.410663 2.01729 2.19449 1.75927 3.3176 0.40709 0.500233 0.844738
1.55945 0.352348 0.463441 1.38652 1.40347 0.644623 0.697351 1.04001 1.3756 0.658569
0.764793 1.28602 1.00471 0.473793 0.711393 1.0323 3.52342 0.828463 1.05915 0.450131
0.534223 0.351459 1.6413 0.757679 1.2584 1.20693 0.418092 0.898016 1.09531 0.260096
0.795171 0.715935 0.523377 0.46131 0.414282 0.298302 0.408676 1.00898 0.281292 0.386946
0.566473 0.184419 0.595734 0.624769 0.992571 0.605669 1.00185 2.25302 1.13751 2.23152
0.296989 1.46439 0.280185 0.780825 0.795368 0.334507 1.67769 0.355988 0.90181 0.238069
0.1753 0.36207 0.495711 0.357063 0.250915 0.523317 3.94948 1.07963 1.19743 0.92063
0.201321 0.755879 0.701633 1.20054 1.33373 1.27352 1.5018 1.39067 0.957644 1.05012
0.126052 1.34772 0.791051 3.18684 0.18759 0.98587 0.643779 1.4797 2.15881 0.370282
1.00624 1.44129 1.05845 1.05062 1.42586 1.42291 1.18732 1.18944 2.26411 0.974944
0.421267 0.665449 1.77988 1.73438 0.765098 1.3321 0.85566 0.43061 0.792454 0.630643
0.630631 1.06034 1.26534 0.14195 0.624568 0.524252 0.83839 0.156087 1.45875 2.93518
0.149922 1.04347 1.13236 1.1302 1.25676 0.168459 0.91423 1.12753 0.829553 0.469309
2.79652 1.00121 0.785872 2.15985 1.08331 1.88293 4.18921 1.55376 0.500864 3.54777
2.42482 0.576328 0.474455 0.422518 2.6881 0.752021 2.16867 0.41832 0.771643 1.33167
0.789395 0.913907 0.55331 0.49563 0.794736 0.295379 0.477282 0.637453 1.47175 0.320727
2.28785 2.94143 0.649283 0.681015 0.914735 1.20635 0.621022 0.675817 2.68827 0.950661
2.19947 1.35195 0.999037 0.493381 1.68568 0.165347 2.46845 0.697495 0.830137 0.549511
0.34552 0.899649 0.962209 0.824477 0.490589 0.7626 0.374476 0.270018 1.45111 0.834634
0.757122 0.344443 0.77469 0.425134 1.73008 0.511473 0.786499 0.219301 0.627834 1.2495
0.573744 0.887262 0.887634 0.298231 0.988696 0.664973 0.705278 0.65196 1.12377 0.360802
0.466903 4.26079 0.608988 0.949379 0.973648 1.50214 0.851822 0.323519 1.21595 2.52455
0.628982 0.503612 0.74965 1.01111 0.276623 0.479883 0.43545 0.383744 0.438946 1.1013
1.20866 1.39733 0.930483 0.606075 0.612291 0.86108 0.582586 0.568526 1.97095 0.749612
1.38141 0.545497 0.895129 0.426717 0.776923 1.03657 1.14123 1.27566 0.68042 0.871513
0.399853 1.24556 3.09514 1.02483 0.665965 1.53556 1.65732 0.739897 0.635028 0.935464
1.30826 2.53411 0.643855 0.722235 0.30877 0.618005 0.642456 1.02273 0.345776 0.394089
1.60522 1.61779 1.63808 4.38575 0.280698 0.911474 1.31796 0.728074 0.765336 1.14144
0.800457 1.38769 0.657467 0.372684 1.34277 1.00423 0.306304 0.517383 2.08533 0.632222
0.540883 1.25095 0.290078 0.846325 0.474123 1.65361 0.929734 0.616858 0.985806 0.453452
1.69028 1.53146 1.78078 0.537943 0.503209 1.18695 0.232242 0.804152 1.76112 0.555924
0.339901 1.55161 0.724348 0.633343 1.25692 0.714488 1.53842 0.817148 1.41512 0.478083
0.529309 0.727213 0.885098 0.34884 1.15859 0.808867 0.543362 0.677452 0.711451 0.278655
0.379044 2.43847 2.896 0.226095 1.21432 0.895537 0.262014 0.403101 1.1641 0.594768
1.35269 3.38889 1.02238 1.24016 0.291342 0.629543 0.725825 0.538013 0.144044 0.670929
1.53744 0.753437 0.961638 0.43557 0.779555 0.369551 0.193897 1.00274 0.358833 0.953903
1.74672 0.357724 0.881247 0.48194 0.780448 0.684046 1.85263 1.55426 1.07325 0.367958
1.24007 1.96156 0.423375 0.604116 0.779322 0.231643 0.707828 0.808706 0.30091 0.997849
1.25011 0.354167 0.680559 0.806767 0.549486 0.808962 0.796795 0.324755 0.507648 2.41115
0.261243 0.589859 0.521875 0.806281 2.59304 0.634693 1.19301 1.74801 2.05842 1.19958
1.03472 2.54134 1.21258 0.786174 0.470851 0.678709 1.89983 0.806931 0.346515 0.476715
0.844602 0.392515 1.01521 1.21289 1.4261 0.302069 0.548251 1.89626 0.329803 0.560005
1.46892 2.23944 0.704772 0.605669 0.534505 2.72773 0.553198 1.13663 0.853733 0.521075
1.17783 0.925419 0.255128 0.776964 2.28182 0.945221 0.15872 1.38 0.282671 0.652492
1.08452 0.260039 0.535351 0.619681 1.3376 0.728416 1.10529 0.836933 0.760919 0.735418
4.57423 0.801792 0.423359 2.76549 0.179776 1.70884 0.616794 1.38604 0.498961 3.85792
0.797417 0.496571 1.16252 0.322156 0.593468 0.656473 1.177 0.445858 0.696252 0.363776
2.01331 1.41182 0.319574 0.485355 1.85421 0.196021 0.806859 0.260048 1.11427 0.839003
1.89871 0.638167 1.11535 1.1207 0.655845 0.681257 0.27271 1.58892 0.889055 0.571037
0.669209 1.4709 0.352318 0.366796 0.954407 1.12252 1.49867 0.369937 0.807501 0.325152
0.264355 2.78835 1.16629 0.716842 0.827873 0.795558 0.573637 0.366551 1.39259 0.97749
1.28502 0.551345 0.815319 0.938365 0.710653 0.638274 1.01541 0.853083 0.811834 0.981002
0.281313 0.890891 0.496673 0.617863 1.06111 0.500281 0.905156 1.2278 0.558981 0.760161
1.89899 0.41672 0.551121 0.875967 0.556674 0.888705 0.92281 1.09305 0.386225 0.523399
1.25396 1.25849 0.493812 1.07344 1.51983 0.76568 0.24018 1.13323 0.257432 1.00341
2.90306 0.773354 0.437072 1.77547 0.752497 0.662704 0.378831 0.363951 0.836079 0.693909
1.24362 0.749189 0.382437 0.561376 0.930104 0.735447 0.93851 0.908742 1.09784 0.418248
1.46624 1.085 0.44383 1.20841 1.65349 0.311949 0.807308 0.488063 1.12905 0.851645
0.172209 0.807066 0.564226 0.73273 0.287661 2.89356 0.277475 0.568049 0.961974 1.07178
0.524534 0.940027 1.5599 0.772742 0.557202 1.18566 0.978721 0.803858 1.1533 0.132807
0.983096 0.412302 1.75607 1.13114 0.496449 0.597395 0.854307 0.16371 0.241352 0.929157
0.774674 0.655282 0.361938 0.636933 0.358559 0.703004 2.39507 1.86313 0.402417 0.819007
2.05297 1.05402 0.389165 0.306559 0.949683 0.798797 0.553344 3.74251 0.361363 0.459755
2.21975 1.25733 1.985 2.09139 2.52353 1.09073 0.57652 0.729746 1.3711 0.819319
0.996869 0.578137 0.450316 0.749617 0.649674 1.11542 0.995179 0.730729 0.318738 0.124401
2.5684 0.801592 1.0168 0.8174 0.945592 0.855532 0.977836 1.92303 0.789472 0.531445
0.544429 0.430794 0.342543 0.41935 1.05022 3.02703 0.715748 1.01699 1.06738 0.275872
0.192781 0.847905 4.58538 0.821445 0.585284 0.958181 0.44894 0.792795 0.430105 0.735047
1.14197 1.18913 0.491011 0.20954 3.09289 0.385662 0.449529 0.729784 0.259311 1.0357
0.84547 0.701515 0.925525 1.41468 0.915318 0.484062 0.876669 0.428347 0.491588 0.567151
1.91409 0.662808 1.01254 0.402225 1.28015 3.00054 0.228987 0.596035 0.596387 1.72221
0.334655 0.146174 0.654388 1.65545 1.00397 0.16123 0.853795 0.798809 0.86591 0.899484
1.54235 1.608 0.215088 0.307834 0.860542 0.784754 0.376247 0.846396 0.423257 0.586075
0.671098 0.754529 0.297947 1.66383 0.63753 0.551827 1.00794 0.342491 0.499255 2.29361
1.13129 0.29075 0.56349 0.452825 1.34903 0.188126 1.10256 0.302999 0.754301 0.329194
0.918746 1.23364 1.23776 0.891877 1.39665 0.710983 0.564147 0.480648 0.78859 1.63533
0.862036 1.10757 0.681196 2.23109 0.730364 0.652282 0.397394 1.14509 0.952631 1.32592
1.04726 0.651555 0.406892 2.39742 0.800889 4.65337 1.34893 0.345334 2.45836 1.72648
0.803635 1.08197 1.08711 0.986008 1.73211 1.70331 1.00072 0.656485 0.752696 1.37503
0.874108 1.3252 0.323785 1.56938 0.498025 0.76161 1.76269 0.341615 0.249035 1.06654
0.693886 0.386201 0.486538 0.357518 0.74046 1.07537 1.36429 0.993748 0.907936 0.381725
1.22261 1.11447 1.61148 0.729852 0.612856 0.515578 1.11184 0.611822 0.281965 0.514342
1.16942 0.356868 0.833316 1.45263 0.42013 1.17147 0.435282 1.30474 1.98762 0.880201
0.672728 0.604683 1.33021 0.911048 0.437003 0.520676 0.99895 0.464243 0.686784 0.427205
1.78377 0.446142 0.766112 2.35924 1.59419 0.333741 0.393697 0.411946 1.53901 2.56871
0.457054 1.06258 1.78863 0.866673 1.49719 0.930318 0.941504 1.23305 2.50649 1.04408
0.41202 1.45283 0.459033 2.19085 0.985733 1.03428 0.697643 1.06321 0.806167 1.82807
1.57627 1.7141 0.953852 1.37009 0.874192 0.64532 1.04143 0.993701 2.93436 0.816315
0.521199 0.653106 0.406845 0.836782 1.21893 0.482039 0.383787 0.571236 0.524379 0.86936
1.21441 2.47996 0.765068 0.935352 1.08468 1.36286 1.02469 0.728363 1.69508 0.803678
1.15341 1.2069 0.851117 4.44222 1.08731 1.99143 3.42074 0.928359 0.76174 0.817948
1.23168 0.382332 1.92952 0.51434 1.08092 1.29897 0.491931 1.07749 0.868799 2.01676
1.11415 1.77855 1.51787 0.671463 1.11821 1.60872 0.59452 1.04532 1.0078 0.607976
0.505105 0.800212 0.922942 0.701253 0.623159 1.19681 1.13736 0.484103 0.520508 1.03039
1.70812 0.566055 0.670541 0.270134 0.594289 0.235639 1.0883 0.596244 0.98033 1.60882
0.600384 0.666195 0.579657 0.430389 0.244703 1.67918 1.07716 1.35382 1.68908 2.97159
0.309924 0.911512 0.739632 1.19849 0.366083 1.56445 1.74341 0.650989 1.88661 0.474487
0.849897 0.711769 0.54413 1.80189 2.1414 0.498488 0.620569 1.03416 0.418444 0.597041
0.789352 1.915 1.30303 1.34124 0.730267 1.18845 1.09141 0.777315 0.842158 0.597831
1.45021 0.857635 0.78462 0.905007 0.642183 0.562328 1.34165 1.84489 0.701136 0.694702
0.340872 0.874421 1.76621 1.34307 0.527637 0.405562 0.257666 0.482056 0.446405 2.01788
0.52851 0.635704 1.26935 0.69546 1.03842 1.4997 1.95587 1.79991 0.416403 1.33027
0.694448 0.87044 0.764835 1.9249 0.41149 0.727987 1.21694 0.526791 0.594291 0.927208
0.59399 0.181476 2.11315 1.63487 0.685516 0.329022 0.957137 0.488562 0.809342 0.798425
1.32205 0.783964 0.485475 0.254389 0.40027 2.00232 1.36927 1.75993 0.945185 0.910103
0.461028 0.277541 3.13401 0.280418 0.912474 0.604456 0.892293 0.399018 0.687098 0.829548
1.01117 1.61089 0.940463 0.465222 1.03593 0.853472 2.18217 0.683796 1.32613 0.636127
0.902346 2.28484 0.379812 2.63018 0.76303 1.02211 2.50928 0.72608 2.10559 0.397774
1.1333 1.49919 1.27489 0.264538 0.694334 1.08649 0.818193 1.50282 1.23918 1.59171
0.230424 1.64574 1.73579 1.40893 1.5683 0.722938 1.0943 0.824795 0.688206 0.587187
0.470196 0.536918 0.937554 0.953637 0.758778 0.49112 1.22504 1.17764 0.868618 1.37042
>noiseOffset:
>observedSynthesisNoise:
>std_NoiseOffset:
>mutation_prior_mean:
***
0 0 0 0 0 0 0 0 0 0
0 0 0 0 0 0 0 0 0 0
0 0 0 0 0 0 0 0 0 0
0 0 0 0 0 0 0 0 0 0
>mutation_prior_sd:
***
0.35 0.35 0.35 0.35 0.35 0.35 0.35 0.35 0.35 0.35
0.35 0.35 0.35 0.35 0.35 0.35 0.35 0.35 0.35 0.35
0.35 0.35 0.35 0.35 0.35 0.35 0.35 0.35 0.35 0.35
0.35 0.35 0.35 0.35 0.35 0.35 0.35 0.35 0.35 0.35
>std_csp:
0.1 0.1 0.1 0.1 0.1 0.1 0.1 0.1 0.1 0.1
0.1 0.1 0.1 0.1 0.1 0.1 0.1 0.1 0.1 0.1
0.1 0.1 0.1 0.1 0.1 0.1 0.1 0.1 0.1 0.1
0.1 0.1 0.1 0.1 0.1 0.1 0.1 0.1 0.1 0.1
>currentMutationParameter:
***
-0.429325 1.02262 0.74488 0.681445 1.14349 -1.16851 0.788233 -0.711343 0.69557 0.691716
0.978867 0.421566 1.19785 -1.30049 0.386902 0.970087 0.612 0.181486 -0.309837 1.05103
-0.510501 0.830762 0.274889 -0.849641 -0.979503 0.165079 -0.958399 0.943821 0.135221 -0.492066
0.843827 0.557138 -0.429917 1.19539 0.713116 0.435558 0.95629 0.556753 0.911646 0.889405
>currentSelectionParameter:
***
0.603209 -0.350635 0.290887 -0.533565 -0.385769 0.650507 -0.93344 -0.350949 -0.156029 0.186546
-0.583579 1.11648 -0.717557 0.973351 0.639329 -0.644539 -0.116082 -0.262815 1.43815 -0.658326
-0.649741 -0.193026 -0.375367 0.141126 0.585768 0.91834 0.953906 -0.158782 0.766129 0.394799
-0.397073 -0.193719 0.419563 -0.591555 0.0932614 0.573179 -0.396899 -0.0325831 -0.719488 -0.638152
>covarianceMatrix:
A
0.000271803	2.98588e-05	-3.40172e-05	-0.000123013	3.94647e-06	7.82728e-05	
2.98588e-05	0.000223715	6.22417e-05	-3.1558e-05	-0.000103232	-2.09345e-06	
-3.40172e-05	6.22417e-05	0.000350701	6.47378e-05	-2.84453e-05	-0.000191297	
-0.000123013	-3.1558e-05	6.47378e-05	0.000112538	2.52221e-05	-6.08254e-05	
3.94647e-06	-0.000103232	-2.84453e-05	2.52221e-05	0.000110013	2.18869e-05	
7.82728e-05	-2.09345e-06	-0.000191297	-6.08254e-05	2.18869e-05	0.000214668	
***
>covarianceMatrix:
C
0.00160809	-0.00109723	
-0.00109723	0.00111228	
***
>covarianceMatrix:
D
0.000977541	-0.000605889	
-0.000605889	0.000540158	
***
>covarianceMatrix:
E
0.000920123	-0.000701696	
-0.000701696	0.000704225	
***
>covarianceMatrix:
F
0.000782867	-0.000644582	
-0.000644582	0.000709042	
***
>covarianceMatrix:
G
0.000583207	0.000219227	0.000323955	-0.000378988	-0.000109484	-0.000196267	
0.000219227	0.000358593	0.000127283	-0.000112273	-8.44379e-05	1.15985e-05	
0.000323955	0.000127283	0.000930999	-0.000261177	-6.44663e-05	-0.000376523	
-0.000378988	-0.000112273	-0.000261177	0.000403082	0.000141855	0.000215972	
-0.000109484	-8.44379e-05	-6.44663e-05	0.000141855	9.44522e-05	5.46774e-05	
-0.000196267	1.15985e-05	-0.000376523	0.000215972	5.46774e-05	0.000349685	
***
>covarianceMatrix:
H
0.00202318	-0.00141653	
-0.00141653	0.00149444	
***
>covarianceMatrix:
I
0.000694459	0.000178361	-0.000617192	-5.55931e-05	
0.000178361	0.000714735	-0.000422888	-0.000428257	
-0.000617192	-0.000422888	0.00120349	0.000241021	
-5.55931e-05	-0.000428257	0.000241021	0.000342912	
***
>covarianceMatrix:
K
0.000833801	-0.000562801	
-0.000562801	0.000537246	
***
>covarianceMatrix:
L
0.000457007	0.000157811	0.000272133	8.41984e-05	7.92453e-07	-0.000367803	-0.00012285	-0.000204838	-9.22319e-05	6.24575e-06	
0.000157811	0.000247839	0.00010123	6.33328e-05	1.88384e-05	-0.000158285	-0.000120423	-5.40571e-05	-8.95717e-05	-1.4273e-06	
0.000272133	0.00010123	0.000450204	0.000110955	-1.14239e-05	-0.000211871	-7.30665e-05	-0.000263805	-6.12327e-05	-6.56335e-06	
8.41984e-05	6.33328e-05	0.000110955	0.000138154	2.44012e-06	-7.61411e-05	-3.61608e-05	-6.4805e-05	-6.97388e-05	-2.01328e-05	
7.92453e-07	1.88384e-05	-1.14239e-05	2.44012e-06	0.000179124	8.17387e-05	3.88608e-05	6.09925e-05	3.51028e-05	1.48442e-05	
-0.000367803	-0.000158285	-0.000211871	-7.61411e-05	8.17387e-05	0.000456004	0.000160647	0.000224802	0.000138808	2.16018e-06	
-0.00012285	-0.000120423	-7.30665e-05	-3.61608e-05	3.88608e-05	0.000160647	0.00012646	7.09637e-05	7.7103e-05	1.55347e-05	
-0.000204838	-5.40571e-05	-0.000263805	-6.4805e-05	6.09925e-05	0.000224802	7.09637e-05	0.000252451	5.73502e-05	7.5953e-06	
-9.22319e-05	-8.95717e-05	-6.12327e-05	-6.97388e-05	3.51028e-05	0.000138808	7.7103e-05	5.73502e-05	0.000101997	2.88491e-05	
6.24575e-06	-1.4273e-06	-6.56335e-06	-2.01328e-05	1.48442e-05	2.16018e-06	1.55347e-05	7.5953e-06	2.88491e-05	3.9149e-05	
***
>covarianceMatrix:
N
0.000745445	-0.000643084	
-0.000643084	0.000780154	
***
>covarianceMatrix:
P
0.000392214	0.000231962	0.000214904	-0.000188375	-0.00014131	-8.24778e-05	
0.000231962	0.000680309	0.000114294	-4.27091e-05	-0.000358498	6.81188e-07	
0.000214904	0.000114294	0.00035098	-5.22316e-05	-8.621e-05	-0.000132672	
-0.000188375	-4.27091e-05	-5.22316e-05	0.000200034	7.83819e-05	5.16988e-05	
-0.00014131	-0.000358498	-8.621e-05	7.83819e-05	0.000305788	4.68102e-05	
-8.24778e-05	6.81188e-07	-0.000132672	5.16988e-05	4.68102e-05	0.000111897	
***
>covarianceMatrix:
Q
0.000669716	-0.000480139	
-0.000480139	0.000555748	
***
>covarianceMatrix:
R
0.00036198	-2.02417e-05	0.000127298	3.84753e-05	0.000115012	-0.000169916	-3.25187e-05	-3.70853e-05	2.2827e-05	4.29334e-05	
-2.02417e-05	0.000649967	4.36949e-05	9.42019e-05	4.9603e-06	-0.000116634	-0.00016271	-0.000134253	-0.000144717	-0.000203721	
0.000127298	4.36949e-05	0.000322205	0.000117052	0.000102816	-9.97762e-05	3.20722e-05	-0.000163667	-1.04515e-05	-2.66463e-05	
3.84753e-05	9.42019e-05	0.000117052	0.000179115	0.000139513	-3.94861e-05	1.05511e-05	-4.18031e-05	-5.52529e-05	-7.91881e-05	
0.000115012	4.9603e-06	0.000102816	0.000139513	0.00042094	-4.19994e-05	2.90442e-05	5.10533e-05	-3.28196e-05	-9.59981e-05	
-0.000169916	-0.000116634	-9.97762e-05	-3.94861e-05	-4.19994e-05	0.000224258	0.000105188	0.000133972	8.08795e-05	4.28621e-05	
-3.25187e-05	-0.00016271	3.20722e-05	1.05511e-05	2.90442e-05	0.000105188	0.000272302	8.20859e-05	6.91398e-05	5.33658e-05	
-3.70853e-05	-0.000134253	-0.000163667	-4.18031e-05	5.10533e-05	0.000133972	8.20859e-05	0.000235288	6.74919e-05	4.30308e-05	
2.2827e-05	-0.000144717	-1.04515e-05	-5.52529e-05	-3.28196e-05	8.08795e-05	6.91398e-05	6.74919e-05	0.000128534	0.000110279	
4.29334e-05	-0.000203721	-2.66463e-05	-7.91881e-05	-9.59981e-05	4.28621e-05	5.33658e-05	4.30308e-05	0.000110279	0.000174003	
***
>covarianceMatrix:
S
0.000418592	2.97245e-05	3.03993e-05	-0.000323356	1.12969e-05	-4.07265e-06	
2.97245e-05	0.000653275	0.000290706	3.78232e-05	-0.000349798	-0.000201632	
3.03993e-05	0.000290706	0.00055816	8.80953e-05	-0.00013054	-0.000311324	
-0.000323356	3.78232e-05	8.80953e-05	0.000466077	6.6787e-05	-8.45489e-06	
1.12969e-05	-0.000349798	-0.00013054	6.6787e-05	0.000337272	0.000163047	
-4.07265e-06	-0.000201632	-0.000311324	-8.45489e-06	0.000163047	0.000272571	
***
>covarianceMatrix:
T
0.000279893	0.00019113	2.9992e-05	-0.000154718	-0.000103398	-2.20993e-05	
0.00019113	0.000568915	-0.000129319	-9.26746e-05	-0.000285711	7.07256e-05	
2.9992e-05	-0.000129319	0.000579955	3.85151e-05	0.000126913	-0.000243947	
-0.000154718	-9.26746e-05	3.85151e-05	0.000194097	6.48629e-05	1.7111e-05	
-0.000103398	-0.000285711	0.000126913	6.48629e-05	0.000245647	-4.94124e-05	
-2.20993e-05	7.07256e-05	-0.000243947	1.7111e-05	-4.94124e-05	0.000214545	
***
>covarianceMatrix:
V
0.000538631	1.39328e-05	-2.59529e-05	-0.000376252	1.03155e-05	-5.27281e-06	
1.39328e-05	0.000329762	2.91645e-05	2.49668e-05	-0.000132854	-6.16533e-06	
-2.59529e-05	2.91645e-05	0.000306003	5.38318e-05	-2.13646e-05	-0.00013665	
-0.000376252	2.49668e-05	5.38318e-05	0.000460385	1.00411e-05	1.7588e-05	
1.03155e-05	-0.000132854	-2.13646e-05	1.00411e-05	0.000155173	4.51257e-05	
-5.27281e-06	-6.16533e-06	-0.00013665	1.7588e-05	4.51257e-05	0.000152782	
***
>covarianceMatrix:
Y
0.00080658	-0.000546264	
-0.000546264	0.000592775	
***
>covarianceMatrix:
Z
0.00281003	-0.00206031	
-0.00206031	0.00208326	
***
