>groupList:
A C D E F G H I K L
N P Q R S T V Y Z 
>stdDevSynthesisRate:
0.635594 
>numParam:
40
>numMixtures:
1
>std_stdDevSynthesisRate:
0.0751447
>std_phi:
***
1.74435 0.893108 0.687005 0.28911 0.571589 0.451734 1.39547 0.825725 0.635175 1.20748
0.965985 0.743065 0.893107 0.488597 0.635175 0.928833 1.4513 0.714482 0.743066 0.928826
1.11638 1.11638 0.858757 0.858757 1.16104 1.67725 0.571588 1.34181 0.793967 0.422773
0.549604 1.20748 0.714486 0.965985 0.571589 0.714487 0.825728 0.351747 0.50814 1.4513
1.20749 0.406512 0.325211 0.928831 0.260167 0.635175 0.549604 0.270575 0.50814 0.743065
0.858757 0.528466 0.825728 1.39547 0.660583 0.714487 0.687005 1.74435 1.39548 1.4513
0.928832 0.687007 0.803702 0.390877 0.113865 0.375844 0.406512 0.825725 0.714487 0.893107
1.50935 0.635175 0.594452 0.528466 1.11638 1.4513 1.20748 1.4513 1.03216 1.25578
1.39548 1.88669 0.743066 0.858757 1.16104 0.825727 1.20748 0.610745 0.250162 0.743065
0.610746 0.528465 0.687006 0.457271 0.858759 1.74434 1.20748 0.687005 1.20748 1.39547
1.16104 0.148024 0.528465 1.50934 0.260168 0.965985 0.549605 1.29019 1.20749 0.825729
0.858757 0.312702 1.11638 0.858748 1.11638 1.30601 0.528466 0.528466 0.488595 0.594452
0.928832 0.549604 1.03215 0.528466 1.16104 1.20747 0.660583 0.549604 0.50814 0.406512
1.88669 0.928835 0.312702 1.50935 1.34181 1.00462 0.508141 0.390877 0.928832 1.16104
1.11638 1.88669 1.20747 0.439684 0.50814 0.687005 0.858749 0.469805 1.20748 1.56973
1.07345 0.351747 0.928832 1.11638 1.34181 0.549604 1.4513 0.928833 0.965988 1.20748
0.858757 0.743068 0.488597 0.858757 0.390877 0.687005 1.39548 0.660582 0.893107 0.965985
0.457271 1.2902 1.81412 0.475561 0.714485 1.39548 0.439683 0.687006 0.858752 1.69781
1.07345 0.743066 0.928836 0.469805 0.549604 0.743065 0.743065 0.714485 0.618231 0.965985
1.19286 0.763432 0.528467 0.351747 1.16104 1.16104 0.571588 1.34181 1.00462 1.16104
0.361389 1.3418 1.4513 0.803693 0.300674 1.67726 0.893107 0.422773 0.8037 1.00462
0.858752 0.50814 1.6325 1.11638 0.549604 0.858756 0.687004 0.743063 1.11638 0.858757
1.11638 1.56973 0.50814 1.39548 0.361388 1.4513 1.20748 0.439684 1.39548 0.965985
0.772785 1.11639 1.16104 0.642961 0.687005 1.81412 0.825725 1.50935 0.714487 0.406512
0.928833 0.406513 0.508141 1.03216 0.893106 0.687005 0.714487 1.11638 1.39547 0.893102
1.16104 0.772783 0.687005 0.338218 0.893107 0.965985 1.50935 0.858757 1.61274 0.549605
0.743066 1.4513 1.11638 1.16104 1.16104 1.25578 1.4513 0.965985 0.257018 0.928835
0.406513 0.772785 0.422772 1.03216 1.4513 0.893109 1.88669 1.56973 0.928832 1.20748
0.893107 0.222393 0.312702 0.668677 0.618231 0.772788 0.687006 0.825727 0.508141 0.858755
0.743067 0.825727 1.45129 1.39548 0.508141 0.439684 0.687005 1.4513 0.594452 1.11638
0.8037 0.893109 0.858756 1.4513 0.92883 0.660583 0.312702 1.11638 0.714485 0.488597
1.11639 0.148024 1.50935 0.743066 0.549604 1.16104 1.81412 1.16103 0.528466 0.375844
0.338217 0.714486 1.03216 0.793969 0.361388 1.11638 0.594452 1.20748 0.714485 1.07345
1.74435 1.11638 0.687006 1.67726 1.03216 0.825729 0.549605 1.63252 0.61823 1.11639
0.772788 0.825728 1.07344 1.39548 0.992464 0.825729 1.50935 1.25578 1.16104 1.88669
0.50814 1.4513 0.508141 0.312702 0.594453 0.687006 1.16103 0.893108 0.893105 0.687006
1.11638 0.893107 0.893107 1.03216 0.928836 0.594452 0.965986 0.30436 0.406512 1.16104
0.422773 1.03216 0.687005 1.39548 0.457271 1.11638 1.20748 1.4513 0.375844 0.635175
0.439683 0.571589 1.39548 0.893107 0.660583 0.475562 0.714487 1.11638 1.81412 1.63252
0.50814 1.07345 0.858757 0.858758 0.763432 0.457271 0.893105 0.390878 0.469805 0.635175
1.16104 0.858757 0.714487 1.11638 0.687006 0.270575 0.32521 1.39548 1.39548 0.893101
1.07344 1.74435 0.793969 1.74435 0.714487 0.528466 1.34181 0.793969 0.893107 1.56973
0.928829 0.439683 1.56973 0.893106 1.4513 1.20748 1.20748 1.96216 1.16103 1.4513
1.11638 1.4513 0.549605 1.16104 1.39548 1.4513 1.11638 1.03216 1.4513 0.793968
1.04481 1.74435 1.11638 0.439684 0.858757 2.45268 0.825728 1.96216 1.34181 1.11638
1.25578 1.4513 1.07345 1.39548 1.39548 1.56973 0.439683 0.571588 0.825728 0.687006
1.39548 0.965986 0.488596 0.549604 0.390877 1.56973 0.375843 0.528466 0.325209 0.594452
1.25578 0.240539 0.32521 0.32521 1.20748 0.893107 1.03216 0.406513 0.390877 0.928836
0.45727 0.549605 1.25578 0.743066 0.50814 0.21646 0.390877 0.858754 0.338218 0.687005
0.858759 0.928832 0.390877 0.338218 1.50935 1.11638 0.50814 1.11638 0.858758 0.610745
1.20749 1.16104 0.928829 1.81412 1.16104 1.16104 0.714487 1.39548 0.687006 0.469803
1.39548 0.687006 0.763432 2.18044 0.928831 1.00462 0.928833 0.528467 0.571589 0.928828
0.338219 0.422773 1.20749 0.240539 0.50814 0.300675 0.390878 0.457271 1.39547 0.488596
0.64296 1.00462 1.50935 1.16104 0.185031 1.16104 0.763432 1.96216 0.928835 0.893102
0.475562 1.56972 0.928831 1.07344 0.714486 1.63252 1.39548 1.11639 0.587256 1.81411
0.594452 0.390877 1.16104 1.20748 1.20748 0.390877 0.893106 0.965979 0.528466 0.743065
0.893106 1.39548 0.50814 1.67726 0.594452 1.74435 0.714487 1.25577 0.594453 1.25578
1.69782 1.16103 0.571588 1.4513 0.965988 1.34181 1.3418 1.81412 0.687006 0.406512
0.660583 1.39548 0.965981 0.858757 0.528465 1.39548 0.714486 1.63252 0.439684 0.488596
0.965978 0.92883 0.422773 1.4513 0.549604 1.56972 1.74435 0.61823 1.20748 1.81411
1.67726 0.528466 0.594452 1.07345 1.16104 0.571588 0.660582 1.16104 0.528466 0.380449
0.858754 0.571588 0.893107 0.772788 2.12227 1.11638 1.11638 0.893107 1.07345 0.635176
0.390878 1.39548 0.928828 0.825727 1.16103 0.893108 1.34181 1.11638 0.858757 0.422772
0.928829 0.928835 0.965981 0.858756 0.714485 0.928829 0.422773 0.24054 0.825726 1.07344
0.858755 0.635175 0.549604 0.365816 0.893107 0.338219 0.390877 0.687007 0.79397 0.893108
0.594452 0.390878 1.3418 1.39548 1.50935 0.635175 0.893107 0.89311 1.4513 1.11637
0.439684 0.528465 0.390878 0.772788 1.25578 0.635176 0.457272 0.743065 0.893105 1.39548
1.3418 0.528465 1.20747 0.928834 0.216459 0.660582 1.4513 1.11638 0.928832 1.34181
1.16104 0.825729 1.11639 0.714487 1.25578 0.334124 0.660583 0.825726 0.571588 1.16104
0.406513 0.375844 0.488596 0.714486 1.4513 0.571588 1.20748 0.928832 0.250162 1.96216
0.858757 0.50814 0.928833 1.45129 0.375844 1.00462 0.549604 1.39547 0.549604 1.50935
0.714483 0.928825 0.422772 0.928829 0.893102 0.928828 1.34181 0.714486 1.11639 1.96216
1.50935 0.660583 0.312702 1.4513 1.20748 0.687006 1.03215 1.11638 0.610746 0.660582
0.635176 0.390877 0.965988 0.893108 1.11639 0.858757 0.714487 0.743063 1.45129 0.475562
0.312702 0.549605 0.660582 1.30601 0.660582 1.39548 1.50935 0.451735 1.11638 0.594452
0.528466 0.825728 0.893109 1.20748 0.803701 1.16104 0.260168 0.375844 1.16104 1.4513
0.660582 0.192431 1.63251 0.714486 0.99246 1.81413 1.16104 1.07345 1.07345 0.528466
0.351746 1.39547 0.660582 1.16104 1.56973 0.549604 0.763432 1.25578 0.965985 0.50814
0.714485 0.422773 1.16104 0.406513 0.687005 0.45727 0.687006 0.825726 1.3418 0.406512
0.687005 1.20749 0.714485 0.893108 1.39548 0.406512 0.564668 0.660582 1.39548 1.88669
0.772787 1.16104 0.893107 0.635176 0.260167 1.50935 0.965986 0.406512 1.11638 1.11639
0.825727 0.277991 0.594452 0.714487 1.39547 0.508141 1.56973 0.96599 1.11638 1.39548
0.571588 0.406513 1.96216 0.858757 0.528466 0.338218 1.07344 0.79397 1.74435 1.50935
0.635175 1.56973 0.793968 0.714486 0.825728 0.50814 0.469805 1.03215 1.07345 0.928828
0.250161 0.660582 1.11638 0.390877 1.50935 1.04481 1.20747 0.714485 1.34181 0.406512
0.743065 1.03216 0.32521 1.07345 1.39548 1.00462 0.549604 0.928828 0.687006 1.81413
0.439684 0.390878 1.16104 0.793968 0.457271 1.4513 0.439684 1.03216 0.564669 0.660583
0.528466 0.772788 1.20748 0.32521 0.928836 0.772788 1.88669 0.325209 0.594453 0.528465
1.39548 0.208134 0.89311 1.34181 0.571589 0.549604 0.743065 1.16104 0.571589 0.928833
1.16104 0.32521 0.528465 0.687006 0.714486 1.07345 0.793968 1.50934 0.528466 0.687006
0.390877 0.635176 1.96215 0.763431 0.965985 1.11638 0.743065 1.24058 0.571589 0.714486
0.965986 0.488596 1.4513 1.20748 0.488597 1.03216 0.858758 0.528466 0.928835 0.406512
0.660582 1.16104 0.660581 0.422772 1.20749 1.4513 0.422772 0.660582 0.89311 0.99246
0.390877 0.325209 1.03216 0.439683 0.549605 0.928832 1.07345 0.361387 1.81413 0.714486
0.528466 1.4513 1.07344 0.528465 0.338219 1.4513 1.16104 1.20748 1.63251 0.635175
0.439684 0.965979 1.4513 1.20748 0.610745 0.549604 0.390877 0.488597 0.240539 1.81413
0.390877 0.528466 1.96216 0.714486 0.858757 1.4513 0.687007 2.35836 0.439684 1.50934
1.39548 0.687005 0.660582 1.20748 1.20749 0.351747 1.4513 1.11639 0.858757 0.422773
0.687006 0.660582 0.660582 0.965988 1.34181 0.390877 0.928826 1.50935 0.45727 1.81412
0.825727 1.20748 0.469804 0.375843 1.88669 1.4513 0.660583 1.39548 1.88669 0.610746
0.928835 1.4513 0.928833 0.893107 0.928832 0.714488 0.893107 0.312701 0.893107 0.687006
0.422773 0.660582 1.16104 1.11638 0.406512 1.25578 0.571589 0.312702 1.50936 0.687006
0.508139 1.20747 0.422772 0.300675 0.488597 1.16104 1.00462 0.660582 0.390877 0.610745
0.564669 0.714485 1.20748 1.16104 1.20748 0.825729 0.858757 0.660582 1.50936 1.20749
0.528466 0.571589 0.571588 0.714486 1.16104 0.687005 2.45269 0.457271 0.549605 1.4513
1.03216 0.928828 1.50935 1.00462 0.50814 0.406512 0.528466 1.07344 1.03215 1.20747
1.16104 0.858757 0.300674 0.687008 0.893105 0.743064 0.772788 0.928832 1.50935 0.858758
1.306 0.32521 1.4513 1.25578 0.422772 1.39548 1.11638 1.16104 0.893102 0.549604
0.687005 0.893107 0.635175 0.177914 0.858757 1.11638 0.714485 1.11638 0.743067 1.81412
0.451734 0.338218 0.687007 0.858757 0.338218 0.105274 1.6325 0.772788 0.825728 0.50814
1.16104 1.16104 1.4513 0.763431 0.825727 1.16104 0.660582 0.687005 1.96216 0.714487
0.928831 0.334124 1.2902 1.39547 0.858758 0.714485 1.50935 0.564668 1.88668 1.39548
1.39548 0.858752 1.4513 0.338218 0.549604 0.893102 0.528466 1.20747 1.16103 0.743066
0.660582 1.4513 1.74435 1.4513 0.390877 0.965985 0.714484 1.88668 1.00462 1.4513
0.660583 0.714486 0.439683 0.422773 0.508141 1.16104 0.635175 1.45129 0.772788 0.488597
1.4513 0.858758 0.893107 0.312702 0.50814 0.825725 1.96216 0.528465 0.32521 1.24057
1.20748 1.39548 1.16103 0.457269 0.858756 0.292654 0.422772 1.16103 0.390877 0.928834
0.475562 1.11638 0.488596 0.406513 0.390877 1.11639 1.20748 1.50935 0.793969 0.325209
1.07344 0.528466 1.88669 0.508141 1.50935 0.714487 0.528466 1.4513 1.56973 0.351746
1.74435 1.56973 0.743065 1.11638 0.928833 1.16103 0.451734 0.422772 0.635175 0.858757
0.549605 0.992461 0.475561 0.439683 0.571587 1.88669 1.4513 1.50935 0.928828 0.793968
1.03215 1.74435 0.893107 0.200129 1.45129 0.508141 0.928831 0.439683 0.635175 0.571589
0.660583 0.992457 0.587256 0.488597 1.63252 1.34181 0.50814 1.16103 0.610746 0.858758
0.439683 0.99246 0.687006 0.635176 0.390878 1.11639 1.16104 1.56972 0.660582 0.325209
2.26766 0.528467 0.439683 0.457271 0.24054 0.687005 0.375844 0.743068 0.406512 0.714485
1.56973 0.390877 1.67726 0.390877 0.635175 0.660582 1.39548 0.406513 0.488596 0.687005
0.250161 0.549605 0.858755 0.351747 0.660582 1.4513 0.687005 0.610745 0.260168 0.858758
2.20716 1.74435 1.3418 1.16103 0.571588 1.4513 1.4513 0.89311 1.29019 0.743065
0.660583 0.714486 0.743066 0.743066 0.714486 0.406513 0.660582 1.2902 0.338217 0.714486
0.687005 0.858758 0.714486 0.508141 0.439683 0.312701 0.743065 0.406512 0.714485 0.660582
0.687005 1.07345 0.687005 0.687002 1.74435 0.687006 1.96216 0.687006 0.687005 0.457271
0.635175 0.508141 0.549605 1.34181 0.618231 0.439684 0.549604 0.375843 0.488596 0.528466
1.63252 0.714485 0.457271 0.714486 1.07345 0.893107 0.571588 0.743063 0.928832 0.928828
0.687005 1.50935 0.61823 1.56973 1.67726 1.20748 0.406512 1.67726 0.825726 0.61823
0.825728 1.50935 1.3418 1.34181 1.67726 0.200129 1.11638 1.11638 0.390878 0.687005
2.35836 0.635175 0.99246 0.289111 0.594453 1.07345 0.222392 1.20748 0.488597 0.858755
0.772792 0.549605 1.45129 0.451734 0.549604 1.4513 1.11639 0.528467 1.20748 1.34181
1.20748 0.549604 0.312701 0.192432 0.635175 0.549604 0.928828 0.406512 0.528465 0.858757
1.11639 0.635175 0.687005 0.772787 0.772789 2.04064 0.528466 0.528466 0.549604 0.793968
1.50936 0.549605 0.660582 0.375843 1.96216 2.04064 1.45129 1.03216 0.687003 0.825729
1.16103 0.488596 0.422773 0.488596 1.16104 0.260168 0.508141 0.528465 1.11639 1.25577
0.687006 0.965988 1.00463 0.300674 1.16104 0.893107 0.594452 0.660582 0.763433 0.687005
1.11638 1.74435 1.11638 0.439683 1.11638 0.928833 0.549605 0.660582 1.07344 0.660582
0.660582 1.25578 1.03216 1.50935 1.39548 0.300675 0.312701 0.528466 0.610746 0.743065
0.825728 1.11638 0.50814 1.11639 0.714485 0.469804 1.20748 0.928836 1.4513 0.610746
0.635176 0.714485 1.16103 1.56973 0.687006 0.528466 0.825728 0.893107 0.610745 0.635174
0.610746 0.549604 1.20748 0.714485 0.928835 0.528466 0.687005 0.76343 0.714487 1.34181
0.610746 0.687005 0.312702 1.16104 0.743065 0.714487 0.50814 0.406512 0.660582 0.571588
1.34181 0.528466 0.635175 0.390876 0.571589 0.858756 0.406512 0.508141 0.893107 1.07345
1.16104 1.39547 0.571588 0.714487 0.793969 0.858756 0.714486 1.25578 0.635175 0.488597
>categories:
0 0
>mixtureAssignment:
0 0 0 0 0 0 0 0 0 0 0 0 0 0 0 0 0 0 0 0 0 0 0 0 0 0 0 0 0 0 0 0 0 0 0 0 0 0 0 0 0 0 0 0 0 0 0 0 0 0
0 0 0 0 0 0 0 0 0 0 0 0 0 0 0 0 0 0 0 0 0 0 0 0 0 0 0 0 0 0 0 0 0 0 0 0 0 0 0 0 0 0 0 0 0 0 0 0 0 0
0 0 0 0 0 0 0 0 0 0 0 0 0 0 0 0 0 0 0 0 0 0 0 0 0 0 0 0 0 0 0 0 0 0 0 0 0 0 0 0 0 0 0 0 0 0 0 0 0 0
0 0 0 0 0 0 0 0 0 0 0 0 0 0 0 0 0 0 0 0 0 0 0 0 0 0 0 0 0 0 0 0 0 0 0 0 0 0 0 0 0 0 0 0 0 0 0 0 0 0
0 0 0 0 0 0 0 0 0 0 0 0 0 0 0 0 0 0 0 0 0 0 0 0 0 0 0 0 0 0 0 0 0 0 0 0 0 0 0 0 0 0 0 0 0 0 0 0 0 0
0 0 0 0 0 0 0 0 0 0 0 0 0 0 0 0 0 0 0 0 0 0 0 0 0 0 0 0 0 0 0 0 0 0 0 0 0 0 0 0 0 0 0 0 0 0 0 0 0 0
0 0 0 0 0 0 0 0 0 0 0 0 0 0 0 0 0 0 0 0 0 0 0 0 0 0 0 0 0 0 0 0 0 0 0 0 0 0 0 0 0 0 0 0 0 0 0 0 0 0
0 0 0 0 0 0 0 0 0 0 0 0 0 0 0 0 0 0 0 0 0 0 0 0 0 0 0 0 0 0 0 0 0 0 0 0 0 0 0 0 0 0 0 0 0 0 0 0 0 0
0 0 0 0 0 0 0 0 0 0 0 0 0 0 0 0 0 0 0 0 0 0 0 0 0 0 0 0 0 0 0 0 0 0 0 0 0 0 0 0 0 0 0 0 0 0 0 0 0 0
0 0 0 0 0 0 0 0 0 0 0 0 0 0 0 0 0 0 0 0 0 0 0 0 0 0 0 0 0 0 0 0 0 0 0 0 0 0 0 0 0 0 0 0 0 0 0 0 0 0
0 0 0 0 0 0 0 0 0 0 0 0 0 0 0 0 0 0 0 0 0 0 0 0 0 0 0 0 0 0 0 0 0 0 0 0 0 0 0 0 0 0 0 0 0 0 0 0 0 0
0 0 0 0 0 0 0 0 0 0 0 0 0 0 0 0 0 0 0 0 0 0 0 0 0 0 0 0 0 0 0 0 0 0 0 0 0 0 0 0 0 0 0 0 0 0 0 0 0 0
0 0 0 0 0 0 0 0 0 0 0 0 0 0 0 0 0 0 0 0 0 0 0 0 0 0 0 0 0 0 0 0 0 0 0 0 0 0 0 0 0 0 0 0 0 0 0 0 0 0
0 0 0 0 0 0 0 0 0 0 0 0 0 0 0 0 0 0 0 0 0 0 0 0 0 0 0 0 0 0 0 0 0 0 0 0 0 0 0 0 0 0 0 0 0 0 0 0 0 0
0 0 0 0 0 0 0 0 0 0 0 0 0 0 0 0 0 0 0 0 0 0 0 0 0 0 0 0 0 0 0 0 0 0 0 0 0 0 0 0 0 0 0 0 0 0 0 0 0 0
0 0 0 0 0 0 0 0 0 0 0 0 0 0 0 0 0 0 0 0 0 0 0 0 0 0 0 0 0 0 0 0 0 0 0 0 0 0 0 0 0 0 0 0 0 0 0 0 0 0
0 0 0 0 0 0 0 0 0 0 0 0 0 0 0 0 0 0 0 0 0 0 0 0 0 0 0 0 0 0 0 0 0 0 0 0 0 0 0 0 0 0 0 0 0 0 0 0 0 0
0 0 0 0 0 0 0 0 0 0 0 0 0 0 0 0 0 0 0 0 0 0 0 0 0 0 0 0 0 0 0 0 0 0 0 0 0 0 0 0 0 0 0 0 0 0 0 0 0 0
0 0 0 0 0 0 0 0 0 0 0 0 0 0 0 0 0 0 0 0 0 0 0 0 0 0 0 0 0 0 0 0 0 0 0 0 0 0 0 0 0 0 0 0 0 0 0 0 0 0
0 0 0 0 0 0 0 0 0 0 0 0 0 0 0 0 0 0 0 0 0 0 0 0 0 0 0 0 0 0 0 0 0 0 0 0 0 0 0 0 0 0 0 0 0 0 0 0 0 0
0 0 0 0 0 0 0 0 0 0 0 0 0 0 0 0 0 0 0 0 0 0 0 0 0 0 0 0 0 0 0 0 0 0 0 0 0 0 0 0 0 0 0 0 0 0 0 0 0 0
0 0 0 0 0 0 0 0 0 0 0 0 0 0 0 0 0 0 0 0 0 0 0 0 0 0 0 0 0 0 0 0 0 0 0 0 0 0 0 0 0 0 0 0 0 0 0 0 0 0
0 0 0 0 0 0 0 0 0 0 0 0 0 0 0 0 0 0 0 0 0 0 0 0 0 0 0 0 0 0 0 0 0 0 0 0 0 0 0 0 0 0 0 0 0 0 0 0 0 0
0 0 0 0 0 0 0 0 0 0 0 0 0 0 0 0 0 0 0 0 0 0 0 0 0 0 0 0 0 0 0 0 0 0 0 0 0 0 0 0 0 0 0 0 0 0 0 0 0 0
0 0 0 0 0 0 0 0 0 0 0 0 0 0 0 0 0 0 0 0 0 0 0 0 0 0 0 0 0 0 0 0 0 0 0 0 0 0 0 0 0 0 0 0 0 0 0 0 0 0
0 0 0 0 0 0 0 0 0 0 0 0 0 0 0 0 0 0 0 0 0 0 0 0 0 0 0 0 0 0 0 0 0 0 0 0 0 0 0 0 0 0 0 0 0 0 0 0 0 0
0 0 0 0 0 0 0 0 0 0 0 0 0 0 0 0 0 0 0 0 0 0 0 0 0 0 0 0 0 0 0 0 0 0 0 0 0 0 0 0 0 0 0 0 0 0 0 0 0 0
0 0 0 0 0 0 0 0 0 0 0 0 0 0 0 0 0 0 0 0 0 0 0 0 0 0 0 0 0 0 0 0 0 0 0 0 0 0 0 0 0 0 0 0 0 0 0 0 0 0
0 0 0 0 0 0 0 0 0 0 0 0 0 0 0 0 0 0 0 0 0 0 0 0 0 0 0 0 0 0 0 0 0 0 0 0 0 0 0 0 0 0 0 0 0 0 0 0 0 0
0 0 0 0 0 0 0 0 0 0 0 0 0 0 0 0 0 0 0 0 0 0 0 0 0 0 0 0 0 0 0 0 0 0 0 0 0 0 0 0 0 0 0 0 0 0 0 0 0 0
>numMutationCategories:
1
>numSelectionCategories:
1
>categoryProbabilities:
1 
>selectionIsInMixture:
***
0 
>mutationIsInMixture:
***
0 
>obsPhiSets:
0
>currentSynthesisRateLevel:
***
0.685131 0.478375 0.777411 1.68424 0.847882 3.91434 0.113762 0.776073 0.462613 0.461846
0.303424 0.858242 0.365095 1.21378 1.58126 0.31632 0.608284 0.481652 1.50363 0.215787
0.26926 1.0581 1.04108 0.585513 0.16276 1.42001 0.758366 0.0675788 0.60666 1.23333
0.777191 0.530786 0.667355 0.78069 0.875311 0.900447 0.89193 1.3141 1.6857 0.850226
0.304666 1.33414 2.65342 0.425758 3.13395 1.17298 1.45718 2.16415 1.9319 0.96413
1.56803 1.90689 0.804461 0.493425 0.913708 0.692916 1.06436 1.28754 0.924693 0.396951
0.627684 0.759954 0.405312 0.781092 2.97469 1.33094 3.39854 1.39929 1.22152 0.335638
0.365916 1.0091 1.04104 1.41562 0.778477 0.205212 0.398822 0.383785 1.05243 0.283548
1.54016 0.305652 0.661265 1.26049 0.874097 0.517271 0.668908 0.80994 1.31682 0.770897
1.4722 0.727532 0.626569 1.50904 0.943938 1.35707 0.473623 1.35009 0.539912 0.443806
0.434002 2.08609 1.19995 0.303454 1.39365 0.586301 1.42883 0.54279 0.318899 0.991915
0.921198 1.61282 0.384369 0.461565 0.442978 0.558072 0.618198 1.01778 1.92742 0.703309
0.587545 0.675763 0.704291 1.82147 0.225167 0.507393 1.60512 1.18797 2.20072 0.8843
0.746579 0.52778 1.12785 0.315786 0.284995 1.01684 1.58181 2.28848 0.830127 0.598432
0.737707 0.693758 0.572738 1.29602 0.939374 1.27959 0.569778 2.06928 0.799838 0.574226
0.521175 1.44943 0.547652 0.418746 0.208196 1.44308 0.955109 0.253434 0.49982 0.427413
2.34604 0.885481 0.711368 0.5213 1.47634 0.842329 0.34221 0.869929 0.990558 0.676509
0.965621 0.322362 0.481045 1.07204 0.766281 1.01857 0.92915 1.19194 0.47301 0.467283
0.343899 0.679894 1.05772 1.66134 0.973758 0.777479 0.86707 1.49074 0.919284 0.573079
0.290936 1.32208 0.799952 1.05916 0.818109 0.37286 0.979395 0.60114 0.374203 0.926714
1.85767 0.160593 0.723135 0.745493 2.28995 0.317346 0.474165 1.35249 0.978768 0.623772
0.300384 1.16703 0.567547 0.585112 1.09508 1.22113 0.966547 0.656001 0.614319 0.945223
0.701093 0.374821 1.75443 0.175022 1.59007 0.465773 0.23319 1.1235 0.543778 0.433634
0.588139 0.26259 0.729055 0.353848 0.793031 0.514836 0.752079 0.288116 0.713873 4.34445
1.20076 1.911 2.10818 2.4341 0.765604 0.785029 1.41961 0.536355 1.5226 0.481983
1.1446 1.87913 1.74198 1.53986 0.29794 0.60431 0.492326 1.14148 0.365408 1.27018
0.835794 0.167757 0.464463 0.31522 0.421347 0.204887 0.405691 1.2288 1.97739 0.524928
0.869846 1.16477 0.745557 0.759329 0.344528 0.769229 0.49815 0.948649 0.724651 0.509012
0.594703 3.9678 3.24984 1.23259 0.901975 1.15152 1.16652 1.62364 0.822921 0.683533
0.638806 0.655257 0.336772 0.526982 1.80471 1.92893 0.76468 0.281583 1.06568 0.812266
0.583423 0.588379 0.85045 0.266701 0.646384 1.48408 3.80453 0.225325 1.27801 1.46396
0.906987 2.54778 0.950847 0.875022 1.29915 1.54624 0.422543 1.04391 2.61983 1.53997
1.62746 0.954307 0.349875 1.26488 3.992 0.755749 0.927675 0.194421 0.597096 0.571872
0.26937 0.466808 0.972405 0.801997 0.961633 0.819591 1.70588 0.594394 0.662452 0.642612
1.59625 0.460365 0.758634 0.563537 1.58864 0.584895 0.654158 0.882998 0.527669 0.40962
1.01452 0.345172 2.06018 0.894412 0.900827 0.881228 1.01115 1.03119 0.623272 0.958107
1.60139 0.462634 0.978274 1.45241 0.491683 1.05158 0.772493 1.18875 2.89448 1.03117
1.17643 1.08997 0.416836 0.160542 1.23266 0.557183 0.473823 1.36527 0.729122 1.4879
3.40658 0.511393 0.471636 1.85924 2.32584 2.33881 2.64844 0.187696 0.697224 0.552616
1.35775 0.481631 0.759225 1.83651 1.89109 0.540682 0.782331 0.96899 1.18419 0.795041
0.626816 1.14586 1.24538 0.50257 0.906674 0.917203 3.85717 1.13689 0.494121 0.452356
0.686364 0.653639 1.09553 0.672505 0.690348 1.10101 0.87135 1.38685 1.07344 0.229016
0.896484 0.914381 0.438452 0.72067 0.459865 0.188964 0.231106 0.729301 0.31658 0.284813
0.5199 0.167095 0.573466 0.31379 0.216158 0.764814 0.962308 1.33962 0.845474 2.43615
0.51569 0.634376 0.341243 0.817607 0.689759 0.567689 1.89148 0.221087 0.289386 0.419026
0.247305 0.228617 0.48096 0.426153 0.524994 0.493939 3.1185 0.870324 0.910266 1.18351
0.236363 0.994555 0.702737 1.2254 1.24634 1.43878 1.34744 1.30776 0.939487 0.956845
0.322024 1.43106 0.715329 2.84448 0.442654 0.841442 0.608565 1.46877 1.82272 0.626963
1.16652 1.05154 0.711646 1.13621 1.43997 1.29424 0.992112 1.2352 1.83049 1.04397
0.283927 0.961447 1.92372 1.45575 0.533694 1.15147 0.853395 0.591592 0.890843 0.61095
0.732745 0.810793 1.34156 0.195797 0.73903 0.728602 0.693483 0.2607 1.44317 3.25837
0.371854 0.868408 1.45146 0.930246 1.97052 0.207448 0.568639 0.935597 0.764652 0.635212
2.18367 1.1314 0.613623 2.05483 1.01277 2.11757 4.27778 1.35839 0.854402 3.57861
2.4126 0.612639 0.432049 0.412234 2.5472 0.978074 1.65714 0.305462 1.60991 1.37488
0.919991 0.498214 0.394114 0.576698 1.04029 0.676371 0.350347 0.61492 1.33942 0.340413
1.82205 2.60189 0.690876 0.305488 1.01573 1.48533 0.792334 0.826018 1.87451 0.767549
1.21966 1.28507 1.24269 0.33121 1.77579 0.252701 2.12562 0.370287 1.31977 0.439593
0.134259 0.721504 1.26262 0.453744 0.581274 0.473882 0.258468 0.516523 1.76009 0.793223
0.873621 0.163769 0.756582 0.424429 1.71084 0.65099 0.654128 0.284768 0.720131 1.14941
1.20436 0.709263 0.757568 0.260121 1.06024 0.528314 0.373802 0.861142 1.08169 0.432862
0.366277 3.16883 0.540017 0.80809 0.954976 1.68587 0.827873 0.40087 1.18046 1.67791
0.610774 0.527997 0.780053 1.37196 0.708723 0.651748 0.616123 0.462944 0.600611 1.14361
0.946823 1.63776 1.22006 0.883932 0.85825 1.29086 0.666371 0.341029 1.89233 0.725342
1.10527 0.503514 0.354998 0.337573 0.911077 0.724951 1.23551 1.30143 0.70983 0.558342
0.53904 1.08947 3.77466 1.11843 0.67565 1.49383 1.76592 0.878481 0.603221 0.842279
1.18515 2.34564 0.343864 0.445212 0.186859 1.02798 0.631884 1.49354 0.508343 0.628866
1.31182 1.68997 1.57271 3.91073 0.408222 1.1006 1.44881 0.71326 0.762907 0.647975
0.747842 1.33866 0.675713 0.726864 1.44451 1.07948 0.218022 0.718593 1.84581 0.456864
0.47194 1.73838 0.752892 0.919902 0.38462 1.83008 0.889796 0.571701 0.719232 0.283552
1.82203 1.39369 1.38009 0.764566 0.289428 1.03517 0.162732 0.81998 1.66743 0.282785
0.474093 1.63855 0.786542 0.457975 1.14956 0.906839 1.65239 1.57586 1.8014 1.03313
0.535304 0.909825 0.926351 0.514622 2.1336 0.478801 0.454178 0.918047 0.858989 0.539872
0.436352 2.13497 3.09162 0.295691 0.760018 0.735178 0.66736 0.267927 1.56979 0.79087
1.84374 3.12979 1.18167 0.978253 0.32651 1.2606 0.582937 0.960651 0.284153 0.867044
1.82372 1.0869 1.26072 0.579249 0.983458 0.567037 0.647684 0.913009 0.22945 1.01214
1.26153 0.638351 0.846778 0.315294 0.674411 0.705802 2.07762 1.23287 0.391831 0.32732
1.34116 1.75118 0.400225 0.365059 0.754216 0.162652 0.766253 0.725739 0.20022 1.32219
1.38718 0.399883 0.650171 1.0787 0.976868 0.695051 0.827477 0.312926 0.492345 2.14002
0.353282 0.388749 0.491978 0.871708 2.44172 0.601133 1.14292 1.71853 2.21642 0.923885
0.741158 2.41273 1.41905 0.806881 0.149213 0.730727 2.10444 0.995208 0.482347 0.259676
0.538228 0.476835 0.911558 1.0805 1.41594 0.194389 0.471361 1.52973 0.294781 0.605754
1.14838 2.16287 0.751072 0.68689 0.609199 2.34125 0.294168 0.67886 1.37469 0.186052
1.22864 0.741549 0.0741125 0.863518 2.0776 0.923262 0.302318 0.767789 0.135626 0.286454
0.90811 0.433298 0.522055 0.310221 1.36547 0.775555 1.30331 0.508021 0.596024 0.74118
4.04596 1.03119 0.35596 2.46061 0.444548 1.85968 0.624855 1.30209 0.571871 3.40617
0.921613 0.512039 1.23708 0.284594 0.437914 0.644318 0.997162 0.556301 0.810081 0.463554
2.22728 1.45806 0.353869 0.828618 1.51793 0.43616 0.893641 0.614944 1.12011 0.828018
1.40994 0.726687 0.941472 1.16742 0.650915 0.8352 0.345335 1.55412 0.799398 0.585555
0.527265 1.32797 0.516584 1.29996 1.0254 1.10955 1.4986 0.372428 0.833026 0.461757
0.318805 3.00099 0.952198 1.05446 0.735069 1.11586 0.708331 0.478828 1.7285 0.842784
1.63865 0.583322 0.626356 0.858812 0.842111 0.504821 1.345 0.662891 0.986308 0.999023
0.472279 1.06091 0.77221 1.05767 1.00336 0.371387 1.55735 1.32122 0.739544 1.05162
1.31922 0.599312 0.570887 0.931953 0.49454 0.742532 0.90019 0.989846 0.391294 0.680341
1.57151 1.20997 0.472398 1.58364 1.2312 0.620591 0.653403 1.17121 0.265132 1.11547
2.6075 0.474979 0.424878 1.92502 1.06479 0.748193 0.320479 0.374383 1.05165 0.70899
1.61727 0.734608 0.460982 0.503857 1.05682 0.865058 0.777401 0.845218 1.25656 0.319663
1.21293 1.25713 0.858019 1.36157 0.951023 0.425653 1.00144 0.615562 1.08352 0.544857
0.329046 0.936446 1.01963 0.61452 0.289942 2.90099 0.215213 0.617612 1.42463 0.979649
0.460735 0.810253 1.33615 0.86431 0.401833 1.27205 0.480245 1.41734 1.30705 0.19659
0.888711 0.736541 2.16193 1.02823 0.25542 0.967386 0.728949 0.381902 0.273589 1.00438
1.24272 0.563725 0.683863 0.391372 0.374121 0.88482 1.85972 1.91241 0.583232 0.438739
2.14327 0.845668 0.302885 0.378344 0.806655 0.772053 0.660433 3.18886 0.406904 0.419319
1.91278 0.406021 1.9547 1.83421 2.57597 0.743799 0.384066 0.50814 1.50631 0.803586
1.18575 0.627557 0.301679 0.525347 0.391653 1.37356 0.652835 0.543306 0.347511 0.171377
2.97507 1.16225 1.1777 0.870359 0.703131 0.831486 0.503228 1.81842 1.02493 0.169842
0.573223 0.45969 0.37739 0.413249 1.21343 3.37795 0.85833 0.847388 1.41431 0.328483
0.230346 1.20158 3.99671 0.383217 0.615778 0.984248 0.497933 0.529673 0.297908 0.890644
0.954948 1.28497 0.781946 0.317405 3.16813 0.387155 0.425269 0.761395 0.326798 0.803254
0.848726 0.602476 0.719597 1.24794 1.21896 0.415547 0.596997 0.336078 0.649787 0.528565
1.77427 0.772893 0.893755 0.568031 1.49059 2.85104 0.382644 0.541915 0.698781 2.03366
0.351054 0.214431 0.461049 1.46962 0.92677 0.232279 1.05936 1.07787 0.554903 0.920545
1.31014 1.43422 0.238707 0.349321 1.03491 1.12404 0.709632 0.752122 0.676907 0.380089
0.538497 0.780348 0.375377 1.50217 1.08649 0.462783 0.881412 0.523573 0.961678 3.56336
1.02479 0.241915 1.03908 0.375728 1.43988 0.244804 0.748305 0.439794 1.05515 0.756029
0.873888 1.48504 1.28031 0.780409 1.62743 0.512514 0.50136 0.53258 0.95555 1.80956
0.911151 1.4812 0.758996 2.00796 0.852769 0.49463 0.944047 1.10586 0.823055 0.883999
1.0516 0.565011 0.382579 1.80678 0.826261 4.25136 1.13126 0.464964 2.06816 1.26179
1.33682 0.949031 1.35624 1.04575 1.63556 2.37623 0.71405 0.39735 0.739236 1.23177
0.736175 1.7927 0.43266 1.49345 0.399145 1.09168 1.243 0.235333 0.873063 1.11048
0.191893 0.551573 0.399988 0.297068 0.471416 0.743947 1.35318 0.907551 1.23087 0.576143
1.03562 1.72868 1.94907 0.872587 0.558706 0.595618 0.634653 0.382635 0.80164 0.651126
0.978588 0.333592 2.30219 1.34626 0.614512 1.00871 0.271006 1.17298 1.85739 1.26191
0.431026 0.614317 1.39153 0.827201 0.251006 0.297558 0.923098 0.464977 0.939971 0.503555
1.62724 0.550037 0.736017 2.0514 1.81489 0.312345 0.388785 0.267728 1.68747 2.82599
0.819536 1.37733 1.73917 0.981761 1.52058 0.872399 0.871875 1.05553 2.6673 0.716963
0.411563 1.15745 0.215798 1.8858 1.18174 1.29984 0.470294 1.08516 1.29929 2.02851
1.64265 1.32316 1.10386 1.10051 0.771532 0.971837 1.44096 0.822152 2.96279 0.504914
0.879503 0.742116 0.407905 0.649844 1.1871 0.557354 0.357898 0.492156 0.529981 0.805787
0.870547 1.84755 0.81699 0.713181 0.817829 1.30621 0.94696 0.569023 1.72342 1.30163
1.37867 1.67294 0.709943 4.08252 1.306 1.80172 2.66787 1.13565 0.688366 1.05343
1.49769 0.777737 1.21895 0.987498 0.836673 1.03816 0.404836 1.26065 1.00688 1.97796
1.18897 1.52806 1.49777 0.302679 0.74943 1.59607 0.898068 1.08596 1.15615 0.56082
0.449911 0.914284 0.910675 1.02764 0.517969 1.07005 1.30403 0.470554 0.600569 0.907446
1.242 0.711035 0.727656 0.347911 0.924333 0.501484 1.08239 0.454231 0.879806 1.3348
0.540962 0.594343 0.555225 0.531169 0.516026 1.58137 0.868121 1.2487 2.14572 2.30577
0.545036 0.954645 0.530778 1.11709 0.652288 1.59751 1.59933 1.21564 2.13833 0.684968
1.05414 0.729015 0.585982 1.51873 2.49033 0.552578 0.603073 1.35218 0.592604 0.763323
0.534399 2.03555 1.27884 1.49451 0.893955 1.06728 0.786821 0.837212 0.599454 0.634057
1.60556 0.794871 0.507943 1.34531 0.527202 0.362899 0.997547 2.08885 0.482647 0.870551
0.461315 0.550222 1.13623 1.22293 0.468561 0.406527 0.346532 0.334336 0.392105 2.09262
0.242867 0.613244 1.41104 0.682987 0.835961 1.43719 2.09946 2.28412 0.717593 0.948045
1.05524 0.737338 0.412331 1.80086 0.239189 0.801052 1.30746 0.766778 0.908269 0.57224
0.367623 0.147154 1.64922 1.48671 0.654637 0.545428 0.967983 0.685898 0.401471 0.977697
1.56495 0.495149 0.485575 0.244293 0.44082 1.67174 1.48283 1.27898 1.57025 0.785381
0.667547 0.557389 2.9116 0.291067 0.732979 0.656743 0.815609 0.39058 0.780709 0.676322
1.23501 1.26573 0.641168 0.756091 0.889945 0.918648 3.02219 0.840161 1.14698 0.829214
1.0623 2.23742 0.755504 2.15897 0.96693 0.96287 2.21432 0.502925 1.63767 0.543893
1.04052 1.54299 1.41932 0.36267 0.475234 0.879319 0.831601 1.44609 0.938325 1.51335
0.349919 1.70097 2.12442 1.45874 1.53645 1.00845 0.831579 1.19579 0.560011 0.669891
0.334348 0.480262 0.989626 0.651505 0.813954 0.496836 0.838032 0.737234 0.587722 1.48672
>noiseOffset:
>observedSynthesisNoise:
>std_NoiseOffset:
>mutation_prior_mean:
***
0 0 0 0 0 0 0 0 0 0
0 0 0 0 0 0 0 0 0 0
0 0 0 0 0 0 0 0 0 0
0 0 0 0 0 0 0 0 0 0
>mutation_prior_sd:
***
0.35 0.35 0.35 0.35 0.35 0.35 0.35 0.35 0.35 0.35
0.35 0.35 0.35 0.35 0.35 0.35 0.35 0.35 0.35 0.35
0.35 0.35 0.35 0.35 0.35 0.35 0.35 0.35 0.35 0.35
0.35 0.35 0.35 0.35 0.35 0.35 0.35 0.35 0.35 0.35
>std_csp:
0.1 0.1 0.1 0.1 0.1 0.1 0.1 0.1 0.1 0.1
0.1 0.1 0.1 0.1 0.1 0.1 0.1 0.1 0.1 0.1
0.1 0.1 0.1 0.1 0.1 0.1 0.1 0.1 0.1 0.1
0.1 0.1 0.1 0.1 0.1 0.1 0.1 0.1 0.1 0.1
>currentMutationParameter:
***
-0.454826 1.05828 0.757159 0.740234 1.13419 -1.1762 0.837564 -0.682577 0.689533 0.728558
0.977534 0.412537 1.20516 -1.38357 0.42447 1.04523 0.683021 0.238855 -0.257621 1.06454
-0.483729 0.85023 0.292223 -0.86096 -1.00197 0.147534 -0.971887 0.977291 0.105963 -0.544577
0.899105 0.516938 -0.421603 1.20772 0.823483 0.388382 1.03623 0.537008 0.875009 0.993433
>currentSelectionParameter:
***
0.602325 -0.39453 0.292749 -0.60632 -0.361034 0.667508 -0.948281 -0.423712 -0.216215 0.0987723
-0.607887 1.09489 -0.731473 1.04054 0.616454 -0.688171 -0.180039 -0.281915 1.32053 -0.639594
-0.628666 -0.159717 -0.374297 0.170963 0.633016 0.961176 0.987025 -0.183588 0.801512 0.416347
-0.4434 -0.148951 0.43424 -0.618469 -0.0244039 0.618326 -0.475012 -0.0289644 -0.707017 -0.798417
>covarianceMatrix:
A
0.00050882	0.000177674	0.000278498	-0.00029978	-0.000114122	-9.87988e-05	
0.000177674	0.000449491	0.000124765	-0.00010022	-0.000238313	-9.29959e-05	
0.000278498	0.000124765	0.000576196	-0.000195787	-4.99538e-05	-0.000255837	
-0.00029978	-0.00010022	-0.000195787	0.000301629	0.000119008	0.000119749	
-0.000114122	-0.000238313	-4.99538e-05	0.000119008	0.000252078	8.44149e-05	
-9.87988e-05	-9.29959e-05	-0.000255837	0.000119749	8.44149e-05	0.000241822	
***
>covarianceMatrix:
C
0.00197848	-0.00146632	
-0.00146632	0.00159704	
***
>covarianceMatrix:
D
0.000724297	-0.000553507	
-0.000553507	0.000552887	
***
>covarianceMatrix:
E
0.00093247	-0.000711458	
-0.000711458	0.000713593	
***
>covarianceMatrix:
F
0.000728423	-0.000582146	
-0.000582146	0.000723148	
***
>covarianceMatrix:
G
0.00063486	0.000310398	0.000166064	-0.000366248	-0.000236188	-7.15202e-06	
0.000310398	0.000593784	0.000170481	-0.000164858	-0.000313774	3.1154e-05	
0.000166064	0.000170481	0.000878676	-0.000101583	-0.000144006	-0.000442961	
-0.000366248	-0.000164858	-0.000101583	0.00031579	0.000206975	5.15861e-05	
-0.000236188	-0.000313774	-0.000144006	0.000206975	0.00034057	3.29623e-05	
-7.15202e-06	3.1154e-05	-0.000442961	5.15861e-05	3.29623e-05	0.000477257	
***
>covarianceMatrix:
H
0.00159526	-0.00109251	
-0.00109251	0.001137	
***
>covarianceMatrix:
I
0.000927944	0.000229787	-0.000850965	-0.000179415	
0.000229787	0.000446033	-0.000182048	-0.000284512	
-0.000850965	-0.000182048	0.00107363	0.00018326	
-0.000179415	-0.000284512	0.00018326	0.00031336	
***
>covarianceMatrix:
K
0.000880813	-0.000651929	
-0.000651929	0.000696472	
***
>covarianceMatrix:
L
0.000378967	-0.000101694	1.29334e-05	1.86169e-05	6.52823e-06	-0.000149484	7.93871e-05	2.09076e-05	-1.57005e-05	-2.7829e-05	
-0.000101694	0.000445314	-7.0641e-06	0.000179896	0.000144136	0.000183922	-0.000284111	9.60073e-05	-6.96968e-05	-1.07218e-05	
1.29334e-05	-7.0641e-06	0.000214785	-3.03757e-05	4.57233e-05	6.08816e-05	1.48753e-05	-7.88876e-05	3.11408e-05	-3.59075e-05	
1.86169e-05	0.000179896	-3.03757e-05	0.000187147	3.75653e-05	3.54068e-05	-0.000101329	8.29203e-05	-6.78075e-05	1.74234e-05	
6.52823e-06	0.000144136	4.57233e-05	3.75653e-05	0.000263657	0.000127579	-0.000144187	4.60497e-05	-2.6849e-05	-8.63154e-05	
-0.000149484	0.000183922	6.08816e-05	3.54068e-05	0.000127579	0.000211132	-0.000152064	6.24478e-06	-1.00043e-05	-2.63407e-05	
7.93871e-05	-0.000284111	1.48753e-05	-0.000101329	-0.000144187	-0.000152064	0.000254218	-8.35445e-05	5.37473e-05	2.19069e-05	
2.09076e-05	9.60073e-05	-7.88876e-05	8.29203e-05	4.60497e-05	6.24478e-06	-8.35445e-05	0.000113981	-4.8612e-05	3.90738e-06	
-1.57005e-05	-6.96968e-05	3.11408e-05	-6.78075e-05	-2.6849e-05	-1.00043e-05	5.37473e-05	-4.8612e-05	5.292e-05	3.95516e-06	
-2.7829e-05	-1.07218e-05	-3.59075e-05	1.74234e-05	-8.63154e-05	-2.63407e-05	2.19069e-05	3.90738e-06	3.95516e-06	8.20485e-05	
***
>covarianceMatrix:
N
0.000607354	-0.000436895	
-0.000436895	0.000471541	
***
>covarianceMatrix:
P
0.000478528	0.000125575	0.000338732	-0.000192896	9.95121e-06	-0.000134536	
0.000125575	0.00044778	9.7363e-05	-7.13291e-06	-0.000136189	-7.4833e-06	
0.000338732	9.7363e-05	0.000900985	5.58344e-05	0.000188424	-0.000360127	
-0.000192896	-7.13291e-06	5.58344e-05	0.000366302	9.11547e-05	0.000114833	
9.95121e-06	-0.000136189	0.000188424	9.11547e-05	0.000303208	-5.44365e-05	
-0.000134536	-7.4833e-06	-0.000360127	0.000114833	-5.44365e-05	0.000323954	
***
>covarianceMatrix:
Q
0.000934061	-0.000551032	
-0.000551032	0.000517038	
***
>covarianceMatrix:
R
0.000286812	-2.42675e-05	6.46314e-05	0.000125488	2.32536e-05	-0.00011905	6.2785e-05	1.84486e-05	-8.68302e-06	8.35523e-05	
-2.42675e-05	0.000626706	0.000146864	-0.000119454	0.00024713	5.18334e-05	-0.000327035	-0.000123743	6.75001e-05	-0.000111822	
6.46314e-05	0.000146864	0.000232671	-3.29432e-05	0.00018263	-3.25919e-05	-0.00011196	-0.000133035	1.80884e-05	-4.31356e-05	
0.000125488	-0.000119454	-3.29432e-05	0.000468975	-4.22191e-05	-6.12729e-06	7.07978e-05	3.20673e-05	-0.000132494	7.73862e-05	
2.32536e-05	0.00024713	0.00018263	-4.22191e-05	0.000419852	2.07665e-05	-0.000194066	-0.000126435	2.661e-05	-0.000116209	
-0.00011905	5.18334e-05	-3.25919e-05	-6.12729e-06	2.07665e-05	0.000138232	-5.46163e-05	1.49667e-05	-1.00951e-05	-5.74515e-05	
6.2785e-05	-0.000327035	-0.00011196	7.07978e-05	-0.000194066	-5.46163e-05	0.00030822	8.88777e-05	-2.70008e-05	8.60148e-05	
1.84486e-05	-0.000123743	-0.000133035	3.20673e-05	-0.000126435	1.49667e-05	8.88777e-05	0.000160636	1.50147e-06	6.52717e-05	
-8.68302e-06	6.75001e-05	1.80884e-05	-0.000132494	2.661e-05	-1.00951e-05	-2.70008e-05	1.50147e-06	9.31508e-05	-7.43238e-06	
8.35523e-05	-0.000111822	-4.31356e-05	7.73862e-05	-0.000116209	-5.74515e-05	8.60148e-05	6.52717e-05	-7.43238e-06	0.000123111	
***
>covarianceMatrix:
S
0.000445012	0.000227331	5.53287e-05	-0.000379199	-0.000160143	-6.91423e-05	
0.000227331	0.000664624	0.000109693	-0.000212201	-0.000343317	-9.3689e-05	
5.53287e-05	0.000109693	0.000173345	-6.13724e-05	-6.35049e-05	-5.72646e-05	
-0.000379199	-0.000212201	-6.13724e-05	0.000491741	0.000188587	9.80134e-05	
-0.000160143	-0.000343317	-6.35049e-05	0.000188587	0.000259443	7.79152e-05	
-6.91423e-05	-9.3689e-05	-5.72646e-05	9.80134e-05	7.79152e-05	0.000109259	
***
>covarianceMatrix:
T
0.000400944	0.000118089	0.000147225	-0.000247359	-9.16556e-05	-7.28206e-05	
0.000118089	0.000484554	-0.000166413	-9.47328e-05	-0.000257481	0.000172629	
0.000147225	-0.000166413	0.000550803	-6.07614e-05	0.000100935	-0.000302391	
-0.000247359	-9.47328e-05	-6.07614e-05	0.000313182	0.000122027	0.000116567	
-9.16556e-05	-0.000257481	0.000100935	0.000122027	0.000246031	-8.8517e-05	
-7.28206e-05	0.000172629	-0.000302391	0.000116567	-8.8517e-05	0.000349708	
***
>covarianceMatrix:
V
0.000973602	-2.69135e-05	9.52828e-05	-0.000881512	-0.000113343	2.56844e-05	
-2.69135e-05	0.000328459	0.000158275	0.00011949	-0.000142514	-9.29491e-05	
9.52828e-05	0.000158275	0.000353287	-3.8169e-05	-7.85839e-05	-0.000161481	
-0.000881512	0.00011949	-3.8169e-05	0.00113844	8.8064e-05	-4.45708e-05	
-0.000113343	-0.000142514	-7.85839e-05	8.8064e-05	0.000163674	4.9948e-05	
2.56844e-05	-9.29491e-05	-0.000161481	-4.45708e-05	4.9948e-05	0.000135252	
***
>covarianceMatrix:
Y
0.00116853	-0.000849579	
-0.000849579	0.000947136	
***
>covarianceMatrix:
Z
0.00154454	-0.00127794	
-0.00127794	0.00153182	
***
