>groupList:
A C D E F G H I K L
N P Q R S T V Y Z 
>stdDevSynthesisRate:
0.623288 
>numParam:
40
>numMixtures:
1
>std_stdDevSynthesisRate:
0.0813129
>std_phi:
***
1.48709 0.989807 0.609111 0.34656 0.541499 0.385109 1.28674 0.732103 0.563158 1.18967
1.42988 0.585685 0.951743 0.520671 0.520671 0.761394 1.42989 0.915131 0.527053 1.05761
1.23726 0.951733 0.81355 1.01694 1.54658 1.54656 0.585685 1.18968 0.915132 0.563158
0.676872 1.25242 0.915133 0.989805 0.389832 0.585685 0.676873 0.416538 0.450526 0.915136
1.28675 0.433198 0.239897 1.18967 0.288336 0.813549 0.468548 0.288337 0.633476 0.712574
0.915129 0.732106 0.676872 1.54656 0.633477 0.856461 0.761388 2.06564 1.56551 1.18967
1.33822 0.609113 0.963402 0.468547 0.164052 0.320414 0.450525 1.23725 0.761391 0.989807
1.18967 0.84609 0.616576 0.658816 0.879936 1.3749 1.20425 1.18967 0.813546 0.890717
1.23725 1.48709 0.823521 0.989805 1.28676 0.81355 1.33822 0.703947 0.23067 0.761389
0.468548 0.416537 0.676873 0.658815 1.1134 1.85884 1.48709 0.879933 1.0294 0.846086
0.951739 0.168547 0.500645 1.28674 0.259472 0.915135 0.732106 0.951734 1.14392 0.732106
0.585684 0.277247 1.18967 1.05761 1.23725 1.15792 0.563159 0.541498 0.732103 0.487288
1.0294 0.601737 0.879923 0.585684 1.14391 1.11339 0.541498 0.585683 0.585684 0.601737
1.54658 0.989811 0.227877 0.915134 1.78736 1.11339 0.732106 0.416537 1.33822 0.951739
0.879932 2.09098 1.33821 0.506781 0.60911 0.658815 0.989799 0.468548 1.39174 1.7397
1.32201 0.450528 1.05761 0.989799 1.32202 0.541497 1.07058 1.28676 0.951741 1.18967
0.846086 0.761392 0.500647 0.791844 0.400516 0.468547 1.54658 0.633476 0.846089 0.890717
0.541499 1.09991 1.73969 0.506781 0.405425 0.732105 0.685167 0.951737 0.915129 1.60843
1.27117 0.823521 1.07058 0.462875 0.650838 0.592863 0.712574 0.541497 0.761391 1.33822
0.940213 0.915134 0.389833 0.389832 1.14392 1.23726 0.60911 1.48709 1.1134 1.15794
0.236992 0.977818 1.33822 1.50531 0.400515 1.48709 0.791845 0.360421 0.791848 1.28674
1.23725 0.416537 1.15793 0.915129 0.563158 0.91513 0.879929 0.890714 0.951741 0.823519
0.685164 1.67278 0.676872 1.60843 0.416537 1.28675 1.0294 0.487289 1.48709 1.23726
0.879929 1.28675 1.28675 0.658818 0.650838 1.67276 1.13006 1.39175 0.732107 0.370301
0.71258 0.433201 0.500647 0.703946 0.791844 0.879935 0.89072 1.0294 1.54657 0.989801
1.33822 1.07057 0.625805 0.450526 1.09992 0.676872 1.54658 0.813548 1.48708 0.400516
0.82352 1.39175 1.28675 1.23726 1.67278 1.28675 1.18967 1.07058 0.263357 0.823524
0.400516 0.685165 0.563157 0.813546 1.60845 0.703949 1.54659 1.60844 0.951733 1.33821
0.732106 0.246471 0.33323 0.732104 0.732108 0.48729 0.527053 0.633476 0.609114 0.989806
0.95174 1.05761 1.28674 1.14392 0.541499 0.468549 0.500646 1.32201 0.548134 1.48709
0.609112 1.23725 0.633476 1.23725 0.856462 0.625808 0.433199 1.02939 0.732105 0.360422
0.823521 0.205065 1.23725 0.732106 0.468547 0.951736 1.33822 0.823513 0.548135 0.416539
0.324339 0.791846 1.09991 0.500645 0.329196 1.15793 0.585685 1.18966 0.625805 1.48708
1.88163 1.07057 0.761385 1.54658 0.65084 0.676873 0.609113 1.39177 0.487289 1.18968
0.658817 0.915129 1.09991 1.05761 0.752178 0.977819 1.56552 1.07057 1.02939 1.44742
0.416537 1.78736 0.450526 0.256331 0.592863 0.879936 1.23725 0.846094 0.989811 1.0294
1.0294 0.712576 1.23725 1.18968 0.823528 0.609111 0.879938 0.379434 0.585685 0.879935
0.450527 1.14392 0.791848 1.54658 0.50678 0.951734 1.20425 1.71863 0.320414 0.601737
0.487288 0.468548 1.4299 1.05762 0.676873 0.433199 0.761391 1.73968 1.48708 1.44741
0.625806 0.73211 1.23726 0.951738 0.625808 0.389832 0.951744 0.48139 0.514368 0.468547
0.926344 0.703949 0.685169 1.23726 0.712575 0.360422 0.320413 0.915127 1.28675 1.14392
1.23725 1.05762 0.625805 1.60845 0.823524 0.563159 1.37489 0.951737 1.18968 1.6728
0.9898 0.548134 1.18968 1.05761 1.11341 1.44741 1.0294 1.4299 1.23725 1.42989
1.28674 1.28675 0.609111 1.18967 1.18967 1.4299 1.18967 1.09992 1.28675 0.879927
1.33822 1.14391 0.890711 0.405425 0.752173 1.73967 0.915138 1.67279 1.05761 2.09097
1.28675 1.33823 1.05762 1.7397 1.67277 1.18967 0.374837 0.389831 0.732106 0.650839
1.67276 0.951741 0.585684 0.405424 0.400516 1.4871 0.374838 0.676872 0.360422 0.76139
1.67278 0.1823 0.385112 0.236992 1.44742 0.890716 0.813549 0.450527 0.450526 0.926351
0.450525 0.450527 1.11339 0.76139 0.879935 0.191918 0.585683 0.67687 0.311866 0.625807
0.915137 0.782255 0.3703 0.450528 2.17461 0.926348 0.462875 1.3749 0.633477 0.563157
0.856468 0.633477 0.915129 1.15793 1.18967 1.23725 0.548135 1.78735 0.951738 0.500644
1.3749 0.82352 0.84609 2.23421 0.823519 0.926344 0.791847 0.609112 0.703951 0.951731
0.360422 0.374837 1.33823 0.246472 0.625808 0.33323 0.360422 0.548135 0.782257 0.433198
0.658816 1.07057 1.73967 0.915133 0.116673 1.09992 0.846091 1.67277 1.0294 0.940205
0.456048 1.04201 1.23726 1.1439 0.951738 1.50531 1.23726 1.23726 0.541499 1.32201
0.563157 0.433198 1.18967 1.50531 1.18967 0.52067 0.732104 0.791838 0.56316 0.732105
1.11339 1.32201 0.703946 1.3749 0.527052 1.54657 0.676874 1.33822 0.741078 0.989804
1.44742 0.915129 0.732105 1.23726 1.28675 1.4871 1.42988 1.32201 0.585686 0.433198
0.76139 1.67277 0.915126 1.05761 0.3703 1.23727 0.563158 1.33821 0.468547 0.462874
1.28675 0.951736 0.468547 0.915136 0.52067 1.39174 1.37489 0.570059 0.856461 1.33821
1.23726 0.468549 0.592862 1.01694 1.0294 0.433197 0.782259 0.82352 0.389832 0.468547
0.879932 0.585684 0.951741 0.926346 1.50533 0.977824 0.989797 1.4299 0.791848 0.585685
0.500647 1.0294 1.0294 1.23726 1.07057 0.890728 1.54657 1.11339 0.527053 0.585683
1.14392 1.07058 0.915129 1.0294 0.60911 0.658818 0.311865 0.256331 0.761388 0.989797
0.813543 0.650839 0.609111 0.405423 0.989807 0.374838 0.416537 0.761391 0.500646 0.856461
0.761389 0.416539 1.52783 1.78738 1.23726 1.22228 0.791845 1.05762 1.67277 1.3382
0.585685 0.633475 0.468549 0.658816 1.23726 0.915132 0.400518 0.703945 0.951736 1.48709
1.28674 0.563158 1.14391 0.823527 0.221797 0.609112 1.60843 1.23725 0.879929 1.18967
0.951733 1.14391 1.37492 0.732107 1.20424 0.296242 0.676874 0.846088 0.791842 0.951733
0.34656 0.520673 0.385112 0.879935 1.32202 0.741078 1.44742 0.89072 0.277248 1.93322
0.732106 0.609112 1.18968 1.28674 0.400518 1.00193 0.732105 1.02939 0.650839 2.35204
0.712572 0.989799 0.385111 0.915131 1.18966 0.856455 1.93323 0.76139 0.823524 1.67277
1.39174 0.78226 0.360421 1.14392 0.856461 0.70395 0.915127 1.54657 0.520673 0.879935
0.56316 0.346559 1.23727 0.761392 0.915142 0.989811 0.541499 1.02939 1.60844 0.633476
0.320414 0.609113 0.468548 0.951734 0.609112 1.28675 1.33821 0.585685 1.09992 0.468548
0.468548 0.915128 0.782257 1.07059 0.585686 1.11339 0.277248 0.416539 1.56553 1.23726
0.563158 0.170613 1.20425 0.791846 1.01693 1.54659 1.0294 0.732107 1.60843 0.462875
0.25947 1.18966 0.879935 0.846083 2.2616 0.703948 0.650836 1.28674 0.989805 0.320414
1.33822 0.915133 1.05762 0.374838 0.732106 0.570058 0.823518 1.37489 1.22227 0.527053
0.823521 0.951741 0.761389 0.703947 1.32202 0.374839 0.481389 0.541498 1.60843 1.48709
0.633476 1.33822 0.915129 0.541498 0.320413 1.4299 1.0294 0.333229 0.87993 1.09992
1.05761 0.462875 0.658816 0.989814 1.42989 0.468547 1.73969 1.02941 1.07057 1.42989
0.450526 0.389832 1.88165 0.703949 0.360422 0.288337 0.940215 0.879935 1.85887 1.54658
0.703947 1.44741 0.761387 1.11339 0.915131 0.500646 0.563159 1.33821 1.23726 0.791842
0.189594 0.609111 1.48708 0.541498 1.60843 1.18967 0.856452 0.570059 1.09991 0.433199
0.703948 0.879931 0.421643 1.42988 1.37489 1.67276 0.50678 0.856454 0.601738 2.06566
0.346559 0.416538 1.28674 0.75217 0.487289 1.14391 0.500646 0.915129 0.601738 0.585685
0.585684 0.741078 0.879936 0.277247 1.0294 0.633476 2.01056 0.266583 0.791846 0.633476
1.85886 0.299871 0.81355 1.93322 0.625808 0.563157 0.823519 1.37489 0.633477 1.33822
1.14391 0.346559 0.481389 0.732103 0.791845 0.87993 0.703946 1.32201 0.33323 0.732106
0.541497 0.601739 1.50532 0.782258 1.15793 1.33822 0.712574 1.3749 1.07058 1.0294
0.823526 0.400516 1.4871 1.60843 0.506782 0.791847 1.07058 0.385111 1.18967 0.468548
0.732105 0.915129 0.703946 0.60911 1.28677 1.14392 0.374837 0.846089 0.732107 0.879929
0.385112 0.320412 0.915133 0.506779 0.563159 0.951741 1.60843 0.320413 1.48709 0.879933
0.500646 1.14392 1.67275 0.541499 0.433201 1.1134 1.23725 1.44741 1.15794 0.650838
0.400518 0.823521 1.93323 1.15793 0.703946 0.416537 0.400517 0.346559 0.296239 2.17462
0.400517 0.761388 2.09098 0.76139 1.28674 1.0294 0.813548 1.73967 0.450527 1.23726
1.54656 0.732104 0.989808 1.33822 1.73971 0.468547 1.39174 1.33822 0.989803 0.56316
0.791847 0.676871 0.732105 0.609113 1.67278 0.385112 1.42989 1.54657 0.468547 1.28675
0.813546 1.28675 0.52067 0.55634 1.67278 1.18967 0.541498 1.48709 1.33822 0.481391
1.0294 1.78738 0.856465 0.926339 1.39175 1.02941 0.856455 0.277246 0.823517 0.846086
0.346559 0.585684 1.14391 1.17526 0.360422 1.56553 0.48729 0.400517 1.54658 0.633478
0.625804 1.23725 0.416536 0.320413 0.450526 1.39175 0.926348 0.782258 0.500645 0.601737
0.813551 0.633472 1.44741 0.823515 1.4474 1.14392 0.846091 0.732104 1.67278 1.39175
0.563158 0.989802 0.487289 0.732106 1.48709 0.732104 1.60843 0.337313 0.703947 1.60843
0.856461 0.951743 1.14392 0.879929 0.563158 0.433198 0.450526 0.989802 0.940205 0.856457
1.33822 0.732103 0.360422 1.4871 0.915129 0.732103 0.856459 1.42989 1.23726 0.685169
0.926342 0.277248 1.4299 1.56553 0.500643 1.48708 1.02939 1.54658 0.761387 0.563158
0.541498 0.732106 0.752171 0.266585 0.915135 0.989803 0.82352 0.761391 0.703948 1.67276
0.601737 0.311864 0.951739 1.09992 0.320413 0.126192 1.39174 0.879935 0.703948 0.389832
1.18967 1.28674 1.09992 0.676871 0.879935 1.48708 0.650838 0.761389 1.4299 0.791845
0.791845 0.308092 1.54656 1.42988 0.82352 0.676874 1.15792 0.578593 1.48708 1.54658
1.23726 0.823511 1.28675 0.433199 0.703946 0.823516 0.548135 0.951733 1.23726 0.823521
0.563159 1.54657 1.85888 1.4299 0.296241 1.44742 0.650838 1.48707 1.15793 1.48709
0.761391 0.633477 0.541498 0.38511 0.500647 1.32201 0.676873 1.33821 0.85646 0.500646
1.23725 0.676877 0.87994 0.219113 0.823519 0.761386 1.4299 0.541498 0.346559 1.05761
1.07057 1.14391 1.60841 0.541495 0.585684 0.299871 0.288337 1.07057 0.33323 0.791847
0.658816 1.18967 0.400516 0.500647 0.333231 0.989817 1.28675 1.54657 0.65084 0.433199
1.23725 0.676874 1.4299 0.346559 1.23725 0.563159 0.563158 1.54657 1.80928 0.324339
2.14827 1.80929 0.761387 1.67277 0.989808 1.07057 0.500644 0.732105 0.915131 0.951741
0.527054 0.813548 0.487288 0.389831 0.856454 1.60845 1.18967 1.78737 0.823521 1.14391
1.05762 1.54658 1.11339 0.136491 0.98979 0.761392 1.18967 0.360421 0.541497 0.633476
1.0294 0.846092 0.520671 0.585684 1.67279 1.27117 0.563157 0.761391 0.752172 0.846094
0.433197 0.813546 0.633477 0.541498 0.346559 1.05761 1.23725 1.44741 0.823519 0.433197
1.80927 0.585686 0.360421 0.389831 0.246472 0.609112 0.400517 0.633478 0.433197 0.650839
1.3749 0.520673 1.80928 0.3703 0.625807 0.601737 1.42989 0.416538 0.625807 0.915131
0.249492 0.585685 0.685163 0.421643 0.951736 1.09992 0.951737 0.481389 0.29987 0.658816
1.39174 0.989803 1.42989 1.4474 0.658817 1.14392 1.48709 1.05761 1.09991 0.791846
0.520671 0.685169 0.823519 0.791847 0.951731 0.374839 0.585684 1.42989 0.320412 0.823519
0.520671 0.585685 0.76139 0.468548 0.450526 0.29987 0.732106 0.320412 0.761389 0.703947
0.609111 1.18967 0.650838 1.15793 2.32358 0.703948 1.73969 0.703948 0.500646 0.374837
0.500646 0.506782 0.433199 1.14392 0.823521 0.400516 0.4332 0.416537 0.520672 0.374839
1.7397 0.703946 0.585684 0.703948 0.846093 0.633472 0.791845 0.989804 1.07058 0.761387
0.846091 1.54658 0.685168 1.23726 1.3749 1.39174 0.400516 2.01053 1.23726 0.791845
0.676872 1.67277 1.18966 1.78735 1.60843 0.266583 1.14392 0.676869 0.370301 0.676873
2.41653 0.813548 0.84609 0.370301 0.823521 0.761394 0.221797 1.67276 0.3703 0.823519
0.741082 0.450527 1.02939 0.356056 0.433198 1.67278 1.14392 0.500648 1.44742 1.09993
0.989807 0.732105 0.370298 0.277248 0.676873 0.450526 0.95173 0.356058 0.450526 1.0294
1.14392 0.650839 0.633476 0.879932 1.02941 1.28674 0.650841 0.468548 0.732105 0.723242
1.33823 0.468548 0.563158 0.520671 2.51319 1.88164 1.37489 0.951739 0.856457 0.585685
1.18967 0.879933 0.346558 0.450527 1.23726 0.320414 0.585686 0.703946 0.879938 1.48708
0.703949 1.20426 1.1134 0.29624 1.23725 0.732106 0.60911 0.703948 0.879942 0.585684
1.48709 1.23726 0.856461 0.487288 1.14392 0.761394 0.450528 0.703945 0.9898 0.601736
0.625806 1.39175 1.0866 1.88164 1.28674 0.360422 0.320412 0.76139 0.82352 0.712574
1.4299 1.28674 0.487289 1.60845 0.732105 0.563157 1.33821 0.926348 1.85885 0.481391
0.520671 0.563159 0.9898 1.50533 0.541498 0.563157 0.791845 0.879934 0.84609 0.625805
0.650838 0.450526 1.33821 0.633476 0.73211 0.563157 0.585683 0.813545 0.548135 0.846094
0.650839 0.633476 0.462875 1.39174 0.506781 0.658817 0.36042 0.320413 0.609112 0.609111
1.02941 0.421642 0.625807 0.370298 0.823519 0.91513 0.468547 0.468547 1.14392 0.951739
0.89072 0.879935 0.487289 0.633478 0.601737 0.791843 0.823522 0.989808 0.676872 0.563159
>categories:
0 0
>mixtureAssignment:
0 0 0 0 0 0 0 0 0 0 0 0 0 0 0 0 0 0 0 0 0 0 0 0 0 0 0 0 0 0 0 0 0 0 0 0 0 0 0 0 0 0 0 0 0 0 0 0 0 0
0 0 0 0 0 0 0 0 0 0 0 0 0 0 0 0 0 0 0 0 0 0 0 0 0 0 0 0 0 0 0 0 0 0 0 0 0 0 0 0 0 0 0 0 0 0 0 0 0 0
0 0 0 0 0 0 0 0 0 0 0 0 0 0 0 0 0 0 0 0 0 0 0 0 0 0 0 0 0 0 0 0 0 0 0 0 0 0 0 0 0 0 0 0 0 0 0 0 0 0
0 0 0 0 0 0 0 0 0 0 0 0 0 0 0 0 0 0 0 0 0 0 0 0 0 0 0 0 0 0 0 0 0 0 0 0 0 0 0 0 0 0 0 0 0 0 0 0 0 0
0 0 0 0 0 0 0 0 0 0 0 0 0 0 0 0 0 0 0 0 0 0 0 0 0 0 0 0 0 0 0 0 0 0 0 0 0 0 0 0 0 0 0 0 0 0 0 0 0 0
0 0 0 0 0 0 0 0 0 0 0 0 0 0 0 0 0 0 0 0 0 0 0 0 0 0 0 0 0 0 0 0 0 0 0 0 0 0 0 0 0 0 0 0 0 0 0 0 0 0
0 0 0 0 0 0 0 0 0 0 0 0 0 0 0 0 0 0 0 0 0 0 0 0 0 0 0 0 0 0 0 0 0 0 0 0 0 0 0 0 0 0 0 0 0 0 0 0 0 0
0 0 0 0 0 0 0 0 0 0 0 0 0 0 0 0 0 0 0 0 0 0 0 0 0 0 0 0 0 0 0 0 0 0 0 0 0 0 0 0 0 0 0 0 0 0 0 0 0 0
0 0 0 0 0 0 0 0 0 0 0 0 0 0 0 0 0 0 0 0 0 0 0 0 0 0 0 0 0 0 0 0 0 0 0 0 0 0 0 0 0 0 0 0 0 0 0 0 0 0
0 0 0 0 0 0 0 0 0 0 0 0 0 0 0 0 0 0 0 0 0 0 0 0 0 0 0 0 0 0 0 0 0 0 0 0 0 0 0 0 0 0 0 0 0 0 0 0 0 0
0 0 0 0 0 0 0 0 0 0 0 0 0 0 0 0 0 0 0 0 0 0 0 0 0 0 0 0 0 0 0 0 0 0 0 0 0 0 0 0 0 0 0 0 0 0 0 0 0 0
0 0 0 0 0 0 0 0 0 0 0 0 0 0 0 0 0 0 0 0 0 0 0 0 0 0 0 0 0 0 0 0 0 0 0 0 0 0 0 0 0 0 0 0 0 0 0 0 0 0
0 0 0 0 0 0 0 0 0 0 0 0 0 0 0 0 0 0 0 0 0 0 0 0 0 0 0 0 0 0 0 0 0 0 0 0 0 0 0 0 0 0 0 0 0 0 0 0 0 0
0 0 0 0 0 0 0 0 0 0 0 0 0 0 0 0 0 0 0 0 0 0 0 0 0 0 0 0 0 0 0 0 0 0 0 0 0 0 0 0 0 0 0 0 0 0 0 0 0 0
0 0 0 0 0 0 0 0 0 0 0 0 0 0 0 0 0 0 0 0 0 0 0 0 0 0 0 0 0 0 0 0 0 0 0 0 0 0 0 0 0 0 0 0 0 0 0 0 0 0
0 0 0 0 0 0 0 0 0 0 0 0 0 0 0 0 0 0 0 0 0 0 0 0 0 0 0 0 0 0 0 0 0 0 0 0 0 0 0 0 0 0 0 0 0 0 0 0 0 0
0 0 0 0 0 0 0 0 0 0 0 0 0 0 0 0 0 0 0 0 0 0 0 0 0 0 0 0 0 0 0 0 0 0 0 0 0 0 0 0 0 0 0 0 0 0 0 0 0 0
0 0 0 0 0 0 0 0 0 0 0 0 0 0 0 0 0 0 0 0 0 0 0 0 0 0 0 0 0 0 0 0 0 0 0 0 0 0 0 0 0 0 0 0 0 0 0 0 0 0
0 0 0 0 0 0 0 0 0 0 0 0 0 0 0 0 0 0 0 0 0 0 0 0 0 0 0 0 0 0 0 0 0 0 0 0 0 0 0 0 0 0 0 0 0 0 0 0 0 0
0 0 0 0 0 0 0 0 0 0 0 0 0 0 0 0 0 0 0 0 0 0 0 0 0 0 0 0 0 0 0 0 0 0 0 0 0 0 0 0 0 0 0 0 0 0 0 0 0 0
0 0 0 0 0 0 0 0 0 0 0 0 0 0 0 0 0 0 0 0 0 0 0 0 0 0 0 0 0 0 0 0 0 0 0 0 0 0 0 0 0 0 0 0 0 0 0 0 0 0
0 0 0 0 0 0 0 0 0 0 0 0 0 0 0 0 0 0 0 0 0 0 0 0 0 0 0 0 0 0 0 0 0 0 0 0 0 0 0 0 0 0 0 0 0 0 0 0 0 0
0 0 0 0 0 0 0 0 0 0 0 0 0 0 0 0 0 0 0 0 0 0 0 0 0 0 0 0 0 0 0 0 0 0 0 0 0 0 0 0 0 0 0 0 0 0 0 0 0 0
0 0 0 0 0 0 0 0 0 0 0 0 0 0 0 0 0 0 0 0 0 0 0 0 0 0 0 0 0 0 0 0 0 0 0 0 0 0 0 0 0 0 0 0 0 0 0 0 0 0
0 0 0 0 0 0 0 0 0 0 0 0 0 0 0 0 0 0 0 0 0 0 0 0 0 0 0 0 0 0 0 0 0 0 0 0 0 0 0 0 0 0 0 0 0 0 0 0 0 0
0 0 0 0 0 0 0 0 0 0 0 0 0 0 0 0 0 0 0 0 0 0 0 0 0 0 0 0 0 0 0 0 0 0 0 0 0 0 0 0 0 0 0 0 0 0 0 0 0 0
0 0 0 0 0 0 0 0 0 0 0 0 0 0 0 0 0 0 0 0 0 0 0 0 0 0 0 0 0 0 0 0 0 0 0 0 0 0 0 0 0 0 0 0 0 0 0 0 0 0
0 0 0 0 0 0 0 0 0 0 0 0 0 0 0 0 0 0 0 0 0 0 0 0 0 0 0 0 0 0 0 0 0 0 0 0 0 0 0 0 0 0 0 0 0 0 0 0 0 0
0 0 0 0 0 0 0 0 0 0 0 0 0 0 0 0 0 0 0 0 0 0 0 0 0 0 0 0 0 0 0 0 0 0 0 0 0 0 0 0 0 0 0 0 0 0 0 0 0 0
0 0 0 0 0 0 0 0 0 0 0 0 0 0 0 0 0 0 0 0 0 0 0 0 0 0 0 0 0 0 0 0 0 0 0 0 0 0 0 0 0 0 0 0 0 0 0 0 0 0
>numMutationCategories:
1
>numSelectionCategories:
1
>categoryProbabilities:
1 
>selectionIsInMixture:
***
0 
>mutationIsInMixture:
***
0 
>obsPhiSets:
0
>currentSynthesisRateLevel:
***
0.420192 0.87524 0.939846 2.08976 0.844435 3.62524 0.462774 1.26147 0.555091 0.916628
0.39735 0.705183 0.625726 1.16998 1.45099 0.412573 0.817588 0.709085 1.58973 0.307919
0.23186 0.901417 0.69334 0.629634 0.516216 0.536678 0.814674 0.270267 0.564918 1.01664
0.611613 0.546858 0.480332 0.638478 1.1671 1.13865 0.614159 1.08423 2.09368 1.29236
0.503061 1.46173 2.59655 0.476877 3.42012 0.896417 1.62889 2.24373 1.43076 0.949948
1.84565 2.37331 1.00376 0.424032 1.00749 0.53079 1.03311 1.56068 1.08122 0.384567
0.32098 0.73975 0.478275 0.956922 3.02984 1.30624 2.98926 1.15597 1.12917 0.459114
0.529207 1.06365 1.38303 1.20792 1.07589 0.417153 0.405519 0.668355 1.05305 0.442282
2.25158 0.405064 0.590897 1.30529 2.76018 1.17744 0.317801 0.85343 1.23542 1.16071
1.57578 0.53662 0.493159 1.40127 0.911378 1.54229 0.405239 1.2498 0.679778 0.472272
0.53642 2.22894 1.18178 0.216672 1.40337 0.329694 1.83334 0.608682 0.565951 0.392753
0.697913 1.64407 0.39101 0.539856 0.292367 0.564195 0.709271 1.22095 1.92657 0.67453
0.560356 0.827527 0.818238 2.08133 0.24631 0.451809 1.49071 1.07318 2.37994 1.0157
0.154334 0.573722 1.12429 0.333952 0.326551 1.03883 1.87192 2.35879 0.837542 1.06161
0.899356 0.455317 0.229498 1.25526 1.15684 1.52432 0.44997 2.00273 0.539773 0.594222
0.718447 1.78387 0.630116 0.305898 0.297118 1.21921 0.824385 0.35616 0.81633 0.332373
2.03695 0.830952 0.593679 0.790173 1.54105 0.797267 0.384856 1.0572 0.771185 0.754624
0.916597 0.495158 0.336692 1.23828 0.860219 0.826516 0.773208 1.41146 0.452219 0.431875
0.175696 0.890539 0.779722 1.47135 0.965355 0.614007 0.95539 1.30455 1.09375 0.456578
0.754592 1.11135 0.699333 1.23472 1.01928 0.290526 1.29472 0.452707 0.341505 0.978251
1.77654 0.165129 0.686202 1.02657 2.02399 0.194609 0.58884 1.29211 0.800113 0.39385
0.397807 1.53857 0.559074 0.48961 1.82399 1.11768 0.872473 0.823282 0.715331 1.09508
0.471565 0.41135 1.47798 0.134739 1.57178 0.489653 0.166901 1.38653 0.665488 0.466698
0.679494 0.411694 0.622432 0.410073 1.10161 0.538357 0.718102 0.368669 0.878137 4.07947
0.900587 1.81223 2.52365 2.73017 0.889261 0.480211 1.83207 0.481386 1.43993 0.786274
1.09599 1.93175 2.11562 1.62406 0.412423 0.529067 0.377697 0.917619 0.54077 1.26747
0.717844 0.40811 0.550874 0.23302 0.268295 0.133173 0.432884 0.780635 1.82288 0.464672
0.876566 1.30596 0.742956 0.393114 0.176183 0.757042 0.348366 0.996241 0.573623 0.542679
0.601426 4.5283 2.94626 1.30578 0.79239 1.43542 1.21781 1.59394 0.627636 0.492489
0.787848 0.704665 0.283411 0.483296 1.63998 1.57794 0.809194 0.323515 0.861883 0.811342
0.693567 0.396396 0.955744 0.426472 0.732547 1.78398 3.29025 0.239882 1.08592 1.46403
1.61344 2.39463 0.803213 0.758663 1.40802 2.13245 1.2882 1.50756 2.53822 1.25446
1.89825 0.73714 0.511283 0.776438 4.49353 0.732881 0.857426 0.28301 0.600469 0.186014
0.161659 0.863903 0.67225 0.857979 0.8182 0.824557 1.72696 1.40267 0.744471 0.314566
1.51829 0.532212 1.32352 0.418884 1.05583 0.480823 0.289307 0.626529 0.547278 0.266147
1.12382 0.239546 1.74835 0.93527 0.814686 0.940382 1.75002 0.894472 0.84765 0.972414
1.59329 0.585121 1.08573 0.835034 0.595094 0.870578 0.37355 1.32444 2.92447 1.44429
0.969289 1.81428 0.400442 0.236638 1.09856 0.476519 0.360527 0.939973 0.807494 1.09863
2.78967 0.797246 0.370931 1.4913 2.67815 2.19938 3.33285 0.357973 0.612692 0.232251
1.57302 0.508514 0.513455 1.28397 1.47023 0.831877 0.767902 1.16881 1.2951 0.644226
0.695021 1.14239 1.69418 0.552505 0.690093 0.992508 4.00964 1.25514 0.468277 0.725422
0.475509 0.467311 1.52143 0.71457 1.10731 1.42364 0.644373 1.26876 1.12169 0.433975
0.982733 0.965653 0.178518 0.46499 0.32919 0.560454 0.365735 0.593485 0.529966 0.216494
0.645154 0.264484 0.616948 0.505382 0.646072 1.22938 1.33176 1.59627 0.747781 2.43885
0.252874 1.60066 0.326609 0.580319 0.690547 0.608661 2.19815 0.456008 0.602331 0.253084
0.253724 0.37166 0.787063 0.461841 0.389824 0.526471 3.71375 1.00484 1.18232 0.957527
0.254 1.59771 0.704705 1.33796 1.02568 1.2146 1.57641 1.34216 0.994952 0.620125
0.338049 1.46691 0.928907 3.27991 0.299715 1.02815 0.706685 1.50327 1.82888 0.793783
1.11015 1.1897 1.26725 0.716252 1.42817 1.4117 1.0292 0.841011 2.49118 1.14851
0.40136 0.783321 1.8978 1.47528 0.524102 0.84934 0.942852 0.753164 1.12397 0.570245
0.544121 0.569264 1.49655 0.258799 0.872236 0.861364 0.798998 0.151919 1.19302 3.36362
0.279657 0.879218 1.30554 0.490235 1.55948 0.339787 0.529854 1.03312 0.72913 0.704078
3.01757 1.02512 0.936005 2.07455 1.05176 2.20138 3.67758 1.42873 0.969691 3.4668
2.01129 0.533324 0.398842 0.374299 2.66813 1.05198 2.31526 0.251632 0.856972 1.19166
0.858027 0.533378 0.525025 0.650517 0.836768 0.311733 0.86927 0.700355 1.38039 0.357026
2.3351 2.74275 0.547018 0.194207 1.38173 1.31368 0.905434 0.555827 3.03348 0.751116
1.96729 0.803218 1.05326 0.619995 2.00417 0.279573 4.16485 0.586101 1.16328 0.81493
0.258856 0.388809 1.51639 0.696059 0.630861 0.895836 0.67797 0.329999 1.86949 0.817064
0.75325 0.388996 0.647957 0.306751 2.24697 0.259355 0.75309 0.172133 0.936327 1.08353
0.953471 0.512572 0.821983 0.418457 1.06317 0.76596 0.683583 0.62615 1.06192 0.558164
0.491875 3.93143 0.756236 0.899885 1.08732 1.21937 0.877034 0.377491 1.27402 1.80683
0.589912 0.561191 0.947141 1.16153 0.834078 0.754846 0.40252 0.44857 0.409157 1.14347
1.13641 0.972021 1.05286 0.675323 0.97235 1.14054 0.820605 0.362301 1.6379 0.800303
1.63488 0.567236 0.571307 0.298101 0.963721 0.986836 1.1886 1.21227 0.6994 0.919505
0.618996 1.05647 4.14678 0.929307 0.960595 1.54836 1.6929 0.943249 0.751415 1.06826
1.14824 2.69685 0.460943 0.383362 0.376069 1.20229 0.946689 1.66972 0.502561 0.563997
1.41299 1.63764 1.43639 4.48037 0.254004 1.32861 1.16651 0.721395 0.865841 0.750817
0.363314 1.07574 0.48968 0.59648 1.33416 1.22732 0.18439 0.525831 1.85872 0.644162
1.0882 1.3487 0.566561 0.958828 0.483124 1.78697 0.946657 0.514065 1.03944 0.530247
1.68038 1.45128 1.6211 0.92033 0.707585 1.278 0.469005 0.532064 1.82503 0.49952
0.504518 1.17828 0.770125 0.544718 1.32364 0.75156 1.64021 0.897369 1.05559 0.250527
0.769382 0.520811 0.974957 0.468174 1.87087 0.92433 0.483517 0.81898 0.641354 0.338437
0.424183 1.73798 3.15774 0.203809 0.859533 0.660487 0.346587 0.319648 1.28397 1.09162
1.35806 2.94169 1.02133 1.12823 0.137624 1.45779 0.62864 1.01065 0.2452 0.903252
1.76173 1.13399 1.61848 0.70586 0.603045 0.291715 0.668136 0.970391 0.291944 1.28374
1.53309 0.480873 0.6835 0.522118 0.558434 0.960729 1.84371 1.40548 0.737858 0.424426
1.33419 2.00423 0.361043 0.573457 0.871102 0.331114 0.784552 0.981784 0.14448 1.44928
1.11384 0.542079 0.627594 1.06457 0.404168 0.595684 1.05825 0.323493 0.476993 2.76113
0.333868 0.438019 0.380052 0.927896 2.54543 0.545839 0.986915 2.2449 1.91496 1.12965
0.840507 1.76342 0.979756 0.888682 0.212137 0.841014 1.92956 0.925726 0.81774 0.297123
0.658815 0.546191 1.13935 1.29059 1.37905 0.263899 0.789821 1.82055 0.577431 0.628857
1.37887 2.25033 0.734018 0.840659 0.714672 2.5318 0.389553 0.973126 0.780923 0.304611
1.41802 1.07458 0.448174 0.583255 2.63431 0.840573 0.222842 2.06219 0.529255 0.560854
1.04844 0.300988 0.501569 0.278476 1.50973 0.847716 1.18877 0.611856 0.399811 0.829063
4.05613 1.14171 0.365099 2.33361 0.185646 2.41266 0.400564 1.81566 0.571851 4.47974
1.09379 0.340008 1.10844 0.347447 0.690838 0.690451 1.10463 0.852029 0.615101 0.367947
2.13532 1.51291 0.670185 0.620043 1.39201 0.382862 1.00364 0.37932 0.929702 0.770006
1.98676 1.08187 0.854728 1.13537 0.370916 1.02049 0.158614 1.46262 0.995587 0.654244
0.554112 1.50579 0.537065 0.627467 1.01043 1.28447 1.14509 0.348276 0.650489 0.405468
0.39187 2.65265 1.29508 0.72587 0.77881 0.820551 0.465939 0.554907 1.39525 0.772194
1.54791 0.610096 0.308289 1.15964 0.731448 0.754295 1.06975 0.637974 0.939954 0.618169
0.465491 0.904832 0.861532 1.1771 0.740467 0.546921 1.48784 1.40997 0.618992 1.11765
1.90341 0.855412 0.390728 0.746783 0.881389 0.308525 0.880424 1.10004 0.438028 0.599362
1.68826 1.28933 0.463227 1.47413 1.54693 0.682687 0.788878 1.19828 0.254942 1.0441
3.01032 0.673853 0.322513 1.51121 1.06558 0.761683 0.842293 0.483597 0.64742 0.836399
1.64257 0.60608 0.297865 0.312832 0.80475 0.979285 0.931478 0.967359 1.18293 0.250128
1.06608 1.28073 0.856605 0.982031 1.36165 0.263774 1.10526 0.530711 0.855418 0.873603
0.389867 0.870764 0.687604 0.811612 0.388735 2.73668 0.200202 0.523991 1.13369 0.953436
0.558931 0.966772 1.29478 0.703913 0.480162 1.05822 1.13064 0.532357 1.50876 0.172931
0.818144 0.938453 2.01692 1.01419 0.72759 0.504934 0.611228 0.27445 0.370223 0.874496
0.877189 0.323952 0.486518 0.523133 0.367612 0.693491 1.79261 2.05577 0.508323 0.713764
2.6079 0.982628 0.448076 0.405565 0.981668 0.857244 0.74618 3.18797 0.519558 0.305313
1.89186 0.636566 1.92372 1.8897 2.24808 1.01603 0.402733 0.778816 1.44817 1.26814
1.36153 0.563559 0.414998 0.851263 0.544662 0.975513 1.06291 0.786879 0.506859 0.31537
2.09937 0.942521 1.20703 0.979938 0.715968 1.17499 0.931177 1.96387 0.753206 0.355827
0.402874 0.492834 0.563024 0.47202 1.12286 2.81919 0.831143 0.696365 1.14504 0.320316
0.0961477 0.92212 4.0284 0.615592 0.564658 1.09045 0.667835 0.99886 0.277759 0.967197
0.93291 1.3285 0.475593 0.237432 3.18806 0.37222 0.307835 1.15714 0.505051 0.936988
0.659322 0.560981 0.684643 1.38105 1.13055 0.388012 0.66671 0.56786 0.57251 0.581898
1.34023 0.651696 0.946902 0.688724 1.32295 3.01804 0.313885 0.553309 0.869598 1.66232
0.361079 0.14565 0.505862 2.09951 0.986629 0.180192 1.09835 0.988881 0.460877 0.794076
1.38815 1.59381 0.43462 0.189016 0.966292 1.04553 0.700907 0.519655 0.305001 0.436856
0.638811 0.756165 0.182846 1.54102 1.00307 0.460358 0.901256 0.381763 0.616011 2.84196
1.29757 0.419278 0.592541 0.641736 1.67722 0.11783 0.991879 0.544424 1.1465 0.504851
1.16456 0.952571 1.15126 0.970469 1.60751 0.590927 0.410356 0.539798 0.949771 1.61694
0.76425 0.920389 0.889875 2.05852 0.707673 0.699105 0.622663 1.09256 0.965828 2.17756
0.58948 0.660671 0.737059 2.48066 0.996856 4.31979 1.18747 0.425951 2.06073 1.53648
0.857296 1.42332 1.20875 1.0406 1.72724 1.86497 0.609197 0.923356 0.783076 1.43481
0.803074 1.6145 0.425834 1.45475 0.173215 1.11356 1.40652 0.231121 0.547658 1.03448
0.278894 0.716023 0.456904 0.33908 0.676209 0.626029 1.39294 1.16025 0.702574 0.39459
1.17178 1.3483 1.31155 0.941783 0.406245 0.534498 0.494615 0.272035 0.589919 0.658626
1.02645 0.334485 1.63212 1.36878 0.484889 0.827466 0.329005 1.0657 2.04473 1.23786
0.428269 0.825372 1.22352 0.894663 0.399625 0.167057 1.19025 0.386135 0.951571 0.315109
1.96919 0.742194 0.846546 2.5488 1.76251 0.339031 0.387949 0.344188 1.63829 2.28712
0.539857 1.24101 1.97548 1.11202 1.48037 0.788895 0.992093 1.4167 2.81134 0.769742
0.75507 1.25174 0.892729 1.95414 1.28174 1.10374 0.43214 0.97285 0.881436 2.62048
1.80522 1.72662 0.730139 1.50672 0.841691 0.539866 1.33956 1.00056 2.96653 0.666334
0.957191 0.301915 0.590555 0.521602 1.29973 0.63018 0.772024 0.542417 0.566849 0.85758
1.43921 2.30394 0.858594 0.560462 1.06948 1.393 1.12794 1.07792 1.8361 1.10433
1.48104 1.19894 0.679066 4.29862 1.50347 2.03634 3.80068 1.08833 0.719963 0.841472
1.53589 0.967587 1.38767 0.803465 0.4319 1.19199 0.364128 1.38166 1.11309 1.98467
1.27388 2.13408 1.64537 0.303384 0.636645 1.74186 0.8602 1.14785 1.28775 0.7692
0.515845 0.821617 0.902393 1.08802 0.839363 1.0966 1.33028 0.580146 0.695874 0.93554
1.55354 0.432633 0.781378 0.484988 0.231265 0.261 1.0457 1.0327 0.794566 2.06886
0.558809 0.609313 0.258574 0.431166 0.175004 1.57359 0.655567 0.984683 1.92749 2.40723
0.356587 1.15834 0.555361 1.22759 0.663484 1.5225 1.84139 0.472935 1.80319 0.528033
1.3252 0.769654 0.426701 1.73924 2.45346 0.264856 0.563471 0.91072 0.716548 0.707842
0.393812 2.1362 1.34709 1.61765 1.03549 1.30881 1.0624 0.904 0.778516 0.547897
1.87864 1.12038 0.931994 0.974864 0.532677 0.338285 1.10399 2.23888 0.758764 0.749391
0.441387 0.593825 1.42734 1.10812 0.918729 0.276564 0.18205 0.846891 0.441513 2.05219
0.29646 1.14741 1.31339 0.845949 0.747418 1.6553 1.7992 2.29848 0.872432 0.864828
0.870609 1.28748 0.684231 1.7632 0.258842 0.70644 1.99371 0.62244 0.850423 0.738442
0.535576 0.311928 3.03408 1.59166 0.62523 0.32393 1.03355 1.0444 0.743294 0.899052
1.25825 0.44741 0.44622 0.146327 0.210263 1.92528 1.4141 1.63541 1.42004 0.704047
0.753506 0.534588 3.45123 0.216179 0.83982 0.800289 0.692574 0.317981 0.546935 1.09761
1.07182 1.26183 1.0117 0.766296 0.996238 0.95199 3.03603 0.64145 1.72103 0.810157
1.25684 2.08596 0.430711 2.09126 0.998429 1.11645 1.81321 0.936216 1.83629 0.688201
1.17084 1.69357 1.02775 0.44868 0.704063 0.839431 1.01407 1.33046 1.34761 1.59501
0.27985 1.93136 1.83003 1.7006 1.73847 0.744495 1.1312 1.2381 0.540782 0.764922
0.343077 0.474715 1.21739 0.780892 1.09398 0.704807 0.929479 0.707835 0.584042 1.36034
>noiseOffset:
>observedSynthesisNoise:
>std_NoiseOffset:
>mutation_prior_mean:
***
0 0 0 0 0 0 0 0 0 0
0 0 0 0 0 0 0 0 0 0
0 0 0 0 0 0 0 0 0 0
0 0 0 0 0 0 0 0 0 0
>mutation_prior_sd:
***
0.35 0.35 0.35 0.35 0.35 0.35 0.35 0.35 0.35 0.35
0.35 0.35 0.35 0.35 0.35 0.35 0.35 0.35 0.35 0.35
0.35 0.35 0.35 0.35 0.35 0.35 0.35 0.35 0.35 0.35
0.35 0.35 0.35 0.35 0.35 0.35 0.35 0.35 0.35 0.35
>std_csp:
0.1 0.1 0.1 0.1 0.1 0.1 0.1 0.1 0.1 0.1
0.1 0.1 0.1 0.1 0.1 0.1 0.1 0.1 0.1 0.1
0.1 0.1 0.1 0.1 0.1 0.1 0.1 0.1 0.1 0.1
0.1 0.1 0.1 0.1 0.1 0.1 0.1 0.1 0.1 0.1
>currentMutationParameter:
***
-0.413408 1.10391 0.824372 0.686321 1.13378 -1.21384 0.810359 -0.713371 0.732749 0.676233
0.89825 0.410559 1.24139 -1.32506 0.398363 0.976338 0.664755 0.181987 -0.263586 1.10867
-0.455339 0.837005 0.323413 -0.905041 -1.00696 0.234489 -0.975879 0.979758 0.137747 -0.52391
0.865038 0.531642 -0.395434 1.22971 0.797473 0.33652 1.02576 0.561238 0.849597 0.962397
>currentSelectionParameter:
***
0.584259 -0.399905 0.255837 -0.555792 -0.373414 0.677385 -0.91282 -0.37271 -0.219402 0.138163
-0.505749 1.06124 -0.727308 0.948896 0.625866 -0.645174 -0.171379 -0.245942 1.31077 -0.678561
-0.662306 -0.194859 -0.411718 0.195222 0.585816 0.892076 0.957416 -0.205212 0.733426 0.389866
-0.410652 -0.19204 0.393906 -0.610664 0.00571769 0.634101 -0.446115 -0.0363347 -0.677546 -0.721223
>covarianceMatrix:
A
0.000542429	0.000274388	0.000226503	-0.00032132	-7.90619e-05	-0.000104767	
0.000274388	0.000450548	9.93519e-05	-0.000187996	-0.000181221	-9.97162e-05	
0.000226503	9.93519e-05	0.000487349	-4.60312e-05	-1.07257e-05	-0.000115871	
-0.00032132	-0.000187996	-4.60312e-05	0.000351391	8.24444e-05	6.4067e-05	
-7.90619e-05	-0.000181221	-1.07257e-05	8.24444e-05	0.000149873	6.56622e-05	
-0.000104767	-9.97162e-05	-0.000115871	6.4067e-05	6.56622e-05	8.7689e-05	
***
>covarianceMatrix:
C
0.00173982	-0.00125754	
-0.00125754	0.00126631	
***
>covarianceMatrix:
D
0.000554368	-0.000330294	
-0.000330294	0.000366757	
***
>covarianceMatrix:
E
0.00088197	-0.000721652	
-0.000721652	0.00085258	
***
>covarianceMatrix:
F
0.000546865	-0.000457126	
-0.000457126	0.000576578	
***
>covarianceMatrix:
G
0.000489059	0.000337124	0.000332716	-0.00027025	-0.000114587	-0.000111158	
0.000337124	0.000624863	0.000229324	-0.000181004	-0.000245146	-7.19735e-05	
0.000332716	0.000229324	0.000644806	-0.000221302	-0.000131403	-0.000215254	
-0.00027025	-0.000181004	-0.000221302	0.000307976	0.000172908	0.000149047	
-0.000114587	-0.000245146	-0.000131403	0.000172908	0.000274927	0.000100564	
-0.000111158	-7.19735e-05	-0.000215254	0.000149047	0.000100564	0.000225117	
***
>covarianceMatrix:
H
0.00122734	-0.000923888	
-0.000923888	0.0010538	
***
>covarianceMatrix:
I
0.000604062	-2.55365e-05	-0.000566076	3.33476e-05	
-2.55365e-05	0.000451491	0.000105028	-0.000259644	
-0.000566076	0.000105028	0.00104435	-5.44827e-05	
3.33476e-05	-0.000259644	-5.44827e-05	0.000234052	
***
>covarianceMatrix:
K
0.000495245	-0.00031875	
-0.00031875	0.000319956	
***
>covarianceMatrix:
L
0.000230146	5.82834e-05	0.000113574	2.01246e-05	4.41806e-05	-0.000186426	-5.33701e-05	-4.25547e-05	-1.20325e-05	6.82717e-05	
5.82834e-05	0.000188024	0.000107621	4.39115e-05	7.74324e-05	6.04091e-07	-7.61368e-05	-5.85956e-05	1.89889e-06	3.25859e-05	
0.000113574	0.000107621	0.000220718	3.52045e-05	3.50832e-05	-0.000106972	-8.04031e-05	-9.7845e-05	-1.15861e-05	9.41898e-05	
2.01246e-05	4.39115e-05	3.52045e-05	0.000146051	3.70556e-05	6.50701e-05	-1.79709e-05	1.17615e-05	-5.36338e-05	4.26164e-05	
4.41806e-05	7.74324e-05	3.50832e-05	3.70556e-05	0.000220853	1.95358e-05	-3.87556e-05	-2.55913e-05	3.58834e-05	-2.20405e-05	
-0.000186426	6.04091e-07	-0.000106972	6.50701e-05	1.95358e-05	0.000414419	8.87437e-05	0.000109099	3.57318e-05	-9.27699e-05	
-5.33701e-05	-7.61368e-05	-8.04031e-05	-1.79709e-05	-3.87556e-05	8.87437e-05	8.644e-05	6.68386e-05	1.71765e-05	-4.25504e-05	
-4.25547e-05	-5.85956e-05	-9.7845e-05	1.17615e-05	-2.55913e-05	0.000109099	6.68386e-05	0.000124984	-5.53565e-06	-4.65891e-05	
-1.20325e-05	1.89889e-06	-1.15861e-05	-5.36338e-05	3.58834e-05	3.57318e-05	1.71765e-05	-5.53565e-06	7.87791e-05	-4.86961e-05	
6.82717e-05	3.25859e-05	9.41898e-05	4.26164e-05	-2.20405e-05	-9.27699e-05	-4.25504e-05	-4.65891e-05	-4.86961e-05	0.000116029	
***
>covarianceMatrix:
N
0.000854721	-0.000607127	
-0.000607127	0.000616319	
***
>covarianceMatrix:
P
0.000731259	0.000190049	0.000148653	-0.000615442	-4.85242e-05	-0.000212029	
0.000190049	0.00118072	2.81739e-05	0.000147868	-0.000519508	0.000167913	
0.000148653	2.81739e-05	0.000388272	9.69894e-06	7.0196e-05	-0.00010104	
-0.000615442	0.000147868	9.69894e-06	0.000931388	1.34853e-05	0.000358657	
-4.85242e-05	-0.000519508	7.0196e-05	1.34853e-05	0.000471545	-6.0857e-05	
-0.000212029	0.000167913	-0.00010104	0.000358657	-6.0857e-05	0.000312435	
***
>covarianceMatrix:
Q
0.000704937	-0.000409725	
-0.000409725	0.000479373	
***
>covarianceMatrix:
R
0.000482801	0.000228182	0.000242502	0.000186369	-2.29225e-05	-0.000401069	-7.7677e-05	-0.000176157	-0.000162565	-2.37334e-05	
0.000228182	0.000548576	8.36567e-05	2.66604e-07	9.87249e-05	-0.000221055	-0.000261336	-0.000109274	-5.64985e-05	-6.51634e-05	
0.000242502	8.36567e-05	0.000271539	0.000147027	2.86325e-05	-0.000180703	1.17121e-05	-0.000114319	-0.00010958	-9.3351e-06	
0.000186369	2.66604e-07	0.000147027	0.000313449	-9.56349e-06	-0.000202826	5.49957e-05	-8.06694e-05	-0.00015543	-1.77749e-05	
-2.29225e-05	9.87249e-05	2.86325e-05	-9.56349e-06	0.000238739	8.6351e-05	-1.03448e-05	5.48955e-05	8.03049e-06	3.53707e-05	
-0.000401069	-0.000221055	-0.000180703	-0.000202826	8.6351e-05	0.000478844	9.24403e-05	0.000206591	0.000199464	3.4863e-05	
-7.7677e-05	-0.000261336	1.17121e-05	5.49957e-05	-1.03448e-05	9.24403e-05	0.000218163	4.35944e-05	-1.67648e-05	4.92499e-05	
-0.000176157	-0.000109274	-0.000114319	-8.06694e-05	5.48955e-05	0.000206591	4.35944e-05	0.000126738	9.34383e-05	2.50428e-05	
-0.000162565	-5.64985e-05	-0.00010958	-0.00015543	8.03049e-06	0.000199464	-1.67648e-05	9.34383e-05	0.000168981	4.31245e-06	
-2.37334e-05	-6.51634e-05	-9.3351e-06	-1.77749e-05	3.53707e-05	3.4863e-05	4.92499e-05	2.50428e-05	4.31245e-06	7.32814e-05	
***
>covarianceMatrix:
S
0.000312078	0.000102652	6.73123e-05	-0.000182936	-9.30324e-06	-4.57814e-06	
0.000102652	0.000416661	0.000173287	-4.13202e-05	-0.000141493	-6.67187e-05	
6.73123e-05	0.000173287	0.000263241	1.20377e-05	-3.1952e-05	-7.3538e-05	
-0.000182936	-4.13202e-05	1.20377e-05	0.000232102	5.66497e-05	1.52256e-05	
-9.30324e-06	-0.000141493	-3.1952e-05	5.66497e-05	0.000127159	2.55904e-05	
-4.57814e-06	-6.67187e-05	-7.3538e-05	1.52256e-05	2.55904e-05	0.000116507	
***
>covarianceMatrix:
T
0.000329401	0.000180739	0.000278783	-0.000182403	-7.36257e-05	-9.73938e-05	
0.000180739	0.000489488	0.000146384	-9.16792e-05	-0.000210862	-2.9339e-05	
0.000278783	0.000146384	0.000537983	-0.000147615	-1.11895e-05	-0.000210552	
-0.000182403	-9.16792e-05	-0.000147615	0.000168721	5.96829e-05	8.77034e-05	
-7.36257e-05	-0.000210862	-1.11895e-05	5.96829e-05	0.0001502	6.10901e-07	
-9.73938e-05	-2.9339e-05	-0.000210552	8.77034e-05	6.10901e-07	0.000180825	
***
>covarianceMatrix:
V
0.000411856	-3.73963e-06	5.8421e-05	-0.00030016	2.14744e-06	-3.90985e-05	
-3.73963e-06	0.000242322	3.47525e-06	-1.04371e-05	-0.000139332	-1.38222e-05	
5.8421e-05	3.47525e-06	0.000232163	5.09352e-07	2.78158e-05	-0.000131685	
-0.00030016	-1.04371e-05	5.09352e-07	0.000370209	7.96046e-06	1.79244e-05	
2.14744e-06	-0.000139332	2.78158e-05	7.96046e-06	0.000147415	2.26398e-05	
-3.90985e-05	-1.38222e-05	-0.000131685	1.79244e-05	2.26398e-05	0.000136472	
***
>covarianceMatrix:
Y
0.00107319	-0.000790351	
-0.000790351	0.00088923	
***
>covarianceMatrix:
Z
0.00218182	-0.00146425	
-0.00146425	0.00168272	
***
