>groupList:
A C D E F G H I K L
N P Q R S T V Y Z 
>stdDevSynthesisRate:
0.677952 
>numParam:
40
>numMixtures:
1
>std_stdDevSynthesisRate:
0.0815372
>std_phi:
***
2.01594 0.825729 0.992461 0.257018 0.488597 0.43436 1.67725 0.954286 0.610745 1.11638
1.4513 0.793969 1.2902 0.587256 0.734069 0.825729 2.09657 0.660579 0.687006 0.858752
1.67726 0.825726 0.635175 0.793969 1.34181 1.55071 0.687005 1.61275 0.917584 0.610746
0.660582 1.11638 1.03216 0.893107 0.793969 0.635176 0.793969 0.528466 0.587255 1.03216
1.11639 0.451735 0.231289 1.39548 0.240539 0.734069 0.635175 0.24054 0.734069 0.660582
0.763432 0.610746 0.763432 1.24057 0.610746 0.858758 0.793968 1.2902 1.2902 1.67726
1.2902 0.610747 0.89311 0.610746 0.131593 0.267299 0.469804 0.954287 0.635176 1.03216
1.39548 0.763432 0.528466 0.635175 1.03216 1.67726 1.16104 1.34181 0.99246 0.858754
1.24058 1.2902 0.858758 1.03216 1.67726 0.954289 1.39548 0.734069 0.289111 0.858757
0.564669 0.610745 0.635176 0.528466 1.24058 1.61274 1.34181 0.610745 1.67726 1.24057
1.03216 0.131593 0.451734 1.07344 0.312702 1.03216 0.825728 1.19285 1.07345 0.610746
0.763432 0.289111 1.2902 1.19285 0.954285 1.16104 0.610746 0.635176 0.451734 0.528466
1.16104 0.660582 1.24057 0.469804 1.39548 1.07344 0.469805 0.488596 0.469804 0.610745
1.67726 1.07345 0.267299 1.34181 1.61275 1.16104 0.763433 0.451735 1.03216 1.34181
0.992459 1.67726 1.81411 0.635176 0.469804 0.610745 1.03215 0.434361 1.39548 1.81413
1.2902 0.488597 0.858757 1.29019 1.24058 0.50814 1.2902 1.34181 1.07345 1.4513
0.992461 1.07345 0.451735 1.03216 0.28911 0.635175 1.2902 0.763432 0.992461 0.714486
0.635176 1.24058 1.61275 0.549604 0.488596 0.954289 0.635175 1.2902 1.3418 1.50935
2.01594 0.992462 1.11639 0.434361 0.610745 0.825728 0.825728 0.660582 0.687006 1.4513
1.19286 0.734069 0.469805 0.312702 1.2902 1.39548 0.549604 1.61275 1.39548 1.34181
0.205615 1.24057 1.34181 1.81411 0.27799 1.67726 1.03216 0.390877 0.660583 1.4513
1.24057 0.469804 1.3418 1.03216 0.635175 0.763431 0.793967 1.11638 1.03216 1.03216
0.99246 1.74435 0.763431 2.01594 0.434361 1.2902 1.4513 0.508141 1.2902 1.74435
1.11638 1.34181 1.67726 0.687007 0.793968 1.67726 0.954287 1.61275 0.858758 0.375843
0.79397 0.375844 0.488597 0.610746 0.825727 0.763431 0.79397 0.793969 1.24057 1.07344
0.992458 1.07344 0.635175 0.375843 1.03216 0.825728 1.74435 0.793969 1.24057 0.635176
0.825729 1.34181 1.67726 1.34181 1.74435 1.39548 1.24058 1.03216 0.247133 1.07345
0.469805 1.11638 0.610745 1.19286 1.67726 0.793971 1.34181 1.74435 1.03216 1.03216
1.03216 0.213839 0.390878 0.928831 0.422773 0.825728 0.451735 0.793968 0.610746 0.992459
0.858759 0.793968 1.67725 1.03216 0.610746 0.635176 0.50814 1.67726 0.660582 0.992456
0.714486 0.992463 0.610745 1.34181 0.793968 0.610746 0.289111 1.03216 0.50814 0.564669
1.07345 0.222392 1.2902 0.660583 0.793969 1.07345 1.61275 1.07344 0.610746 0.277991
0.390876 1.03216 0.99246 0.917586 0.434361 1.2902 0.687005 1.16104 0.635175 1.55072
1.67726 1.03216 0.825728 1.61275 0.734069 0.587256 0.763432 1.81413 0.687005 1.34181
0.687006 0.992461 0.99246 1.61275 0.954292 0.992463 1.2902 1.20748 1.03216 1.67726
0.469804 1.67726 0.469805 0.277991 0.687006 0.660583 1.3418 0.858758 0.954287 0.825728
0.825728 0.793969 1.03216 0.763432 1.11639 0.687005 0.858758 0.457271 0.488596 1.03216
0.375844 0.954287 0.793968 2.09657 0.528466 1.3418 1.39548 1.61275 0.334124 0.610745
0.406512 0.825728 1.67726 0.825728 0.488597 0.508141 0.635176 1.61275 1.61275 1.88669
0.375843 0.79397 1.03216 0.79397 0.564669 0.528466 0.992459 0.587256 0.564669 0.763432
0.99246 0.763432 0.687007 1.67726 0.825728 0.390878 0.312702 0.992462 2.09658 1.39547
1.24057 1.61275 0.587255 1.55072 0.825729 0.361388 1.55072 0.917586 1.03216 1.39548
0.825726 0.660582 1.4513 0.660581 1.74435 1.39548 1.39548 1.34181 1.3418 1.74435
1.2902 1.34181 0.825729 1.34181 1.2902 1.67726 1.61275 0.954291 1.39548 0.763431
1.16104 1.67726 1.19286 0.508141 0.793969 1.74434 0.734069 1.74435 1.19286 1.74435
1.39548 1.67726 1.2902 1.61275 1.61275 1.07345 0.50814 0.660582 0.734069 0.610746
1.34181 1.34181 0.734069 0.390877 0.451735 1.74435 0.334123 0.635175 0.300674 0.660582
1.39548 0.267298 0.361388 0.24054 1.2902 1.03216 0.992459 0.488597 0.43436 1.11639
0.528465 0.508141 1.07345 0.858758 0.734069 0.270575 0.705836 0.763429 0.300675 0.660582
1.24058 1.03216 0.361388 0.361388 1.88669 1.24057 0.587255 1.67725 0.79397 0.587255
1.07345 0.825726 0.858755 1.74435 1.34181 1.03216 0.79397 1.67726 0.635176 0.451734
1.67726 0.858757 0.917586 2.01594 0.660582 1.4513 0.660583 0.488597 0.825728 0.793966
0.375844 0.488597 1.07345 0.27799 0.587255 0.289111 0.347489 0.50814 1.24057 0.469804
0.571589 1.11638 1.39548 1.34181 0.136857 1.03216 0.564669 1.67726 1.07345 1.07344
0.32521 1.11638 1.74435 1.24057 0.793969 1.96216 1.2902 1.34181 0.542951 1.3418
0.50814 0.564668 1.03216 2.26766 1.74435 0.469804 0.825727 1.07344 0.610746 0.528466
0.793968 1.61275 0.469804 1.49108 0.549604 1.55072 0.635176 1.3418 0.687006 1.4513
1.81413 1.07344 0.687005 1.2902 1.07345 1.61275 1.55071 2.09657 0.660583 0.610745
0.610746 1.67726 0.858754 1.03216 0.488596 1.34181 0.825728 1.07345 0.528466 0.587255
1.39547 0.858756 0.375844 0.793968 0.50814 1.07344 1.74435 0.549604 0.893109 1.67725
1.24058 0.361388 0.687005 1.07345 1.2902 0.50814 0.734069 1.03216 0.50814 0.635175
0.793966 0.635175 1.2902 0.893108 1.4513 1.07344 0.992458 1.2902 1.03216 0.564669
0.587256 1.24058 0.858754 0.793968 1.29019 0.825729 1.34181 2.09657 0.95429 0.635175
0.825726 1.07345 0.825725 0.793968 0.635175 0.793967 0.300675 0.347488 1.19286 1.24057
0.992459 0.610745 0.50814 0.422772 0.635175 0.488597 0.469804 0.825729 0.587256 0.825729
0.687005 0.375844 2.09657 1.61275 1.4513 0.954289 1.03216 1.07345 2.18044 1.03215
0.610746 0.610745 0.434361 0.825728 1.11638 0.763433 0.406513 0.528466 0.825726 1.2902
1.24057 0.610745 1.07344 0.858759 0.300674 0.610745 1.67726 1.29019 1.03216 1.24058
1.03216 0.954291 1.34181 0.79397 1.39548 0.321273 0.763433 0.825726 0.660582 1.2902
0.469805 0.564669 0.43436 0.858757 1.67726 0.660582 1.39548 0.858757 0.289111 1.81413
0.793969 0.451735 1.34181 1.3418 0.361388 0.8931 0.635175 1.24057 0.635175 1.74435
0.825725 1.39547 0.488596 0.825726 1.07344 0.793966 2.51993 0.825728 0.793971 1.07345
1.39548 0.610746 0.375844 1.39548 1.16104 0.825728 1.24057 1.67725 0.542951 0.734069
0.587256 0.28911 1.07345 0.825729 0.992463 0.763432 0.635176 0.858754 1.39547 0.687006
0.300675 0.488597 0.610745 1.11638 0.587255 1.67726 1.34181 0.542951 1.24057 0.635175
0.469804 1.03216 1.34181 1.4513 0.687007 1.07345 0.289111 0.451735 1.39548 1.39548
0.610745 0.177913 1.20748 1.03216 1.19286 2.18044 1.03216 0.763432 1.24058 0.587255
0.250161 1.24057 0.763432 0.992461 1.39548 0.635175 0.917586 1.39548 1.16104 0.469804
0.99246 0.763432 1.34181 0.469805 0.992461 0.528465 0.763432 1.14698 1.24057 0.375843
0.793969 1.11639 0.660582 0.825729 2.09658 0.469804 0.564668 0.734069 1.74435 1.39548
0.687005 1.34181 0.992461 0.73407 0.300674 1.39548 0.858758 0.361388 1.03216 0.763433
0.954289 0.347489 0.549604 0.825729 1.29019 0.587256 1.39548 1.11639 1.2902 2.18043
0.406512 0.488597 2.26766 0.763432 0.361388 0.469804 1.24057 0.763433 1.55072 1.74435
0.763431 1.74435 0.954289 1.03216 0.734069 0.469804 0.564669 1.24057 1.2902 0.825725
0.213839 0.610745 1.2902 0.564668 1.34181 1.11639 1.07344 0.635175 1.19286 0.469804
0.660582 0.917588 0.390877 1.34181 1.03216 1.16104 0.488596 0.825725 0.610746 1.81413
0.488597 0.277991 1.03216 0.763431 0.488596 1.2902 0.528466 0.954286 0.564669 0.79397
0.390877 0.825728 1.4513 0.469805 1.11639 0.893107 2.18044 0.347488 0.660583 0.610745
1.67726 0.312702 1.07345 1.67726 0.687006 0.635175 0.660582 1.67726 0.79397 1.34181
1.34181 0.312702 0.610745 1.03216 0.793969 1.03216 1.19286 1.3418 0.390877 0.79397
0.587255 0.587256 1.81412 0.564668 1.16104 0.992456 0.50814 1.55072 1.03216 1.03216
0.825729 0.587255 1.34181 1.88669 0.587256 1.19286 0.992462 0.587255 1.07345 0.469804
0.610745 0.825725 0.99246 0.50814 1.07345 1.4513 0.375843 0.610745 1.07345 0.954288
0.43436 0.300674 0.954291 0.406512 0.610746 1.03216 1.34181 0.334123 1.34181 0.825728
0.390877 1.03216 1.24057 0.610745 0.488597 1.67726 1.07345 0.858759 1.39548 0.564668
0.375844 1.07344 1.34181 1.11638 0.734069 0.793969 0.375843 0.361388 0.361387 1.34181
0.469804 0.469804 2.18044 0.793969 1.2902 1.07345 1.34181 1.67726 0.488597 1.3418
1.67726 0.610745 0.992461 1.03216 1.07345 0.528466 1.2902 1.34181 0.992461 0.763432
0.488597 0.734069 0.610745 1.07345 1.61275 0.451735 1.3418 2.26766 0.422772 1.9384
0.763431 1.34181 0.54295 0.43436 2.18044 1.2902 0.610746 2.09657 1.74435 0.542951
1.07345 1.67726 0.992463 1.2902 1.61275 1.07345 1.03216 0.361387 1.03216 1.2902
0.488597 0.635175 1.34181 1.2902 0.375843 1.88669 0.660583 0.375844 1.81413 0.825728
0.734068 0.992455 0.312701 0.434361 0.434361 1.34181 1.11638 0.793969 0.610746 0.564668
0.882295 0.793968 1.81412 0.825725 1.39548 0.992463 1.03216 0.793969 1.81413 1.07345
0.610746 1.03216 0.406512 0.825728 1.2902 0.793969 2.35836 0.406512 0.660583 1.67726
0.917584 1.11638 1.81412 0.858753 0.763431 0.375843 0.469804 0.992459 1.24057 1.07344
1.67726 0.992461 0.27799 1.07345 0.825726 0.825727 0.858757 1.03216 1.4513 0.660583
1.39547 0.300675 1.34181 1.74435 0.469804 1.61275 1.03216 1.67726 1.07344 0.635175
0.610745 0.793969 0.734069 0.213839 1.03216 1.03216 0.660582 1.03216 0.793971 1.61275
0.43436 0.312702 0.825729 1.03216 0.312702 0.126531 1.39547 0.858757 0.917586 0.488596
1.03216 1.67726 1.74435 0.564668 0.763431 1.07345 0.793969 0.660582 1.67726 0.825729
0.635175 0.321273 1.2902 1.61274 0.610746 0.610745 1.34181 0.54295 2.26765 1.34181
1.2902 1.24057 1.67726 0.312702 0.635175 1.3418 0.610746 1.07344 1.29019 0.660583
0.763432 1.61275 1.67726 1.34181 0.564669 1.39548 0.635174 1.81412 0.893107 1.2902
0.610746 0.610746 0.635175 0.375844 0.587256 1.34181 0.992461 1.29019 0.687006 0.469805
1.67726 0.763433 1.03216 0.277991 0.734069 0.954287 1.88669 0.793968 0.312702 1.24057
1.4513 1.34181 1.3418 0.528464 0.954289 0.260168 0.300674 0.85875 0.361388 0.858759
0.528466 1.2902 0.469804 0.375844 0.361388 1.24058 1.74435 1.34181 0.95429 0.375843
0.793968 0.763432 1.34181 0.610746 1.74435 0.635176 0.79397 1.67726 1.74435 0.406511
2.18044 1.81413 0.893107 1.67726 0.660583 0.893102 0.43436 0.50814 0.954289 1.03216
0.635176 0.917586 0.549604 0.50814 0.825726 1.74435 1.74435 2.18044 1.11638 1.19286
1.24057 1.61275 1.2902 0.171071 1.3418 0.587256 1.39548 0.50814 0.705835 0.825728
0.992463 0.734066 0.542951 0.587256 1.81413 1.61275 0.763432 1.07344 0.763432 0.992462
0.375843 0.954288 0.635176 0.705836 0.347489 1.07345 1.07345 1.11638 0.610745 0.375843
2.18044 0.587256 0.390877 0.406512 0.277991 0.635175 0.361388 1.07345 0.469804 0.660582
1.81413 0.469804 1.55072 0.361388 0.734069 0.610745 0.99246 0.375844 0.587255 0.793969
0.28911 0.488597 0.992459 0.488597 0.763432 1.34181 0.610745 0.564668 0.312702 0.763433
1.4513 1.24058 1.24057 1.07344 0.660582 1.2902 1.03216 1.07345 1.55071 0.825728
0.635176 0.793969 0.858758 0.825729 0.825728 0.347489 0.587255 1.55072 0.375842 0.825728
0.610745 0.610746 1.03216 0.488597 0.50814 0.28911 0.660582 0.375843 0.635175 0.610745
0.99246 1.61275 0.660582 0.825723 1.61275 0.825728 1.81413 0.79397 0.635175 0.390877
0.564668 0.488597 0.587256 1.2902 0.687006 0.375844 0.610745 0.347488 0.564668 0.50814
1.81413 0.660582 0.32521 1.03216 0.954292 0.763432 0.635175 0.66058 0.858757 0.825725
0.635175 2.26766 0.528466 1.39548 1.61275 1.4513 0.390877 1.55072 0.992459 0.687005
0.992461 2.18044 1.29019 1.24058 1.55072 0.277991 1.2902 0.954289 0.347489 0.488596
1.67726 0.763432 1.19286 0.347489 0.687006 0.917588 0.222392 1.34181 0.451735 0.793967
1.11639 0.763432 1.03215 0.43436 0.375843 1.34181 0.992463 0.488597 1.74435 1.2902
1.39548 0.635175 0.375843 0.231288 0.610745 0.488596 1.11638 0.390877 0.954289 1.03216
1.34181 0.763432 0.793969 0.687005 0.858758 1.74435 0.610746 0.610746 0.635175 0.610745
1.07345 0.587256 0.587255 0.451734 1.74435 1.88669 1.61274 1.03216 0.635173 0.954291
1.07344 0.763431 0.469805 0.469804 1.39548 0.375843 0.610746 0.610745 0.79397 1.39547
0.660583 0.714488 0.858758 0.28911 1.61275 1.03216 0.50814 0.793969 0.954291 0.793969
1.61275 1.55072 0.763432 0.390877 1.2902 1.34181 0.610746 0.954289 0.992459 0.734069
0.610745 1.39548 0.954292 1.74435 1.03216 0.347489 0.375843 0.635175 0.705836 0.825728
1.2902 1.2902 0.734069 1.34181 0.660582 0.417654 1.74435 1.11639 2.09658 0.587256
0.73407 0.488596 1.39547 1.74435 0.79397 0.635175 0.763432 0.793969 0.734069 0.793968
0.763432 0.610745 1.4513 0.660582 1.07345 0.635175 0.587255 0.917584 0.635176 0.99246
0.587256 0.610745 0.469804 1.34181 0.793969 0.825729 0.361388 0.469804 0.793969 0.488596
1.55072 0.610746 0.734069 0.451734 0.488597 0.610745 0.451735 0.610746 1.2902 0.917586
1.61275 1.24057 0.528465 0.825729 0.734069 0.793968 1.03216 1.07345 0.734069 0.451735
>categories:
0 0
>mixtureAssignment:
0 0 0 0 0 0 0 0 0 0 0 0 0 0 0 0 0 0 0 0 0 0 0 0 0 0 0 0 0 0 0 0 0 0 0 0 0 0 0 0 0 0 0 0 0 0 0 0 0 0
0 0 0 0 0 0 0 0 0 0 0 0 0 0 0 0 0 0 0 0 0 0 0 0 0 0 0 0 0 0 0 0 0 0 0 0 0 0 0 0 0 0 0 0 0 0 0 0 0 0
0 0 0 0 0 0 0 0 0 0 0 0 0 0 0 0 0 0 0 0 0 0 0 0 0 0 0 0 0 0 0 0 0 0 0 0 0 0 0 0 0 0 0 0 0 0 0 0 0 0
0 0 0 0 0 0 0 0 0 0 0 0 0 0 0 0 0 0 0 0 0 0 0 0 0 0 0 0 0 0 0 0 0 0 0 0 0 0 0 0 0 0 0 0 0 0 0 0 0 0
0 0 0 0 0 0 0 0 0 0 0 0 0 0 0 0 0 0 0 0 0 0 0 0 0 0 0 0 0 0 0 0 0 0 0 0 0 0 0 0 0 0 0 0 0 0 0 0 0 0
0 0 0 0 0 0 0 0 0 0 0 0 0 0 0 0 0 0 0 0 0 0 0 0 0 0 0 0 0 0 0 0 0 0 0 0 0 0 0 0 0 0 0 0 0 0 0 0 0 0
0 0 0 0 0 0 0 0 0 0 0 0 0 0 0 0 0 0 0 0 0 0 0 0 0 0 0 0 0 0 0 0 0 0 0 0 0 0 0 0 0 0 0 0 0 0 0 0 0 0
0 0 0 0 0 0 0 0 0 0 0 0 0 0 0 0 0 0 0 0 0 0 0 0 0 0 0 0 0 0 0 0 0 0 0 0 0 0 0 0 0 0 0 0 0 0 0 0 0 0
0 0 0 0 0 0 0 0 0 0 0 0 0 0 0 0 0 0 0 0 0 0 0 0 0 0 0 0 0 0 0 0 0 0 0 0 0 0 0 0 0 0 0 0 0 0 0 0 0 0
0 0 0 0 0 0 0 0 0 0 0 0 0 0 0 0 0 0 0 0 0 0 0 0 0 0 0 0 0 0 0 0 0 0 0 0 0 0 0 0 0 0 0 0 0 0 0 0 0 0
0 0 0 0 0 0 0 0 0 0 0 0 0 0 0 0 0 0 0 0 0 0 0 0 0 0 0 0 0 0 0 0 0 0 0 0 0 0 0 0 0 0 0 0 0 0 0 0 0 0
0 0 0 0 0 0 0 0 0 0 0 0 0 0 0 0 0 0 0 0 0 0 0 0 0 0 0 0 0 0 0 0 0 0 0 0 0 0 0 0 0 0 0 0 0 0 0 0 0 0
0 0 0 0 0 0 0 0 0 0 0 0 0 0 0 0 0 0 0 0 0 0 0 0 0 0 0 0 0 0 0 0 0 0 0 0 0 0 0 0 0 0 0 0 0 0 0 0 0 0
0 0 0 0 0 0 0 0 0 0 0 0 0 0 0 0 0 0 0 0 0 0 0 0 0 0 0 0 0 0 0 0 0 0 0 0 0 0 0 0 0 0 0 0 0 0 0 0 0 0
0 0 0 0 0 0 0 0 0 0 0 0 0 0 0 0 0 0 0 0 0 0 0 0 0 0 0 0 0 0 0 0 0 0 0 0 0 0 0 0 0 0 0 0 0 0 0 0 0 0
0 0 0 0 0 0 0 0 0 0 0 0 0 0 0 0 0 0 0 0 0 0 0 0 0 0 0 0 0 0 0 0 0 0 0 0 0 0 0 0 0 0 0 0 0 0 0 0 0 0
0 0 0 0 0 0 0 0 0 0 0 0 0 0 0 0 0 0 0 0 0 0 0 0 0 0 0 0 0 0 0 0 0 0 0 0 0 0 0 0 0 0 0 0 0 0 0 0 0 0
0 0 0 0 0 0 0 0 0 0 0 0 0 0 0 0 0 0 0 0 0 0 0 0 0 0 0 0 0 0 0 0 0 0 0 0 0 0 0 0 0 0 0 0 0 0 0 0 0 0
0 0 0 0 0 0 0 0 0 0 0 0 0 0 0 0 0 0 0 0 0 0 0 0 0 0 0 0 0 0 0 0 0 0 0 0 0 0 0 0 0 0 0 0 0 0 0 0 0 0
0 0 0 0 0 0 0 0 0 0 0 0 0 0 0 0 0 0 0 0 0 0 0 0 0 0 0 0 0 0 0 0 0 0 0 0 0 0 0 0 0 0 0 0 0 0 0 0 0 0
0 0 0 0 0 0 0 0 0 0 0 0 0 0 0 0 0 0 0 0 0 0 0 0 0 0 0 0 0 0 0 0 0 0 0 0 0 0 0 0 0 0 0 0 0 0 0 0 0 0
0 0 0 0 0 0 0 0 0 0 0 0 0 0 0 0 0 0 0 0 0 0 0 0 0 0 0 0 0 0 0 0 0 0 0 0 0 0 0 0 0 0 0 0 0 0 0 0 0 0
0 0 0 0 0 0 0 0 0 0 0 0 0 0 0 0 0 0 0 0 0 0 0 0 0 0 0 0 0 0 0 0 0 0 0 0 0 0 0 0 0 0 0 0 0 0 0 0 0 0
0 0 0 0 0 0 0 0 0 0 0 0 0 0 0 0 0 0 0 0 0 0 0 0 0 0 0 0 0 0 0 0 0 0 0 0 0 0 0 0 0 0 0 0 0 0 0 0 0 0
0 0 0 0 0 0 0 0 0 0 0 0 0 0 0 0 0 0 0 0 0 0 0 0 0 0 0 0 0 0 0 0 0 0 0 0 0 0 0 0 0 0 0 0 0 0 0 0 0 0
0 0 0 0 0 0 0 0 0 0 0 0 0 0 0 0 0 0 0 0 0 0 0 0 0 0 0 0 0 0 0 0 0 0 0 0 0 0 0 0 0 0 0 0 0 0 0 0 0 0
0 0 0 0 0 0 0 0 0 0 0 0 0 0 0 0 0 0 0 0 0 0 0 0 0 0 0 0 0 0 0 0 0 0 0 0 0 0 0 0 0 0 0 0 0 0 0 0 0 0
0 0 0 0 0 0 0 0 0 0 0 0 0 0 0 0 0 0 0 0 0 0 0 0 0 0 0 0 0 0 0 0 0 0 0 0 0 0 0 0 0 0 0 0 0 0 0 0 0 0
0 0 0 0 0 0 0 0 0 0 0 0 0 0 0 0 0 0 0 0 0 0 0 0 0 0 0 0 0 0 0 0 0 0 0 0 0 0 0 0 0 0 0 0 0 0 0 0 0 0
0 0 0 0 0 0 0 0 0 0 0 0 0 0 0 0 0 0 0 0 0 0 0 0 0 0 0 0 0 0 0 0 0 0 0 0 0 0 0 0 0 0 0 0 0 0 0 0 0 0
>numMutationCategories:
1
>numSelectionCategories:
1
>categoryProbabilities:
1 
>selectionIsInMixture:
***
0 
>mutationIsInMixture:
***
0 
>obsPhiSets:
0
>currentSynthesisRateLevel:
***
0.452911 0.700036 0.67093 1.78555 0.797176 3.21773 0.287824 0.940892 0.454301 0.536139
0.203744 0.74522 0.47829 1.03168 1.52524 0.49595 1.02085 0.448435 1.17193 0.359266
0.294245 0.804187 1.01593 0.501556 0.416081 0.784228 0.916553 0.302528 0.530134 0.937593
0.877774 0.296821 0.53789 0.402243 1.13741 0.988845 0.847894 1.04782 2.79184 1.33892
0.483092 1.31594 2.51401 0.34972 2.8629 1.07298 1.74278 2.27951 1.91002 1.01386
2.30527 1.76473 1.0579 0.373644 0.895123 0.627613 1.00391 1.19318 0.959113 0.428376
0.343889 0.632795 0.562958 0.826483 3.05146 1.4387 3.41542 1.32149 1.36826 0.268423
0.17399 0.901218 1.36976 1.28837 1.12199 0.253685 0.35157 0.383524 1.29052 0.243816
0.625008 0.463806 0.473949 1.40773 1.02833 1.41531 0.90808 0.790068 1.25143 1.21256
1.61298 0.594644 0.552588 1.59836 0.978441 1.30666 0.201958 1.31022 0.679161 0.553486
0.58664 2.01305 1.24114 0.336791 1.25726 0.375944 1.74983 0.497539 0.492815 0.675585
0.690999 1.68046 0.40959 0.494653 0.387468 0.375159 0.596708 1.60471 1.39406 0.824847
0.410994 0.805266 0.631617 1.92567 0.310135 0.45341 1.45243 1.31296 2.3379 0.959597
0.231475 1.16 1.09139 0.441942 0.31981 1.15868 1.31964 2.02662 0.353754 0.714841
0.922833 0.413338 0.592277 1.19216 1.02733 1.34712 0.558301 1.86356 0.729542 0.637736
0.696409 1.54723 0.704577 0.205662 0.141147 1.53963 0.562052 0.271023 0.588942 0.180615
2.52091 1.08403 0.647308 0.801313 1.73434 0.957479 0.562476 1.02613 0.654975 0.889398
0.913245 0.748805 0.23851 1.22104 0.862703 1.09685 0.970903 0.66592 0.623992 0.59265
0.532603 0.653006 1.04132 1.57936 0.793409 0.74486 0.943366 1.45989 0.97341 0.221885
0.435172 1.45198 0.713823 1.13057 0.882502 0.306338 1.03041 0.338607 0.46749 0.833158
1.67422 0.368278 0.490893 1.63251 1.97588 0.202737 0.693967 1.45224 0.568861 0.665142
0.541962 1.33643 0.421151 0.479729 1.71684 0.944383 0.584176 0.607596 0.62515 1.24751
0.551578 0.260679 1.26168 0.0788772 1.48001 0.54168 0.345899 1.17801 0.486568 0.514127
0.845034 0.182822 0.729175 0.321214 1.01866 0.639891 0.806423 0.294366 0.843206 4.33899
1.12557 1.79855 2.71117 2.52485 1.01328 0.800305 1.52853 0.673668 1.45245 0.481816
1.00945 2.3249 1.96342 1.57025 0.310212 0.656669 1.08611 0.625714 0.188363 1.27852
0.64442 0.31135 0.666603 0.330287 0.564848 0.157854 0.379048 0.930183 2.0165 0.362195
0.955826 0.619028 0.680125 0.441222 0.258208 0.581276 0.859126 0.518027 0.790111 0.534389
0.631226 4.71202 2.67587 1.00928 0.913504 1.26987 1.00593 1.48431 0.563227 0.580838
0.525736 0.366995 0.30624 0.565421 1.78455 1.87647 0.844512 0.388794 1.02564 0.413558
0.475655 0.477189 0.696553 0.398803 0.619675 1.83483 3.45838 0.190102 1.08317 1.64301
1.03779 2.51495 0.49636 1.02091 1.07562 1.70604 0.861954 1.70742 2.18242 1.50552
1.63138 0.570821 0.281925 0.842237 3.78279 0.576985 0.798724 0.500842 0.519883 0.318336
0.11166 0.797837 0.899506 0.62199 0.804242 0.929593 1.30229 1.26154 0.640663 0.615555
1.00502 0.617657 1.51169 0.139388 1.05126 0.671858 0.70976 1.27492 0.46586 0.316657
0.879661 0.507691 2.04613 0.912265 1.18247 1.15295 0.993024 0.914776 0.714693 1.11129
0.95395 0.647488 1.49996 1.60458 0.425302 0.693691 0.632019 0.843115 3.03045 1.07104
0.941632 1.64181 0.504036 0.309687 1.15656 0.622499 0.286036 0.724775 0.74693 1.63436
3.17847 0.609728 0.17267 2.16091 2.22535 1.72083 3.69624 0.403986 0.656155 0.423773
1.92081 0.53865 0.476737 1.91157 1.78944 0.589393 0.907982 1.03618 1.28966 0.750852
0.779735 1.36276 1.22547 0.331077 1.02584 0.888605 3.84792 0.736719 0.455398 0.475115
0.724248 0.682719 1.44918 0.643177 1.27912 1.17438 0.807233 0.862396 0.860169 0.356807
0.948831 0.752323 0.477358 0.536767 0.434101 0.19719 0.587695 0.775837 0.426799 0.195927
0.430692 0.233954 0.539587 0.197267 0.529776 0.768281 1.08651 1.36733 0.889924 2.06271
0.418744 1.2386 0.383307 0.744162 0.603197 0.321039 1.73174 0.374297 0.505329 0.366201
0.404074 0.194462 0.657804 0.44742 0.185154 0.537331 4.17911 1.07913 1.02051 0.898775
0.259053 1.37553 0.686364 1.12255 1.11538 0.981733 1.57493 1.10691 1.05219 0.931534
0.308932 1.486 0.763704 3.27627 0.148581 0.880369 0.814127 1.24588 2.16058 0.61847
0.975458 0.971102 0.551455 0.677984 1.86924 1.33236 1.16024 0.880793 2.18847 0.941078
0.463254 1.39074 1.76306 1.51253 0.5249 0.995947 0.943578 0.320018 0.799236 0.688506
0.321941 0.904448 1.65711 0.0997102 0.437312 0.51156 0.705041 0.254068 1.0588 2.16241
0.373834 0.918644 1.62813 0.558836 1.4433 0.338195 0.586826 0.803539 0.709181 0.584235
2.60757 0.928082 0.584898 2.19038 1.28877 1.94557 4.7153 1.61451 0.813725 3.52003
1.68235 0.745945 0.433075 0.333695 2.7462 0.551009 1.37533 0.168018 0.663216 1.404
0.840542 0.303541 0.417525 0.319822 0.720731 0.362223 0.411306 0.628598 1.57181 0.186771
1.83678 2.90259 0.743891 0.392847 0.834995 1.66831 0.662765 0.451871 2.78823 0.663159
1.80604 0.410832 1.32536 0.319487 1.64518 0.390592 4.35114 0.461136 1.26024 0.540387
0.130955 0.811822 1.59819 0.511002 0.427526 0.46941 0.572411 0.13333 1.5843 0.783193
0.781791 0.218277 0.653522 0.229977 1.60453 0.411629 0.731433 0.294671 0.737597 1.31363
0.503296 0.777288 0.785316 0.449694 0.849729 0.436082 1.1107 0.628862 1.02667 0.282505
0.370172 4.29507 0.662249 1.233 0.661703 1.26705 0.873005 0.466257 1.06477 2.58951
0.460902 0.46232 0.954826 1.4784 0.526376 0.656576 0.357233 0.327856 0.577569 1.10738
1.00951 0.920693 0.919238 0.482771 0.677165 0.84797 0.714176 0.447587 2.09477 0.616845
1.71411 0.73219 0.528637 0.407479 0.638524 0.867756 1.06125 1.34688 0.462873 0.727644
0.578409 0.735104 3.10591 0.931156 0.759741 1.57955 1.43525 0.956799 0.688989 1.20192
1.07763 2.9463 0.385135 0.757295 0.14876 1.07721 0.591293 1.8146 0.208178 0.347009
1.64862 1.58834 1.46608 4.61508 0.278755 0.991147 1.33774 0.60423 0.816951 0.554675
1.10975 1.09353 0.728336 0.737944 1.46868 0.957097 0.443779 0.41138 0.734983 0.586297
0.762072 1.19548 0.405868 0.784295 0.348199 1.76715 0.786504 0.542749 0.592802 0.389254
1.57305 1.51844 1.35547 1.08463 0.946748 1.23986 0.364799 0.971434 1.51962 0.385727
0.339482 1.77094 0.426446 0.425929 1.17005 0.877963 1.83134 0.781918 1.2825 0.623115
0.57966 0.333036 0.95054 0.591158 1.43763 0.900199 0.331616 0.533538 0.751794 0.352437
0.401859 2.09767 3.18117 0.228969 0.73887 0.541348 0.618566 0.526626 1.28107 0.787559
1.22993 3.51517 1.18538 1.08964 0.236066 1.30775 0.575142 0.838864 0.214855 0.838224
1.82823 1.23925 1.3431 0.481548 1.02711 0.240053 0.399272 1.21781 0.306685 1.0613
1.50358 0.562963 0.750646 0.594351 0.578807 0.255411 1.80589 1.60712 1.1557 0.349456
1.51757 2.02534 0.530195 0.510293 0.92664 0.301122 0.605401 0.862686 0.332702 1.11631
1.14344 0.277064 0.902258 1.47534 0.986748 1.11411 0.671286 0.333028 0.343171 2.34444
0.298882 0.515031 0.235775 0.927652 3.1718 0.532216 1.04994 1.96442 2.41704 1.14381
1.11472 2.60228 1.49961 0.689361 0.30148 0.669498 2.12253 0.6909 0.246258 0.484193
0.750193 0.441785 1.05933 1.2875 1.35354 0.19311 0.859275 1.9185 0.526222 0.819504
1.33803 2.11043 0.833989 0.535942 0.476634 2.94442 0.482289 0.795133 1.21096 0.431736
1.20472 0.928571 0.201969 0.790848 2.34288 0.833783 0.534471 1.57953 0.576952 0.581127
1.05415 0.38577 0.38874 0.669125 1.79526 0.664933 1.16705 0.394373 0.636151 0.887912
4.06107 0.995545 0.33276 2.82686 0.405247 2.23489 0.471345 1.3744 0.347889 3.42374
0.793707 0.409484 1.2271 0.341803 0.63462 0.576764 1.04675 0.597588 0.86761 0.183755
1.96757 1.86362 0.337437 0.85598 1.15842 0.26983 1.06929 0.627675 0.920719 0.85479
2.16136 0.992416 0.911138 1.07992 0.39015 0.956936 0.0733892 1.36705 0.804956 0.523892
0.541994 1.49108 0.6179 0.863404 0.785238 0.934504 1.32726 0.337792 0.820266 0.292214
0.496447 3.30231 0.895938 0.583231 0.606237 0.605766 0.678162 0.616731 1.48183 0.715301
1.67586 0.606971 1.27649 0.898561 0.470259 0.66855 1.44838 0.769019 0.88868 1.05674
0.566765 1.03625 0.68327 0.715187 0.610594 0.681265 1.81605 1.21389 0.686453 0.860435
1.80291 0.415861 0.500368 0.921222 0.556904 0.660354 0.953141 0.779473 0.474644 0.654363
1.34722 1.51057 0.368975 1.54618 1.44485 0.509883 0.557417 1.23576 0.14936 1.24491
3.15606 0.439958 0.655389 1.50981 0.951973 1.06207 0.468089 0.44451 1.08894 0.635379
1.35928 0.853919 0.485626 0.429955 0.854945 0.769783 1.00001 1.10702 1.17561 0.347884
1.1369 0.975082 0.442642 1.55313 1.55743 0.24202 1.13845 0.457968 0.895337 0.752103
0.291944 0.941107 0.673653 0.42981 0.392728 2.92592 0.0977948 0.578522 1.23589 0.9851
0.47852 0.763913 1.28094 0.689759 0.706429 0.77847 0.36137 0.809835 1.33403 0.363301
0.765864 0.484821 2.18754 1.19067 0.637586 0.766787 1.08647 0.27124 0.272195 0.949518
0.695151 0.573748 0.386621 0.415981 0.489729 0.691055 2.03965 2.02615 0.75389 0.380068
2.21069 0.807274 0.610119 0.354603 0.900475 1.5321 0.586289 4.02965 0.774542 0.481683
1.7969 1.12985 2.24551 1.93521 2.23304 1.45167 0.623599 0.860685 1.35783 1.17093
1.35819 0.730819 0.340418 0.491788 0.60578 1.10765 0.536094 0.540451 0.250473 0.214013
2.51194 1.36049 1.30125 0.87545 0.853908 0.77266 0.338646 2.00057 1.10493 0.265406
0.488254 0.492295 0.369269 0.447877 1.02126 3.41378 0.708336 0.629065 0.962112 0.337023
0.146683 1.06964 4.78864 0.565184 0.525447 1.20373 0.445959 1.09186 0.261296 1.07858
0.479506 1.26487 0.143352 0.412062 3.38452 0.303844 0.50532 0.247578 0.355498 1.08317
0.948921 0.704911 0.940529 1.29486 1.0011 0.539057 0.935142 0.684147 0.81206 0.664911
1.64249 0.819291 1.16274 0.560554 1.43811 2.9122 0.351617 0.406438 0.98501 1.99328
0.435802 0.247022 0.45514 1.91847 1.1368 0.212793 0.925614 0.87818 0.50551 1.12014
1.0187 1.76388 0.15827 0.475665 1.06266 0.806147 0.398951 0.792653 0.485524 0.341374
0.502904 0.558003 0.180452 1.63305 0.85797 0.4007 0.810729 0.447243 0.952724 3.37447
0.935508 0.372226 0.490316 0.280094 1.62544 0.263377 0.680692 0.5135 0.827537 0.296203
0.745688 1.54771 1.18693 0.901893 1.28503 0.728723 0.351128 0.285787 0.83264 1.57234
0.519493 1.2447 0.940783 1.9369 1.13011 0.552205 0.981918 1.08033 0.841822 1.70324
0.400907 0.411188 0.486903 2.49964 0.884647 4.5419 1.14961 0.370187 2.02555 1.89141
0.987138 0.993904 1.37996 0.985361 1.47848 1.80225 1.01603 0.705686 0.962583 1.33289
0.591375 1.97029 0.374304 1.3323 0.343404 1.07685 1.40726 0.155707 0.275876 1.23679
0.380699 0.54934 0.411353 0.180457 0.788934 0.978473 1.31558 0.964462 0.797245 0.737449
0.935745 1.34791 1.30493 0.73411 0.569894 0.386275 0.555729 0.443945 0.743086 0.600435
0.974164 0.307822 1.4148 1.59358 0.39333 1.23369 0.254643 0.894833 1.99005 1.76985
0.476083 0.581086 1.15458 0.914092 0.263984 0.358667 0.936352 0.514185 1.02258 0.406657
1.79022 0.875855 0.578373 2.16387 1.66009 0.224793 0.516468 0.306253 0.862473 2.38579
1.2763 0.977522 1.66751 0.957782 1.26652 1.02493 1.00176 1.08985 2.30546 1.04027
0.673869 1.24092 0.557212 1.91519 1.33848 1.04944 0.479027 0.988416 1.19426 2.55627
1.63805 1.43537 1.00595 1.35896 0.656777 0.616702 1.16525 1.02947 2.9946 0.632865
1.09391 0.652992 0.51686 0.417585 1.24951 0.337723 0.220485 0.332026 0.560494 0.769731
1.45474 2.46122 1.11696 0.499071 0.927692 1.20116 0.85397 0.661731 1.63262 0.65775
0.930391 1.44159 0.838009 3.93923 1.10868 2.05112 2.32617 0.993964 0.853015 0.910069
1.67603 1.06162 1.80625 0.966449 0.915401 1.11294 0.594921 1.2228 0.854452 1.67888
1.33468 1.64121 1.31292 0.667337 0.996293 1.40587 0.754613 1.11641 1.02988 0.602124
0.337641 0.731664 1.07671 0.81725 0.690813 0.802557 1.25108 0.456507 0.27712 0.578019
1.25033 1.02162 0.457183 0.585365 0.63216 0.348108 1.21616 0.233428 0.940545 1.74783
0.796048 0.504304 0.508108 0.438311 0.502855 1.90983 1.30828 1.2882 2.35805 2.0158
0.623929 1.14037 0.631253 1.03526 0.514244 1.32681 1.66427 0.69345 1.58996 0.40092
0.839337 0.620183 0.309296 1.69376 1.91302 0.496142 0.378565 1.15328 0.599304 0.642423
0.909745 1.7234 1.2636 1.50039 0.619282 1.0809 0.722469 0.930903 0.760519 0.313063
1.93006 1.31925 0.722073 0.971112 0.445873 0.688265 0.945848 2.21629 0.954131 0.573848
0.952308 0.992529 1.60152 1.56261 0.670395 0.71293 0.290057 0.451017 0.357242 2.09493
0.359382 0.896501 1.48148 0.625681 0.755402 1.57781 1.85646 2.29339 0.692296 0.662898
0.725173 0.809712 0.381529 1.85446 0.348421 0.466553 1.74353 0.603864 0.901195 0.732071
0.500154 0.113975 2.20835 1.54945 0.41049 0.482914 1.01251 0.871286 0.902496 0.851945
1.38527 0.425421 0.710905 0.184974 0.241443 1.92752 1.28727 1.35256 1.0742 0.81331
0.447975 0.57405 2.6055 0.258587 0.843911 0.53494 0.660688 0.295505 0.74308 0.883233
0.972708 1.34441 0.76847 0.660097 0.970294 0.593016 3.46938 0.432208 1.34235 0.524611
0.990546 2.2781 0.714438 2.18943 1.12182 1.12941 2.24805 0.572865 2.03521 0.579884
1.11408 1.92811 1.41678 0.413507 0.499785 0.886139 0.830446 1.56773 1.25964 1.28022
0.359374 1.73099 1.95106 1.55406 1.52954 0.668244 1.0397 1.20462 0.572891 0.609923
0.40935 0.447102 1.00744 0.863366 0.653376 0.517552 0.905531 0.62758 0.608742 1.21068
>noiseOffset:
>observedSynthesisNoise:
>std_NoiseOffset:
>mutation_prior_mean:
***
0 0 0 0 0 0 0 0 0 0
0 0 0 0 0 0 0 0 0 0
0 0 0 0 0 0 0 0 0 0
0 0 0 0 0 0 0 0 0 0
>mutation_prior_sd:
***
0.35 0.35 0.35 0.35 0.35 0.35 0.35 0.35 0.35 0.35
0.35 0.35 0.35 0.35 0.35 0.35 0.35 0.35 0.35 0.35
0.35 0.35 0.35 0.35 0.35 0.35 0.35 0.35 0.35 0.35
0.35 0.35 0.35 0.35 0.35 0.35 0.35 0.35 0.35 0.35
>std_csp:
0.1 0.1 0.1 0.1 0.1 0.1 0.1 0.1 0.1 0.1
0.1 0.1 0.1 0.1 0.1 0.1 0.1 0.1 0.1 0.1
0.1 0.1 0.1 0.1 0.1 0.1 0.1 0.1 0.1 0.1
0.1 0.1 0.1 0.1 0.1 0.1 0.1 0.1 0.1 0.1
>currentMutationParameter:
***
-0.433681 1.04345 0.710275 0.677232 1.10025 -1.1787 0.769725 -0.738226 0.70267 0.751307
0.90946 0.400691 1.18804 -1.31717 0.554609 1.0101 0.710832 0.206501 -0.244558 1.10472
-0.529096 0.778851 0.297892 -0.848975 -0.9232 0.323545 -0.89247 1.01508 0.136392 -0.473943
0.822204 0.492744 -0.400993 1.26874 0.780315 0.391458 1.01015 0.575287 0.888309 0.930956
>currentSelectionParameter:
***
0.599748 -0.372422 0.341381 -0.549109 -0.343492 0.667754 -0.920373 -0.364501 -0.212716 0.118614
-0.53524 1.11992 -0.699686 0.958739 0.477687 -0.662057 -0.176204 -0.265733 1.36706 -0.670729
-0.61679 -0.132022 -0.372563 0.160465 0.568693 0.797108 0.902768 -0.211779 0.722069 0.362056
-0.38367 -0.165317 0.40068 -0.678239 0.00518358 0.630599 -0.443802 -0.0708618 -0.702202 -0.704701
>covarianceMatrix:
A
0.00021797	0.000104444	9.37078e-05	-7.2994e-05	-5.49265e-05	-2.76156e-05	
0.000104444	0.000334261	0.000101959	9.18643e-06	-0.000103248	-3.29764e-05	
9.37078e-05	0.000101959	0.000362374	-3.33394e-05	-6.98889e-05	-0.0001696	
-7.2994e-05	9.18643e-06	-3.33394e-05	8.71984e-05	-4.33276e-07	1.09133e-05	
-5.49265e-05	-0.000103248	-6.98889e-05	-4.33276e-07	9.58875e-05	4.21571e-05	
-2.76156e-05	-3.29764e-05	-0.0001696	1.09133e-05	4.21571e-05	0.000144557	
***
>covarianceMatrix:
C
0.00165209	-0.00113558	
-0.00113558	0.00117049	
***
>covarianceMatrix:
D
0.000782871	-0.000472609	
-0.000472609	0.000429471	
***
>covarianceMatrix:
E
0.000706048	-0.000507977	
-0.000507977	0.0004947	
***
>covarianceMatrix:
F
0.000858829	-0.000721204	
-0.000721204	0.00089753	
***
>covarianceMatrix:
G
0.000486431	0.000252486	0.000298773	-0.000280266	-0.000155565	-0.00019398	
0.000252486	0.000408788	0.000193076	-0.000140987	-0.00021099	-0.000127605	
0.000298773	0.000193076	0.000711735	-0.000167064	-0.000100153	-0.000300353	
-0.000280266	-0.000140987	-0.000167064	0.000269015	0.000186716	0.000165375	
-0.000155565	-0.00021099	-0.000100153	0.000186716	0.000319898	0.000133359	
-0.00019398	-0.000127605	-0.000300353	0.000165375	0.000133359	0.000305196	
***
>covarianceMatrix:
H
0.00215517	-0.00170821	
-0.00170821	0.00185773	
***
>covarianceMatrix:
I
0.000669374	-8.77585e-05	-0.000546886	5.08914e-05	
-8.77585e-05	0.000375949	5.6985e-05	-0.000202962	
-0.000546886	5.6985e-05	0.00107504	-6.36597e-05	
5.08914e-05	-0.000202962	-6.36597e-05	0.000240784	
***
>covarianceMatrix:
K
0.000644619	-0.000447465	
-0.000447465	0.000456377	
***
>covarianceMatrix:
L
0.000297334	-2.00284e-05	-9.9085e-05	-4.75032e-06	-5.9151e-05	-0.000195963	-2.87947e-05	2.15019e-05	-5.82488e-06	3.31572e-05	
-2.00284e-05	0.000131657	8.28506e-06	3.91237e-05	-1.94681e-05	3.93616e-06	-3.40381e-05	-4.56608e-06	1.07667e-05	5.93791e-07	
-9.9085e-05	8.28506e-06	0.000201072	3.13007e-05	0.000122347	0.000170754	8.85152e-06	-5.11271e-05	-7.79681e-06	-1.54209e-05	
-4.75032e-06	3.91237e-05	3.13007e-05	0.000115444	4.54725e-05	5.61731e-05	-1.19166e-05	-1.47033e-05	-2.10016e-05	1.73449e-05	
-5.9151e-05	-1.94681e-05	0.000122347	4.54725e-05	0.000277892	0.000199084	2.98922e-05	-5.71305e-06	-3.8426e-05	-1.98816e-05	
-0.000195963	3.93616e-06	0.000170754	5.61731e-05	0.000199084	0.000368061	3.70542e-05	-3.03788e-05	-1.87045e-05	-4.3249e-05	
-2.87947e-05	-3.40381e-05	8.85152e-06	-1.19166e-05	2.98922e-05	3.70542e-05	5.27908e-05	1.34682e-05	-5.16698e-06	-2.56501e-05	
2.15019e-05	-4.56608e-06	-5.11271e-05	-1.47033e-05	-5.71305e-06	-3.03788e-05	1.34682e-05	4.47365e-05	4.35751e-06	-6.88788e-06	
-5.82488e-06	1.07667e-05	-7.79681e-06	-2.10016e-05	-3.8426e-05	-1.87045e-05	-5.16698e-06	4.35751e-06	3.16949e-05	-8.1734e-07	
3.31572e-05	5.93791e-07	-1.54209e-05	1.73449e-05	-1.98816e-05	-4.3249e-05	-2.56501e-05	-6.88788e-06	-8.1734e-07	4.07535e-05	
***
>covarianceMatrix:
N
0.000792996	-0.000493266	
-0.000493266	0.000445949	
***
>covarianceMatrix:
P
0.000463371	0.000191958	0.000293688	-0.000203965	-4.95693e-05	-0.000114223	
0.000191958	0.000519629	0.000175987	-8.51089e-05	-0.000137509	-8.57058e-05	
0.000293688	0.000175987	0.000604474	-0.000109322	0.000109681	-0.000306977	
-0.000203965	-8.51089e-05	-0.000109322	0.000290205	0.000160926	0.000174776	
-4.95693e-05	-0.000137509	0.000109681	0.000160926	0.00036054	1.23752e-05	
-0.000114223	-8.57058e-05	-0.000306977	0.000174776	1.23752e-05	0.00035978	
***
>covarianceMatrix:
Q
0.000970145	-0.000624768	
-0.000624768	0.000596274	
***
>covarianceMatrix:
R
0.000364404	0.00030725	0.000264888	7.03575e-05	0.000163476	-0.000107171	-7.92551e-05	-4.23195e-05	2.04708e-05	3.82103e-05	
0.00030725	0.000699283	0.000299933	3.97119e-05	0.000323664	-6.48085e-05	-0.000226318	-8.31042e-05	2.17785e-05	-3.06101e-05	
0.000264888	0.000299933	0.000458187	4.95931e-05	0.000192175	-5.57564e-05	-9.48e-05	-0.000174838	5.68068e-05	-2.68306e-05	
7.03575e-05	3.97119e-05	4.95931e-05	0.000422301	-3.62889e-05	-4.35171e-05	9.17807e-05	-3.40062e-05	-0.000165817	-2.73712e-06	
0.000163476	0.000323664	0.000192175	-3.62889e-05	0.000295201	-2.74885e-05	-0.000139991	-4.07236e-05	7.22908e-05	-4.26301e-05	
-0.000107171	-6.48085e-05	-5.57564e-05	-4.35171e-05	-2.74885e-05	0.000102645	8.41857e-06	3.90004e-05	4.07534e-05	-1.46839e-05	
-7.92551e-05	-0.000226318	-9.48e-05	9.17807e-05	-0.000139991	8.41857e-06	0.000170775	3.58957e-05	-5.22523e-05	3.28581e-05	
-4.23195e-05	-8.31042e-05	-0.000174838	-3.40062e-05	-4.07236e-05	3.90004e-05	3.58957e-05	0.000207762	4.28953e-05	8.42436e-05	
2.04708e-05	2.17785e-05	5.68068e-05	-0.000165817	7.22908e-05	4.07534e-05	-5.22523e-05	4.28953e-05	0.000179891	1.90789e-05	
3.82103e-05	-3.06101e-05	-2.68306e-05	-2.73712e-06	-4.26301e-05	-1.46839e-05	3.28581e-05	8.42436e-05	1.90789e-05	0.000100897	
***
>covarianceMatrix:
S
0.000336513	0.000186803	3.90258e-05	-0.000210999	-0.00013248	-1.75449e-05	
0.000186803	0.000707767	0.000138283	-0.000150895	-0.000435063	-8.44188e-05	
3.90258e-05	0.000138283	0.000191858	2.5564e-06	-6.6144e-05	-5.7488e-05	
-0.000210999	-0.000150895	2.5564e-06	0.000271189	0.000173277	4.25361e-05	
-0.00013248	-0.000435063	-6.6144e-05	0.000173277	0.000407958	9.14106e-05	
-1.75449e-05	-8.44188e-05	-5.7488e-05	4.25361e-05	9.14106e-05	0.000117515	
***
>covarianceMatrix:
T
0.000443342	0.000240746	0.000162726	-0.000265575	-0.000104346	-7.87378e-05	
0.000240746	0.00042356	2.27914e-05	-0.000119107	-0.000184346	4.10346e-05	
0.000162726	2.27914e-05	0.000414516	-0.000122364	2.70069e-05	-0.000283803	
-0.000265575	-0.000119107	-0.000122364	0.0002431	6.78313e-05	0.000100846	
-0.000104346	-0.000184346	2.70069e-05	6.78313e-05	0.000152656	-5.46413e-05	
-7.87378e-05	4.10346e-05	-0.000283803	0.000100846	-5.46413e-05	0.000295296	
***
>covarianceMatrix:
V
0.000809718	0.000103018	0.000199409	-0.000563063	-0.000127432	-4.75375e-05	
0.000103018	0.000297456	0.000112146	-0.000141531	-0.00014827	-5.63728e-05	
0.000199409	0.000112146	0.000345861	-0.000123855	-7.58718e-05	-0.000119355	
-0.000563063	-0.000141531	-0.000123855	0.000663967	0.000165067	8.30564e-05	
-0.000127432	-0.00014827	-7.58718e-05	0.000165067	0.000187581	5.36224e-05	
-4.75375e-05	-5.63728e-05	-0.000119355	8.30564e-05	5.36224e-05	9.70467e-05	
***
>covarianceMatrix:
Y
0.0010995	-0.000781289	
-0.000781289	0.000942125	
***
>covarianceMatrix:
Z
0.00214495	-0.00171571	
-0.00171571	0.00187215	
***
