>groupList:
A C D E F G H I K L
N P Q R S T V Y Z 
>stdDevSynthesisRate:
0.642547 
>numParam:
40
>numMixtures:
1
>std_stdDevSynthesisRate:
0.083104
>std_phi:
***
1.56972 0.869282 0.86928 0.270575 0.514368 0.439682 1.306 0.772785 0.571588 1.41258
1.13006 0.723242 0.8037 0.457271 0.61823 0.668682 1.46909 1.0866 0.578594 0.803695
1.35825 0.803696 0.714486 0.965985 1.35825 1.6978 0.695425 1.30602 1.16104 0.494585
0.668678 1.22228 0.904053 0.977824 0.462875 0.642961 0.743066 0.329196 0.594452 1.04481
1.13007 0.427954 0.304361 0.904053 0.304358 0.594452 0.411494 0.30436 0.514367 0.578594
1.00462 0.61823 0.8037 1.13006 0.618231 0.904054 0.514367 1.56972 1.13006 1.30601
1.17527 0.556341 1.01694 0.475562 0.138534 0.439684 0.594451 1.00462 0.494585 0.8037
1.46908 0.743065 0.752171 0.578594 1.04481 1.76573 0.904053 1.0866 0.928831 0.940213
1.69781 1.30601 0.556341 0.668678 1.13007 0.772787 1.41258 0.594452 0.316534 0.869281
0.618231 0.475561 0.594453 0.578594 1.13007 1.25577 1.17527 0.642959 0.904051 1.0448
1.0866 0.200128 0.594452 1.41257 0.316534 0.835848 0.668679 0.965979 1.35826 0.835849
0.743065 0.281398 1.04481 1.20747 0.869278 1.01693 0.514368 0.61823 0.494583 0.695424
1.13007 0.45727 1.25576 0.514368 1.35825 1.52784 0.475562 0.743064 0.494584 0.594452
1.69782 1.41259 0.225118 1.30601 1.25578 0.97782 0.803701 0.457271 0.904053 1.04481
0.772786 2.12227 1.76571 0.445072 0.514367 0.534942 1.0448 0.365817 1.13006 1.69783
1.25578 0.534943 1.04481 1.35825 1.20748 0.514367 0.835848 1.08661 0.869284 1.41258
1.00462 0.904055 0.494585 0.8037 0.457271 0.835847 1.30601 0.668678 0.835848 0.782259
0.427954 1.16104 1.46908 0.445071 0.668678 0.965984 0.462874 1.04481 0.904049 1.83635
1.20748 0.695426 0.695428 0.406513 0.668678 1.17527 0.723241 0.514367 0.695426 1.17527
0.858757 0.928832 0.534944 0.427955 1.25578 1.35825 0.556339 1.0866 1.22228 1.17527
0.260169 0.893101 1.30601 1.22227 0.292653 1.25578 0.869281 0.243488 0.940216 0.940213
0.965979 0.475562 0.977813 0.835844 0.668677 0.803698 0.803697 1.13006 1.35825 0.869281
0.668675 1.98621 0.61823 1.35825 0.351747 1.41258 1.76572 0.534943 1.41259 1.46909
0.695422 1.30602 1.04481 0.723244 0.642959 1.76572 0.858754 1.52785 0.835849 0.351747
1.13007 0.304361 0.618231 0.61823 0.668676 1.04481 0.601739 0.835844 1.25577 0.869276
0.977827 1.17526 0.494584 0.427954 1.04481 0.835847 1.41258 0.803699 1.50934 0.64296
0.904053 1.17527 0.869281 1.41258 1.30601 1.41258 1.76573 0.940215 0.312702 0.904055
0.365817 0.904049 0.514367 0.928828 1.41259 0.803701 1.08661 1.46909 0.869278 1.52785
0.835848 0.208134 0.292654 0.723241 0.556341 0.55634 0.695426 0.835846 0.642961 1.35825
0.642961 0.965984 1.0866 1.20748 0.668679 0.411495 0.571588 1.30601 0.55634 1.30601
0.723242 1.0866 0.803699 1.46908 0.695426 0.571589 0.365817 1.0866 0.668678 0.395668
0.835852 0.144075 1.0866 0.869282 0.514367 1.0866 1.76573 0.869274 0.695425 0.351748
0.342362 0.869281 1.25578 0.571589 0.32521 1.0866 0.668678 1.46908 0.803698 1.30601
1.46909 0.835844 1.13006 1.30601 0.965985 0.618231 0.618231 1.58898 0.578594 1.30602
0.723243 0.965985 1.13006 1.25578 0.89311 1.20748 1.46908 0.940213 1.17526 1.83636
0.528466 1.63251 0.475562 0.351747 0.940216 0.618231 1.46908 0.8037 1.04481 0.64296
1.04481 0.695425 1.13006 0.8037 1.17528 0.668677 0.904053 0.481391 0.411494 0.869282
0.475562 0.928828 0.869281 1.30602 0.534942 1.00462 1.52785 1.69782 0.38045 0.743065
0.642958 0.668679 1.69781 0.835847 0.457271 0.427955 0.64296 1.83635 2.65283 1.27117
0.571588 0.83585 1.30601 0.835848 0.772788 0.668678 1.41258 0.494585 0.488597 0.642959
1.13006 0.618231 0.752173 1.46908 0.55634 0.263357 0.475562 1.30601 1.63252 1.0866
1.0448 1.63251 0.772787 1.69782 0.723246 0.395668 1.20748 0.743065 0.803699 1.17528
0.695422 0.55634 1.41259 1.00462 1.46909 1.17526 1.52785 1.76573 1.52784 1.35825
0.869278 1.35826 0.668678 1.35825 1.30601 1.69781 1.30601 1.20748 1.35825 1.16103
1.27117 1.35825 1.17527 0.427954 0.714486 1.76571 0.772788 1.46909 0.928835 1.76573
1.22228 1.17527 1.16105 1.0866 1.69781 1.76573 0.380449 0.534942 0.8037 0.475562
1.41258 1.17527 0.61823 0.462875 0.395667 1.41259 0.380449 0.64296 0.304359 0.695425
1.0866 0.173167 0.38045 0.316534 1.46908 0.940211 0.928832 0.395668 0.514367 1.27118
0.556339 0.329196 0.940213 0.835848 0.743065 0.253228 0.618229 0.835844 0.427954 0.743065
1.00463 0.928832 0.338218 0.38045 2.29544 1.04481 0.571588 1.63252 0.695426 0.594451
1.13007 0.869282 0.695423 1.76572 1.0866 0.904049 0.940216 2.29544 0.8037 0.549603
1.25578 0.695425 0.965984 2.20716 0.695425 1.05761 0.803701 0.494585 0.668678 0.940213
0.30436 0.329195 1.13007 0.225118 0.571589 0.281398 0.30436 0.462875 1.00462 0.594451
0.752172 0.904049 1.13006 1.0866 0.180095 1.00462 0.714485 1.52785 0.904055 1.00462
0.48139 1.05761 1.0866 1.25577 0.668678 1.83636 1.00462 1.30602 0.714487 0.928824
0.578593 0.475561 1.04481 1.52784 1.35825 0.457271 0.803698 0.869274 0.618231 1.0866
0.86928 1.69781 0.475561 1.20748 0.578593 2.12227 0.668679 1.13006 0.578594 1.13006
1.32202 0.835844 0.695424 1.46908 1.22228 1.76573 1.306 1.56972 1.04481 0.475561
0.869282 1.04481 0.835844 1.20748 0.475561 1.63252 0.668678 1.58896 0.514368 0.618229
1.22227 0.695424 0.475562 0.835848 0.494583 1.13006 2.04064 0.625807 1.17527 1.306
1.63252 0.395668 0.752172 0.965985 1.41258 0.427953 0.61823 1.13007 0.475562 0.695424
0.772785 0.514367 1.0866 0.578593 1.58897 0.965981 1.13006 1.30601 0.83585 0.618231
0.594454 0.835847 0.723241 1.04481 1.08659 0.904058 1.63252 1.41258 0.668678 0.514367
0.803697 0.940215 1.13006 0.803699 0.904051 1.13007 0.342363 0.225118 0.803697 0.965977
0.743063 0.61823 0.514368 0.427953 0.668678 0.427955 0.494584 0.803701 0.475562 0.835848
0.534942 0.380451 1.56971 1.63252 1.35825 0.928835 0.869281 1.00463 1.69781 1.41256
0.534943 0.514367 0.365818 0.55634 1.17527 0.893108 0.38045 0.695424 1.0866 1.30601
1.306 0.642958 1.0448 1.00463 0.263355 0.534942 1.35825 1.69781 0.8037 1.20748
1.0866 1.30601 1.25579 0.534943 1.52785 0.260169 0.803701 0.772786 0.556338 1.41258
0.411495 0.475563 0.365817 0.64296 2.12227 0.695425 1.46908 0.940215 0.329196 1.69782
0.772788 0.427954 1.13007 1.41257 0.457272 0.782255 0.514367 1.306 0.743064 1.52784
0.940211 1.13006 0.395667 1.0866 0.803695 1.01693 2.12227 0.904053 0.695429 1.41258
1.0866 0.594453 0.38045 1.69781 1.52785 0.965986 1.25577 1.04481 0.57159 0.61823
0.494585 0.292653 1.13007 1.13007 1.30602 0.695426 0.668679 0.940213 1.35825 0.601737
0.38045 0.494585 0.695425 1.17527 0.594452 1.69781 1.41258 0.743066 1.35825 0.55634
0.457271 1.00462 1.04481 1.13007 0.534943 0.904051 0.30436 0.351748 1.17527 1.04481
0.61823 0.11526 0.940213 0.869281 0.893106 1.56973 0.869282 0.83585 1.35826 0.618231
0.427952 1.00462 0.772788 1.00462 1.46909 0.55634 0.893107 1.13006 1.0866 0.351747
1.35825 0.8037 1.41258 0.395669 0.668678 0.556339 1.0866 1.20748 1.16103 0.64296
1.41258 1.08661 0.695425 1.04481 1.69782 0.30436 0.549604 0.571588 1.69781 1.35826
0.601737 1.35825 0.835848 0.457271 0.316532 1.76573 1.13007 0.494584 0.835845 0.772792
0.965983 0.439684 0.55634 0.835849 1.20747 0.64296 1.22228 0.782263 1.0866 1.63252
0.514367 0.395669 1.98621 0.8037 0.30436 0.304359 0.714483 0.594453 1.63252 1.30601
0.594452 1.52785 1.00462 0.904053 0.61823 0.457271 0.549606 1.0448 1.25578 0.835844
0.234122 0.475561 1.0866 0.439684 2.38726 0.695426 1.17526 0.940214 1.00462 0.365817
0.668678 0.965981 0.253228 1.30601 1.00462 1.17526 0.668677 0.835844 0.64296 1.63252
0.494584 0.351748 1.13006 0.893106 0.462875 1.0448 0.475562 1.00462 0.610746 0.64296
0.475562 0.752172 0.86928 0.234123 0.835852 0.904053 1.41259 0.365816 0.752173 0.514367
1.69781 0.253227 1.04481 1.63252 0.668678 0.514367 0.752171 1.13006 0.514368 1.46909
1.0866 0.316534 0.475561 0.64296 0.904053 1.25578 0.743064 1.25577 0.395667 0.8037
0.365816 0.594453 1.90981 0.549604 1.17526 1.0866 0.869281 1.63251 0.723243 1.41258
0.904058 0.439683 1.08661 1.22228 0.594453 0.743063 0.904054 0.457271 0.869284 0.38045
0.594452 0.86928 0.803698 0.380449 1.22229 1.63252 0.411493 0.772787 0.803702 0.928826
0.439683 0.292653 1.25578 0.514367 0.494585 0.904053 1.41258 0.351746 2.12228 0.642959
0.457271 1.0866 1.25577 0.514367 0.395669 1.08661 1.0866 0.940213 1.27117 0.61823
0.395668 1.27117 1.63252 1.52785 0.803698 0.514367 0.38045 0.365817 0.281397 1.41259
0.365817 0.514367 2.20716 0.835848 1.35825 1.04481 0.835849 1.76572 0.514368 1.17526
1.30601 0.534942 0.965984 1.17527 1.17528 0.534943 1.13006 1.00463 1.00462 0.668679
0.668679 0.743065 0.668678 0.695427 2.12227 0.439684 1.41257 1.83635 0.427953 1.0866
0.743065 1.13007 0.422772 0.351746 1.83636 1.13007 0.61823 1.0866 1.35826 0.549605
1.0866 1.35826 1.17527 0.835844 1.22228 1.08661 1.41258 0.316533 0.904049 1.25578
0.365817 0.869281 1.13006 1.30601 0.38045 2.06565 0.534943 0.475562 1.76573 0.835848
0.571587 1.17526 0.494583 0.351747 0.457271 1.46909 1.27117 0.965984 0.439684 0.743065
0.660583 0.695424 1.58896 0.904049 1.01693 0.835849 0.928832 0.772787 1.83636 1.13007
0.772788 1.13006 0.556339 1.0866 1.30601 0.642959 2.38725 0.445072 0.64296 1.41258
0.723242 0.723243 1.35825 1.08659 0.64296 0.475561 0.494584 1.13006 1.20747 0.869278
1.83636 1.00462 0.292653 0.869286 0.90405 0.835844 0.940214 1.35825 1.13007 0.803701
1.32201 0.30436 1.41258 1.27117 0.494583 1.69781 1.13006 1.41258 1.0448 0.594452
0.668678 0.8037 0.714485 0.21646 0.835848 1.00462 0.668678 1.00462 0.835848 1.76572
0.406512 0.411493 1.0866 0.965985 0.457271 0.102465 1.58895 0.869281 0.928831 0.427954
1.0866 1.35825 1.46909 0.687005 0.803699 1.04481 0.772787 0.642959 1.76573 0.64296
0.695425 0.325211 1.56972 1.306 0.64296 0.668678 1.46908 0.50814 1.69781 1.30601
1.30601 1.0448 1.30601 0.30436 0.835846 1.00462 0.668678 1.08659 1.35824 0.723243
0.642959 1.0866 1.76573 1.0866 0.365817 1.58897 0.803697 1.6325 1.01693 1.41259
0.668679 0.668678 0.475561 0.395667 0.439685 1.20748 0.743065 1.13006 0.462875 0.57159
1.13007 0.835852 0.965985 0.281398 0.668677 1.00462 2.12227 0.743065 0.30436 1.11638
1.46908 1.56972 1.0448 0.427952 0.743064 0.273891 0.316533 0.904049 0.38045 0.752174
0.601738 1.04481 0.439683 0.475562 0.365817 0.772794 1.41258 1.83635 0.743063 0.395667
1.306 0.642959 1.35825 0.494584 1.41258 0.668679 0.835848 1.17527 1.46909 0.427953
2.04064 1.27118 0.904052 1.41258 0.803701 0.940206 0.571587 0.642959 1.25578 1.25578
0.462876 0.714485 0.462874 0.55634 0.90405 1.30602 1.41259 1.76572 0.940214 1.00462
0.928826 1.56973 1.13006 0.234122 1.35824 0.642961 1.35825 0.534941 0.475561 0.668678
1.0866 0.965981 0.439684 0.8037 1.83636 1.50935 0.642959 1.00462 0.687006 1.00463
0.427953 1.11638 0.64296 0.594452 0.494586 1.25579 1.0866 1.35825 0.869281 0.380448
1.76573 0.77279 0.411494 0.427953 0.292654 0.61823 0.422774 0.940218 0.475561 0.803699
1.46908 0.365817 1.69781 0.457271 0.571589 0.61823 1.35825 0.475563 0.528465 0.556339
0.253227 0.494584 0.869278 0.445073 0.642959 1.04481 0.835847 0.743064 0.411494 0.835848
1.27117 1.35825 0.803693 0.940206 0.462875 1.69781 1.04481 0.835852 1.25577 0.723242
0.594453 0.601738 0.869282 0.695426 1.0866 0.514369 0.743065 1.50935 0.304359 0.940215
0.61823 0.8037 0.869281 0.494585 0.534941 0.234122 0.668678 0.292653 0.835846 0.594452
0.803698 1.20748 0.571588 0.723238 1.63252 0.8037 1.46909 0.772788 0.494584 0.427953
0.457271 0.668679 0.594453 1.30601 0.977824 0.411494 0.514368 0.365817 0.549604 0.395667
1.52786 0.514367 0.514368 0.668678 0.803702 0.695422 0.695424 0.869279 0.869282 0.835844
0.594452 1.83636 0.782259 1.17527 1.96216 1.41258 0.514367 1.63251 0.835846 0.668677
0.642959 1.46908 1.35824 1.00462 1.30601 0.316534 1.0866 0.772785 0.380451 0.475562
1.83636 0.803698 0.714485 0.351748 0.723243 0.869284 0.216459 1.46908 0.422773 0.86928
0.752176 0.64296 1.35824 0.338217 0.395667 1.41258 1.04481 0.475563 1.52785 1.63252
1.0866 0.642959 0.439683 0.253227 0.61823 0.642959 0.904049 0.351747 0.695424 0.904053
1.04482 0.61823 0.642959 1.0866 1.13007 1.52784 0.494585 0.594453 0.642959 0.687005
1.35826 0.64296 0.594452 0.439683 1.76573 1.9862 1.35825 0.8037 0.695422 0.835849
1.35824 0.772787 0.494584 0.457271 1.41258 0.30436 0.618232 0.642958 0.869286 1.22227
0.668679 0.940218 0.782263 0.208134 1.30601 0.803699 0.556339 0.61823 0.928835 0.642959
1.35825 1.35825 1.04481 0.556339 1.0866 0.869286 0.411495 1.00462 1.00462 0.594452
0.494584 1.52785 0.893104 1.22228 1.0866 0.351747 0.365816 0.695425 0.743066 0.578593
0.772788 1.13006 0.772787 1.41259 0.835847 0.422772 1.76572 1.13007 1.76573 0.714487
0.494584 0.534942 1.52784 1.22229 0.594453 0.772788 0.8037 0.64296 0.714485 0.772786
0.61823 0.494584 1.13006 0.556339 0.835852 0.61823 0.642959 0.928829 0.534943 0.96599
0.687006 0.668678 0.475562 1.13006 0.695425 0.869283 0.365816 0.494584 0.475561 0.356057
1.56973 0.395668 0.714485 0.439682 0.723243 0.668677 0.395667 0.514368 0.869281 0.803702
1.0866 1.00462 0.445072 0.835849 0.893107 0.772787 1.13007 0.977823 0.571588 0.618231
>categories:
0 0
>mixtureAssignment:
0 0 0 0 0 0 0 0 0 0 0 0 0 0 0 0 0 0 0 0 0 0 0 0 0 0 0 0 0 0 0 0 0 0 0 0 0 0 0 0 0 0 0 0 0 0 0 0 0 0
0 0 0 0 0 0 0 0 0 0 0 0 0 0 0 0 0 0 0 0 0 0 0 0 0 0 0 0 0 0 0 0 0 0 0 0 0 0 0 0 0 0 0 0 0 0 0 0 0 0
0 0 0 0 0 0 0 0 0 0 0 0 0 0 0 0 0 0 0 0 0 0 0 0 0 0 0 0 0 0 0 0 0 0 0 0 0 0 0 0 0 0 0 0 0 0 0 0 0 0
0 0 0 0 0 0 0 0 0 0 0 0 0 0 0 0 0 0 0 0 0 0 0 0 0 0 0 0 0 0 0 0 0 0 0 0 0 0 0 0 0 0 0 0 0 0 0 0 0 0
0 0 0 0 0 0 0 0 0 0 0 0 0 0 0 0 0 0 0 0 0 0 0 0 0 0 0 0 0 0 0 0 0 0 0 0 0 0 0 0 0 0 0 0 0 0 0 0 0 0
0 0 0 0 0 0 0 0 0 0 0 0 0 0 0 0 0 0 0 0 0 0 0 0 0 0 0 0 0 0 0 0 0 0 0 0 0 0 0 0 0 0 0 0 0 0 0 0 0 0
0 0 0 0 0 0 0 0 0 0 0 0 0 0 0 0 0 0 0 0 0 0 0 0 0 0 0 0 0 0 0 0 0 0 0 0 0 0 0 0 0 0 0 0 0 0 0 0 0 0
0 0 0 0 0 0 0 0 0 0 0 0 0 0 0 0 0 0 0 0 0 0 0 0 0 0 0 0 0 0 0 0 0 0 0 0 0 0 0 0 0 0 0 0 0 0 0 0 0 0
0 0 0 0 0 0 0 0 0 0 0 0 0 0 0 0 0 0 0 0 0 0 0 0 0 0 0 0 0 0 0 0 0 0 0 0 0 0 0 0 0 0 0 0 0 0 0 0 0 0
0 0 0 0 0 0 0 0 0 0 0 0 0 0 0 0 0 0 0 0 0 0 0 0 0 0 0 0 0 0 0 0 0 0 0 0 0 0 0 0 0 0 0 0 0 0 0 0 0 0
0 0 0 0 0 0 0 0 0 0 0 0 0 0 0 0 0 0 0 0 0 0 0 0 0 0 0 0 0 0 0 0 0 0 0 0 0 0 0 0 0 0 0 0 0 0 0 0 0 0
0 0 0 0 0 0 0 0 0 0 0 0 0 0 0 0 0 0 0 0 0 0 0 0 0 0 0 0 0 0 0 0 0 0 0 0 0 0 0 0 0 0 0 0 0 0 0 0 0 0
0 0 0 0 0 0 0 0 0 0 0 0 0 0 0 0 0 0 0 0 0 0 0 0 0 0 0 0 0 0 0 0 0 0 0 0 0 0 0 0 0 0 0 0 0 0 0 0 0 0
0 0 0 0 0 0 0 0 0 0 0 0 0 0 0 0 0 0 0 0 0 0 0 0 0 0 0 0 0 0 0 0 0 0 0 0 0 0 0 0 0 0 0 0 0 0 0 0 0 0
0 0 0 0 0 0 0 0 0 0 0 0 0 0 0 0 0 0 0 0 0 0 0 0 0 0 0 0 0 0 0 0 0 0 0 0 0 0 0 0 0 0 0 0 0 0 0 0 0 0
0 0 0 0 0 0 0 0 0 0 0 0 0 0 0 0 0 0 0 0 0 0 0 0 0 0 0 0 0 0 0 0 0 0 0 0 0 0 0 0 0 0 0 0 0 0 0 0 0 0
0 0 0 0 0 0 0 0 0 0 0 0 0 0 0 0 0 0 0 0 0 0 0 0 0 0 0 0 0 0 0 0 0 0 0 0 0 0 0 0 0 0 0 0 0 0 0 0 0 0
0 0 0 0 0 0 0 0 0 0 0 0 0 0 0 0 0 0 0 0 0 0 0 0 0 0 0 0 0 0 0 0 0 0 0 0 0 0 0 0 0 0 0 0 0 0 0 0 0 0
0 0 0 0 0 0 0 0 0 0 0 0 0 0 0 0 0 0 0 0 0 0 0 0 0 0 0 0 0 0 0 0 0 0 0 0 0 0 0 0 0 0 0 0 0 0 0 0 0 0
0 0 0 0 0 0 0 0 0 0 0 0 0 0 0 0 0 0 0 0 0 0 0 0 0 0 0 0 0 0 0 0 0 0 0 0 0 0 0 0 0 0 0 0 0 0 0 0 0 0
0 0 0 0 0 0 0 0 0 0 0 0 0 0 0 0 0 0 0 0 0 0 0 0 0 0 0 0 0 0 0 0 0 0 0 0 0 0 0 0 0 0 0 0 0 0 0 0 0 0
0 0 0 0 0 0 0 0 0 0 0 0 0 0 0 0 0 0 0 0 0 0 0 0 0 0 0 0 0 0 0 0 0 0 0 0 0 0 0 0 0 0 0 0 0 0 0 0 0 0
0 0 0 0 0 0 0 0 0 0 0 0 0 0 0 0 0 0 0 0 0 0 0 0 0 0 0 0 0 0 0 0 0 0 0 0 0 0 0 0 0 0 0 0 0 0 0 0 0 0
0 0 0 0 0 0 0 0 0 0 0 0 0 0 0 0 0 0 0 0 0 0 0 0 0 0 0 0 0 0 0 0 0 0 0 0 0 0 0 0 0 0 0 0 0 0 0 0 0 0
0 0 0 0 0 0 0 0 0 0 0 0 0 0 0 0 0 0 0 0 0 0 0 0 0 0 0 0 0 0 0 0 0 0 0 0 0 0 0 0 0 0 0 0 0 0 0 0 0 0
0 0 0 0 0 0 0 0 0 0 0 0 0 0 0 0 0 0 0 0 0 0 0 0 0 0 0 0 0 0 0 0 0 0 0 0 0 0 0 0 0 0 0 0 0 0 0 0 0 0
0 0 0 0 0 0 0 0 0 0 0 0 0 0 0 0 0 0 0 0 0 0 0 0 0 0 0 0 0 0 0 0 0 0 0 0 0 0 0 0 0 0 0 0 0 0 0 0 0 0
0 0 0 0 0 0 0 0 0 0 0 0 0 0 0 0 0 0 0 0 0 0 0 0 0 0 0 0 0 0 0 0 0 0 0 0 0 0 0 0 0 0 0 0 0 0 0 0 0 0
0 0 0 0 0 0 0 0 0 0 0 0 0 0 0 0 0 0 0 0 0 0 0 0 0 0 0 0 0 0 0 0 0 0 0 0 0 0 0 0 0 0 0 0 0 0 0 0 0 0
0 0 0 0 0 0 0 0 0 0 0 0 0 0 0 0 0 0 0 0 0 0 0 0 0 0 0 0 0 0 0 0 0 0 0 0 0 0 0 0 0 0 0 0 0 0 0 0 0 0
>numMutationCategories:
1
>numSelectionCategories:
1
>categoryProbabilities:
1 
>selectionIsInMixture:
***
0 
>mutationIsInMixture:
***
0 
>obsPhiSets:
0
>currentSynthesisRateLevel:
***
0.293974 0.604452 0.944681 1.941 0.808702 3.26536 0.199235 1.02256 0.482888 1.07529
0.54011 0.498083 0.685985 1.35437 1.56699 0.407128 1.28106 0.529914 1.4004 0.294057
0.293205 0.877554 0.857448 0.764912 0.235583 0.33481 0.746283 0.467175 0.595791 1.3129
0.915089 0.572225 0.765962 0.546409 0.993108 0.954832 0.890667 1.00578 2.27644 1.11979
0.665261 1.12223 3.13956 0.556422 3.36714 1.36041 1.77086 2.08372 1.81682 0.919891
1.42451 1.23985 0.661885 0.460087 1.21065 0.556994 1.20488 0.926334 0.967745 0.42077
0.454136 0.418771 0.784652 0.923374 3.10415 1.39972 3.46041 1.34014 0.936088 0.34297
0.333123 1.12438 1.15987 1.15595 0.564694 0.133618 0.4393 0.358952 1.49792 0.331484
0.911652 0.358846 0.573424 1.2147 1.74795 0.943976 1.03644 0.977544 1.18495 0.928915
1.77718 0.516129 0.459402 1.55455 1.34689 0.801807 0.380503 1.07753 0.814668 0.746857
0.66844 2.1477 1.34978 0.289353 1.58198 0.444773 1.5463 0.564577 0.905787 0.854119
0.795102 1.70036 0.497508 0.644283 0.44716 0.450339 0.738976 1.18416 2.00291 0.665507
0.62794 0.646327 0.862257 1.78278 0.3109 0.366716 1.88769 1.34141 2.18782 0.998011
0.488694 0.645072 1.04692 0.460603 0.465705 0.870053 1.6573 2.12649 1.03778 1.17266
0.982994 0.250426 0.434661 1.11699 1.18164 1.91907 0.702333 2.4649 0.705617 1.1951
0.397464 1.72544 0.674061 0.481268 0.17512 1.00258 0.859923 0.414146 0.669403 0.288867
1.85765 0.978606 0.638044 0.989063 1.64313 1.0104 0.559929 1.04778 1.08589 1.13362
0.810158 0.543374 0.248569 1.20401 1.10695 1.40332 0.71848 1.30481 0.564934 0.417354
0.501608 0.847313 0.729583 1.76581 1.03593 0.816364 0.982914 2.0043 1.10139 0.848156
0.446669 1.69144 0.731484 1.00428 0.59878 0.18542 0.890647 0.271037 0.347252 0.638507
1.85184 0.334006 0.724814 1.31698 2.32779 0.447238 0.546964 1.41455 0.791763 0.514558
0.425872 1.34294 0.47198 0.502281 1.7338 0.932439 0.960069 0.559275 0.409766 0.900729
0.631666 0.288973 1.55211 0.306947 1.58138 0.542663 0.253794 1.34418 0.551435 0.36542
0.637304 0.303247 0.47994 0.342514 0.965115 0.149598 0.773272 0.313864 0.921421 4.52433
1.08527 1.68149 2.65062 2.62255 0.939571 0.80667 1.98082 0.814705 0.454354 0.486488
0.773135 2.0725 2.04512 1.86431 0.517105 0.552336 0.613186 0.852906 0.513804 1.55434
0.860479 0.250953 0.612258 0.185879 0.607775 0.323752 0.282787 1.0881 2.10075 0.479595
0.986052 1.14885 0.764007 0.388614 0.398031 0.766355 0.317114 0.486991 0.759049 0.638789
0.579115 4.27777 2.95574 1.27749 0.996151 0.945098 1.03914 1.43461 0.728757 0.516116
0.561569 0.648111 0.357513 0.574748 1.73827 1.91853 0.731252 0.528262 0.991054 0.302157
0.665413 0.628502 0.777935 0.527616 0.524773 1.70249 4.11928 0.333715 1.20099 1.39676
1.23967 2.50017 0.390895 0.783638 1.26417 1.43234 0.872752 1.45906 1.9318 1.55738
1.91209 0.482405 0.454941 1.11424 4.32152 0.797088 1.06212 0.437087 0.603685 0.712477
0.323678 0.695626 1.16857 0.58124 0.903217 0.913502 1.75438 1.13542 0.585879 0.511663
1.33283 0.800452 0.663478 0.465048 1.14207 0.433577 0.47524 0.923763 0.534694 0.24794
1.2531 0.38282 2.20415 1.01353 1.00722 1.18918 1.07435 0.797523 0.83226 0.858997
1.03221 0.712642 0.77901 1.59487 0.464656 0.870009 0.476267 1.17968 2.8871 1.18212
1.122 1.48117 0.619934 0.371898 1.15401 0.640817 0.537486 1.30527 0.796083 1.31025
3.51022 0.991077 0.457664 1.76944 2.04332 1.80486 3.0226 0.542735 0.443144 0.377835
1.39555 0.496366 0.389412 1.71309 1.77811 0.636496 0.472572 0.971358 1.31566 0.788717
1.04677 0.879942 1.84617 0.281745 0.991413 0.868636 4.22757 0.858404 0.324331 0.689124
0.536296 0.820184 1.53633 0.400064 0.839698 1.06541 0.870831 1.29146 0.800882 0.322655
0.998182 1.06971 0.17627 0.472499 0.505742 0.271537 0.553138 0.553518 0.390089 0.0926934
0.665123 0.0910523 0.663605 0.739645 0.634468 1.08759 1.23015 1.54724 1.09036 2.23784
0.548136 1.21809 0.347085 0.748667 0.729438 0.200779 1.51914 0.218953 0.312997 0.203011
0.338758 0.652406 0.603414 0.223429 0.26237 0.52624 3.84657 1.01279 0.822695 0.832399
0.250804 1.37458 0.670746 1.17112 1.12113 0.954532 1.56569 1.23507 0.991039 0.880346
0.339492 1.44459 0.728927 3.32171 0.292587 0.710969 0.522452 1.25257 1.8126 0.305365
0.911945 1.42213 0.892099 0.891055 1.65198 1.43379 0.993161 1.16705 2.24626 0.855267
0.395002 0.806529 1.92709 1.49636 0.501606 1.39133 0.820138 0.211626 0.995092 0.586267
0.341388 0.922364 2.06279 0.233104 0.755758 0.469664 0.620676 0.36617 1.32057 2.34574
0.208059 0.912234 0.934841 0.627108 1.24154 0.35404 0.970254 1.04191 0.529577 0.722262
2.50597 0.935301 0.69174 2.30869 0.982338 2.02809 3.43955 1.62935 1.16101 3.95808
2.61357 0.698497 0.298642 0.556756 2.78416 0.794402 2.37191 0.453979 0.610058 0.818682
0.824431 0.771753 0.461672 0.493736 0.911535 0.688363 0.462265 0.948988 1.40226 0.421865
1.88821 2.62531 0.760404 0.452076 0.73532 1.6585 0.948467 0.620912 2.20642 0.472691
1.73392 0.580936 1.37785 0.497164 1.68925 0.211392 2.56885 0.710791 1.419 0.758305
0.232302 0.502048 1.24237 0.605157 0.655051 0.215058 0.48315 0.131834 1.86961 0.878262
1.12953 0.274216 0.645454 0.374724 1.99622 0.684732 0.789497 0.401617 0.828908 1.44263
0.555429 0.897723 1.01773 0.211326 0.908722 0.339939 0.425843 0.860233 0.731952 0.496784
0.31806 3.47269 0.764463 1.00275 1.32235 1.60395 0.708409 0.395154 1.27375 2.45231
0.715201 0.606085 0.805902 0.981601 0.235859 0.612899 0.704462 0.586658 0.593496 1.31638
1.01413 1.70439 1.26393 0.97587 1.08807 1.28855 0.963139 0.701407 2.1977 0.658419
1.42091 0.567476 0.498531 0.418839 0.898327 0.87345 1.21009 1.19625 0.617979 0.499029
0.560542 0.939295 4.03947 1.00158 0.816854 1.53367 1.50683 0.954339 0.667019 0.862033
1.20207 2.42533 0.577856 0.588574 0.143679 0.781708 0.877228 0.752372 0.216068 0.510561
1.78989 1.58262 1.39103 3.35923 0.294789 1.4649 1.35039 0.588176 0.97652 1.57545
0.920577 1.4642 0.742338 0.360237 1.49106 1.24904 0.1327 0.652997 1.64819 0.798236
0.776832 0.875693 0.199339 0.996341 0.352569 1.78877 0.904367 0.839943 0.924303 0.770089
1.70868 1.38422 1.57286 0.798715 0.626025 0.94118 0.293938 0.466538 1.65313 0.272298
0.467348 1.74812 0.491048 0.667607 1.18978 0.827585 1.50303 0.760169 1.0554 0.941083
0.591239 0.744583 0.887406 0.706936 1.64344 0.70081 0.726196 1.02231 0.662965 0.272714
0.56253 2.21934 3.59136 0.234757 1.17918 0.746697 0.560441 0.280964 1.25727 1.08709
1.39375 3.4663 1.11992 1.28869 0.303317 1.3753 0.843826 0.737652 0.257827 0.933835
1.85389 1.05217 1.55067 0.596509 0.985498 0.857742 0.407012 0.830087 0.29095 1.32496
2.02664 0.334161 0.590067 0.707353 0.672176 0.530071 1.94902 1.84867 0.68854 0.509336
1.36658 1.94177 0.353227 0.584362 1.42964 0.37141 1.07556 0.786425 0.244296 1.04518
1.55749 0.344133 0.646005 0.821683 0.257564 0.775934 1.0772 0.457494 0.569185 2.22106
0.411054 0.565679 0.268524 0.860797 1.6039 0.529404 0.699968 1.37634 1.39154 1.23472
0.696828 1.91207 1.25546 0.802306 0.222219 0.773113 1.84518 0.894957 0.772626 0.183987
0.569773 0.451505 1.32045 0.906665 1.47234 0.16632 0.541007 1.87866 0.488595 0.379178
1.85829 2.41295 0.780334 0.487422 0.936405 2.59512 0.507975 0.833701 1.03122 0.334354
1.44357 1.04702 0.25697 0.612981 2.16672 0.806985 0.425503 1.49379 0.369375 0.442147
1.05162 0.670558 0.667156 0.739008 1.95081 0.602161 0.916888 0.862192 0.967211 0.932273
4.22312 0.841233 0.431202 2.77314 0.316469 1.62937 0.495029 1.17994 0.797389 3.78085
0.687697 0.312569 1.38403 0.327713 0.819694 0.724386 1.35378 0.724153 0.850009 0.154474
1.78416 1.65201 0.347683 0.931879 1.76846 0.354684 1.08503 0.653418 1.19286 0.822804
1.95537 1.07768 1.58145 1.09585 0.452923 0.825929 0.274019 1.71877 0.988526 0.549817
0.61389 1.51348 0.52625 0.885353 0.805566 1.21767 1.57615 0.459359 0.828929 0.287937
0.311506 2.91788 0.956641 0.763824 0.763647 0.738579 0.652329 0.459979 1.46205 1.03822
1.53029 0.719274 0.992661 1.22889 0.624153 0.395272 1.39023 0.642945 0.678264 0.712562
0.608941 1.1433 0.389507 0.456369 0.898993 0.656998 2.03511 1.31092 0.84889 1.06744
1.37236 0.49075 0.333663 0.869702 0.449017 0.573262 1.02911 1.15646 0.55162 0.692925
1.51632 1.54077 0.531759 1.16953 1.50222 0.713247 0.698569 1.14477 0.282147 1.03126
2.9192 0.253719 0.666533 1.60391 0.795603 0.812491 0.460581 0.449394 1.51068 0.719922
1.79622 0.664944 0.358502 0.298926 1.09628 0.837539 1.0835 0.874014 1.02405 0.221636
1.38644 0.878153 1.56172 1.16185 0.83656 0.537875 0.563909 0.195324 0.864422 0.5993
0.295693 0.683862 1.1997 0.605503 0.40998 3.43013 0.25944 0.935585 0.995858 1.05285
0.505106 0.822707 1.01598 0.671718 0.418338 1.08284 0.636065 0.983161 1.24524 0.330862
1.12199 0.561689 2.44044 1.10375 0.854148 0.698452 0.83935 0.13705 0.306942 1.06908
0.967586 0.681416 0.414884 0.76461 0.16206 0.87507 1.91992 1.80667 0.643546 0.58066
2.51944 0.827537 0.172549 0.573644 0.972274 1.02636 0.565086 3.08195 0.484802 0.41964
2.48925 1.09871 2.00841 2.15971 2.73153 1.47005 0.384411 0.72557 1.62115 1.04317
1.16211 0.786496 0.536946 0.869244 0.605273 0.853022 0.983394 0.74375 0.432148 0.410902
1.81594 1.00839 0.962559 0.967793 0.584406 1.13878 0.83915 2.06837 0.870256 0.143927
0.559671 0.53673 0.248726 0.537292 1.10233 4.45462 0.902503 0.862903 0.916519 0.481858
0.194135 1.15768 4.56373 0.447524 0.526236 1.33819 0.683363 0.507499 0.301653 0.925265
0.943996 1.38388 0.229899 0.363707 4.40904 0.302944 0.746871 0.423202 0.328638 1.1245
0.963298 0.521075 0.848326 1.37097 1.19526 0.606171 1.00093 0.57423 0.97388 0.458608
1.6591 0.726356 0.954917 0.378717 1.57741 3.03046 0.175618 0.721062 0.716448 1.87561
0.550735 0.147888 0.198428 2.34233 1.00083 0.244321 1.07936 1.30918 0.671958 1.12194
1.73901 1.61178 0.410322 0.537545 0.981868 0.990834 0.725407 0.66656 0.79994 0.427122
0.459794 0.933437 0.242474 1.47197 0.896386 0.430489 0.879941 0.402614 0.366955 3.16556
1.11676 0.357864 0.610366 0.485928 1.54254 0.35453 0.637211 0.550108 1.08688 0.842982
1.24897 1.26225 1.16213 1.07417 1.58156 0.602941 0.407963 0.339758 1.06533 1.69757
0.734312 1.3613 1.08631 2.14131 0.879986 0.572705 0.372009 0.894945 1.05381 1.25003
0.729526 0.566977 0.624121 2.48496 1.02551 4.5262 1.13566 0.426647 2.03227 1.69178
0.967469 0.976822 1.09033 1.05093 1.75521 1.93114 0.412375 0.633727 0.947151 1.31183
0.477942 2.11017 0.265415 1.49731 0.363664 0.761209 1.17997 0.312986 0.788457 1.12081
0.514044 0.926539 0.420688 0.219672 0.877073 0.880246 1.63983 0.997762 0.887236 0.350806
0.977317 1.39939 1.67004 0.888937 0.479607 0.924248 0.501609 0.402691 0.947452 0.408908
1.39618 0.401098 1.44095 1.52039 0.515764 1.06864 0.486537 1.34136 2.54943 1.15395
0.643319 0.663391 1.02813 1.09585 0.545229 0.604711 1.09074 0.205834 1.26569 0.523464
1.74283 0.632574 0.727866 2.90045 1.45019 0.367922 0.475094 0.156636 1.60233 2.56862
0.442258 1.2758 1.86148 0.986298 1.51559 0.927998 0.914495 1.47342 2.33846 1.188
0.190291 1.4336 0.371671 1.95041 0.859052 1.11528 0.53724 1.14794 1.30056 2.14063
1.88687 1.46724 0.983812 1.47981 0.88794 0.686944 1.48404 0.911145 3.18609 0.773325
0.426113 0.374969 0.568915 0.757454 1.00297 0.349455 0.553071 0.769863 0.507683 0.977928
1.33374 2.32184 0.674875 0.878131 1.23733 1.32752 1.1395 0.561539 1.76075 1.10347
1.49399 1.30343 0.873992 4.0183 1.19737 2.12704 3.22102 1.15217 0.785222 1.11239
1.61307 1.19398 1.7465 0.902973 0.982281 1.13837 0.566458 1.17406 0.931973 1.8482
1.41 2.05936 1.35379 0.697818 0.416012 1.61058 0.93423 1.17616 1.18361 0.784874
0.451582 0.52913 1.19635 1.00906 0.793505 0.808257 0.909359 0.576014 0.66506 0.670965
1.89278 0.650977 0.81645 0.873016 0.497534 0.283838 1.2903 1.3427 1.23638 1.71567
0.609964 0.451202 0.361805 0.346881 0.624906 1.75623 0.812349 1.08958 1.82124 2.15563
0.505172 1.10092 0.993814 1.1084 0.540287 1.64484 1.82418 0.943184 2.03841 0.756928
1.03564 0.663404 0.483262 1.27593 2.47506 0.338585 0.459936 1.27923 0.613056 0.464239
0.552353 1.84125 1.47765 1.61704 0.793836 1.01929 0.773419 0.944876 0.898395 0.611656
0.860944 1.03326 0.741199 0.673742 0.560536 0.489954 0.900037 1.60849 0.818963 0.723077
0.608392 0.848888 1.06598 1.43923 0.263065 0.540192 0.240928 0.584685 0.330401 1.62548
0.413765 0.955184 1.1596 0.746379 0.410765 1.52102 1.76035 2.13951 0.409566 1.08304
0.899211 1.18674 0.858531 1.80757 0.160586 0.666991 1.25827 0.541043 0.68453 0.645872
0.244189 0.503228 2.6918 1.62343 0.571883 0.397984 1.05145 0.855273 0.696775 0.892905
1.56922 0.37459 0.405793 0.207794 0.228845 1.66199 1.57495 1.62781 1.365 0.847415
0.513811 0.291883 2.9561 0.476399 0.835893 0.619874 0.508804 0.405889 0.521725 0.75223
1.41403 1.26025 0.537863 0.304187 0.931965 0.681147 3.28326 0.681123 1.24101 0.753459
0.888066 1.89158 0.268627 2.86647 1.14056 1.04913 2.21172 0.719856 1.74728 0.398394
1.37765 1.63869 1.14116 0.440125 0.494927 0.953612 0.924891 1.33298 1.39219 1.70454
0.322334 2.13544 1.70172 1.48439 1.54531 0.916963 0.841582 1.04054 0.663953 0.880994
0.500692 0.531355 0.926824 0.874574 0.805031 0.432623 0.81203 1.09901 0.503749 1.37339
>noiseOffset:
>observedSynthesisNoise:
>std_NoiseOffset:
>mutation_prior_mean:
***
0 0 0 0 0 0 0 0 0 0
0 0 0 0 0 0 0 0 0 0
0 0 0 0 0 0 0 0 0 0
0 0 0 0 0 0 0 0 0 0
>mutation_prior_sd:
***
0.35 0.35 0.35 0.35 0.35 0.35 0.35 0.35 0.35 0.35
0.35 0.35 0.35 0.35 0.35 0.35 0.35 0.35 0.35 0.35
0.35 0.35 0.35 0.35 0.35 0.35 0.35 0.35 0.35 0.35
0.35 0.35 0.35 0.35 0.35 0.35 0.35 0.35 0.35 0.35
>std_csp:
0.1 0.1 0.1 0.1 0.1 0.1 0.1 0.1 0.1 0.1
0.1 0.1 0.1 0.1 0.1 0.1 0.1 0.1 0.1 0.1
0.1 0.1 0.1 0.1 0.1 0.1 0.1 0.1 0.1 0.1
0.1 0.1 0.1 0.1 0.1 0.1 0.1 0.1 0.1 0.1
>currentMutationParameter:
***
-0.420891 1.0089 0.728006 0.739473 1.11802 -1.21807 0.787659 -0.712225 0.662949 0.688605
0.891157 0.394136 1.2445 -1.29236 0.425608 1.03104 0.638348 0.204239 -0.260335 1.0914
-0.495921 0.861011 0.308266 -0.80894 -0.957532 0.272411 -0.90323 0.954566 0.0928613 -0.496677
0.892256 0.526775 -0.408953 1.19748 0.749648 0.426878 1.04495 0.562918 0.82986 0.96891
>currentSelectionParameter:
***
0.568659 -0.335123 0.318226 -0.56353 -0.359012 0.683788 -0.901537 -0.358391 -0.152848 0.128505
-0.482777 1.06746 -0.705237 0.905209 0.576645 -0.64664 -0.0895496 -0.254181 1.28381 -0.643143
-0.611146 -0.206722 -0.351847 0.115847 0.576232 0.819402 0.898431 -0.160647 0.791815 0.349238
-0.435517 -0.19299 0.400772 -0.591693 0.0573714 0.565831 -0.442044 -0.0300708 -0.636647 -0.743348
>covarianceMatrix:
A
0.000377034	8.70873e-05	0.000132379	-0.00025779	-3.28059e-05	-4.78745e-05	
8.70873e-05	0.000329825	-7.7569e-05	-1.41216e-05	-0.000159311	0.000165506	
0.000132379	-7.7569e-05	0.000430423	-2.88253e-05	0.000121521	-0.000309747	
-0.00025779	-1.41216e-05	-2.88253e-05	0.000303402	6.29734e-05	5e-05	
-3.28059e-05	-0.000159311	0.000121521	6.29734e-05	0.000174746	-0.000122648	
-4.78745e-05	0.000165506	-0.000309747	5e-05	-0.000122648	0.000379672	
***
>covarianceMatrix:
C
0.00158973	-0.0011032	
-0.0011032	0.00120522	
***
>covarianceMatrix:
D
0.000742066	-0.000539745	
-0.000539745	0.000531927	
***
>covarianceMatrix:
E
0.000714553	-0.000521183	
-0.000521183	0.000494491	
***
>covarianceMatrix:
F
0.000866823	-0.000668787	
-0.000668787	0.000724705	
***
>covarianceMatrix:
G
0.000480745	0.000209079	0.000175431	-0.00023207	-9.38006e-05	3.66523e-05	
0.000209079	0.000405522	0.000293369	-6.87813e-05	-0.000113861	-2.20919e-05	
0.000175431	0.000293369	0.00111175	-7.59019e-05	-0.00012808	-0.000520221	
-0.00023207	-6.87813e-05	-7.59019e-05	0.000243332	0.000124946	5.40625e-05	
-9.38006e-05	-0.000113861	-0.00012808	0.000124946	0.000164042	0.000115968	
3.66523e-05	-2.20919e-05	-0.000520221	5.40625e-05	0.000115968	0.000532853	
***
>covarianceMatrix:
H
0.00165177	-0.00131716	
-0.00131716	0.00153685	
***
>covarianceMatrix:
I
0.000877886	0.000378014	-0.000736114	-0.000239525	
0.000378014	0.000893976	-0.000332829	-0.000571381	
-0.000736114	-0.000332829	0.00111121	0.000170776	
-0.000239525	-0.000571381	0.000170776	0.000515762	
***
>covarianceMatrix:
K
0.000728294	-0.000531835	
-0.000531835	0.000575577	
***
>covarianceMatrix:
L
0.000341051	-2.01372e-05	3.97434e-05	-3.51907e-05	9.7596e-05	-0.000143687	2.02006e-05	1.27273e-05	4.11744e-05	2.8222e-05	
-2.01372e-05	0.000208829	7.64388e-05	0.000125816	6.93272e-05	7.5549e-05	-7.80877e-05	-5.26773e-05	-4.73917e-05	-6.61427e-05	
3.97434e-05	7.64388e-05	0.000175996	4.352e-05	4.62634e-05	4.09035e-05	-4.02286e-05	-8.58725e-05	-2.72935e-05	2.15681e-06	
-3.51907e-05	0.000125816	4.352e-05	0.000162553	7.58042e-05	7.04077e-05	-5.52361e-05	-4.14164e-05	-5.45492e-05	-6.31285e-05	
9.7596e-05	6.93272e-05	4.62634e-05	7.58042e-05	0.000199325	2.43278e-05	-2.73108e-05	-2.7876e-05	-1.67038e-05	-2.84679e-05	
-0.000143687	7.5549e-05	4.09035e-05	7.04077e-05	2.43278e-05	0.000188932	-3.47217e-05	-3.21129e-05	-3.1942e-05	-2.41144e-05	
2.02006e-05	-7.80877e-05	-4.02286e-05	-5.52361e-05	-2.73108e-05	-3.47217e-05	9.93544e-05	5.76223e-05	3.73034e-05	2.82967e-05	
1.27273e-05	-5.26773e-05	-8.58725e-05	-4.14164e-05	-2.7876e-05	-3.21129e-05	5.76223e-05	9.2061e-05	4.21407e-05	1.37152e-05	
4.11744e-05	-4.73917e-05	-2.72935e-05	-5.45492e-05	-1.67038e-05	-3.1942e-05	3.73034e-05	4.21407e-05	6.78549e-05	3.14959e-05	
2.8222e-05	-6.61427e-05	2.15681e-06	-6.31285e-05	-2.84679e-05	-2.41144e-05	2.82967e-05	1.37152e-05	3.14959e-05	7.51165e-05	
***
>covarianceMatrix:
N
0.000713678	-0.000476469	
-0.000476469	0.000499711	
***
>covarianceMatrix:
P
0.000769883	0.000487815	0.000197292	-0.000488193	-0.000294498	-3.30117e-05	
0.000487815	0.00124323	-0.000192209	-0.00024978	-0.000650154	0.000248297	
0.000197292	-0.000192209	0.000590797	-0.00010607	0.000224922	-0.000291284	
-0.000488193	-0.00024978	-0.00010607	0.000500823	0.000249389	0.000124723	
-0.000294498	-0.000650154	0.000224922	0.000249389	0.000775597	-0.00016543	
-3.30117e-05	0.000248297	-0.000291284	0.000124723	-0.00016543	0.000336283	
***
>covarianceMatrix:
Q
0.000908413	-0.000600443	
-0.000600443	0.00056307	
***
>covarianceMatrix:
R
0.000292876	-0.000129923	8.55696e-05	3.43478e-05	-1.76045e-05	-0.000211508	0.000137814	-6.40366e-05	-6.25885e-05	1.00881e-05	
-0.000129923	0.00051005	0.000242943	-4.79478e-05	-5.27232e-06	0.000201863	-0.00021746	-7.2101e-05	0.000105301	-3.98564e-06	
8.55696e-05	0.000242943	0.00042158	-1.80882e-06	6.85188e-06	-2.92405e-05	-5.22869e-05	-0.000195235	6.51542e-05	1.45925e-05	
3.43478e-05	-4.79478e-05	-1.80882e-06	0.000302314	-0.000114999	-4.79858e-05	0.000126165	-2.53197e-05	-0.0001582	5.96789e-05	
-1.76045e-05	-5.27232e-06	6.85188e-06	-0.000114999	0.000311982	4.41169e-05	-3.0324e-05	-1.96618e-06	3.99338e-05	-0.000102023	
-0.000211508	0.000201863	-2.92405e-05	-4.79858e-05	4.41169e-05	0.000260462	-0.000129312	9.2706e-05	7.40327e-05	-2.32423e-05	
0.000137814	-0.00021746	-5.22869e-05	0.000126165	-3.0324e-05	-0.000129312	0.000265099	8.30199e-06	-0.000132802	2.42217e-05	
-6.40366e-05	-7.2101e-05	-0.000195235	-2.53197e-05	-1.96618e-06	9.2706e-05	8.30199e-06	0.000190698	5.41679e-06	-1.79663e-05	
-6.25885e-05	0.000105301	6.51542e-05	-0.0001582	3.99338e-05	7.40327e-05	-0.000132802	5.41679e-06	0.000147496	-1.97367e-05	
1.00881e-05	-3.98564e-06	1.45925e-05	5.96789e-05	-0.000102023	-2.32423e-05	2.42217e-05	-1.79663e-05	-1.97367e-05	0.000111091	
***
>covarianceMatrix:
S
0.000389092	0.00010136	0.000136702	-0.000260886	-6.25812e-05	-0.000137533	
0.00010136	0.000596759	8.64467e-05	1.07459e-05	-0.000324221	-4.6011e-05	
0.000136702	8.64467e-05	0.000294783	-9.34031e-05	-7.35168e-05	-0.000173253	
-0.000260886	1.07459e-05	-9.34031e-05	0.000319964	3.15225e-05	0.000148715	
-6.25812e-05	-0.000324221	-7.35168e-05	3.15225e-05	0.000307856	7.93515e-05	
-0.000137533	-4.6011e-05	-0.000173253	0.000148715	7.93515e-05	0.000207483	
***
>covarianceMatrix:
T
0.000400137	8.44902e-05	-0.000110929	-0.000267505	-6.06472e-05	7.67102e-05	
8.44902e-05	0.000463307	3.83918e-07	-3.07021e-05	-0.000231032	4.22829e-05	
-0.000110929	3.83918e-07	0.000322588	0.000130052	2.22114e-05	-0.000166782	
-0.000267505	-3.07021e-05	0.000130052	0.000288544	7.32691e-05	-6.14244e-05	
-6.06472e-05	-0.000231032	2.22114e-05	7.32691e-05	0.000271174	5.3795e-05	
7.67102e-05	4.22829e-05	-0.000166782	-6.14244e-05	5.3795e-05	0.000235064	
***
>covarianceMatrix:
V
0.000372346	0.000201302	0.000154778	-0.000264972	-0.00010502	-5.61553e-05	
0.000201302	0.000595451	0.000228182	-7.29652e-05	-0.000350598	-8.59164e-05	
0.000154778	0.000228182	0.000377666	-4.29035e-05	-0.000167607	-0.000174392	
-0.000264972	-7.29652e-05	-4.29035e-05	0.000374761	4.50509e-05	1.86098e-05	
-0.00010502	-0.000350598	-0.000167607	4.50509e-05	0.000312973	0.000105302	
-5.61553e-05	-8.59164e-05	-0.000174392	1.86098e-05	0.000105302	0.000154255	
***
>covarianceMatrix:
Y
0.00165407	-0.00131601	
-0.00131601	0.00144241	
***
>covarianceMatrix:
Z
0.00262813	-0.00198196	
-0.00198196	0.00197884	
***
