>groupList:
A C D E F G H I K L
N P Q R S T V Y Z 
>stdDevSynthesisRate:
0.304124 
>numParam:
40
>numMixtures:
1
>std_stdDevSynthesisRate:
0.12
>std_phi:
***
0.140608 0.815731 0.297034 1.06045 0.371293 0.371293 0.482681 0.482681 0.482681 0.482681
0.627485 0.371293 0.297034 1.06045 0.371293 0.386145 0.627485 0.627485 0.627485 0.482681
0.482681 0.482681 0.815731 0.297034 0.815731 0.371293 0.371293 0.297034 0.815731 0.627485
0.17576 0.627485 0.482681 0.627485 0.371293 0.482681 0.28561 0.482681 0.482681 0.297034
0.371293 0.627485 0.815731 0.482681 1.06045 0.482681 0.297034 0.482681 0.2197 0.28561
0.815731 0.297034 0.815731 0.28561 0.228488 0.627485 0.28561 0.627485 0.371293 0.482681
0.371293 0.815731 0.482681 0.482681 0.482681 0.482681 0.627485 0.482681 0.371293 0.627485
0.482681 0.482681 0.482681 0.482681 0.627485 0.28561 0.815731 0.371293 0.297034 0.482681
0.371293 0.371293 0.482681 0.482681 0.627485 0.815731 0.371293 0.482681 0.482681 0.815731
0.482681 0.627485 0.482681 0.482681 0.297034 0.627485 0.501988 0.627485 0.28561 0.371293
0.627485 0.482681 0.627485 0.815731 0.482681 0.815731 0.371293 0.228488 0.371293 0.482681
0.371293 0.13 0.627485 0.371293 1.06045 0.482681 0.371293 0.815731 0.371293 0.482681
0.28561 0.482681 0.482681 0.482681 0.371293 0.627485 0.627485 0.28561 0.28561 0.815731
0.371293 0.482681 0.28561 0.28561 0.371293 0.627485 0.482681 0.371293 0.627485 0.482681
0.371293 0.386145 0.371293 0.28561 0.2197 0.482681 0.482681 0.627485 0.297034 0.371293
0.371293 0.627485 0.28561 0.482681 0.627485 0.627485 0.482681 0.482681 0.627485 0.627485
0.482681 0.627485 0.501988 0.627485 0.28561 0.482681 0.371293 0.371293 0.482681 0.228488
0.28561 0.371293 0.371293 0.815731 0.28561 0.371293 0.482681 0.237628 0.482681 0.627485
0.371293 0.482681 0.815731 0.297034 0.28561 0.2197 0.371293 0.297034 0.627485 0.482681
0.482681 0.627485 0.482681 0.371293 0.482681 0.371293 0.501988 0.371293 0.297034 0.627485
0.482681 0.627485 0.371293 0.228488 0.482681 0.627485 0.371293 0.371293 0.815731 0.627485
0.482681 0.627485 0.482681 0.627485 0.297034 0.627485 0.228488 0.482681 0.627485 0.371293
0.482681 0.371293 0.28561 0.371293 0.482681 0.815731 0.28561 0.28561 0.386145 0.482681
0.627485 0.28561 0.371293 0.482681 0.371293 0.627485 0.482681 0.627485 0.371293 0.228488
0.815731 0.627485 0.627485 0.815731 0.627485 0.297034 0.815731 0.371293 0.627485 0.371293
0.297034 0.371293 0.627485 0.627485 0.28561 0.482681 0.371293 0.482681 0.627485 0.482681
0.815731 0.482681 0.28561 0.371293 0.627485 0.28561 0.482681 0.28561 0.2197 0.371293
0.371293 0.482681 0.2197 0.627485 0.627485 0.482681 0.371293 0.482681 0.28561 0.627485
0.482681 0.371293 0.386145 0.482681 0.371293 0.17576 0.627485 0.482681 0.371293 0.28561
0.28561 0.482681 0.482681 0.386145 0.371293 0.28561 0.482681 0.28561 0.371293 0.371293
0.28561 0.482681 0.371293 0.627485 0.371293 0.371293 0.482681 1.06045 0.371293 0.371293
0.371293 0.482681 0.1352 0.815731 0.371293 0.228488 0.28561 0.28561 0.627485 0.627485
0.482681 0.482681 0.482681 0.28561 0.815731 0.627485 0.627485 0.371293 1.06045 0.371293
0.482681 0.627485 0.482681 0.371293 0.371293 0.482681 0.28561 0.2197 0.482681 0.482681
0.371293 0.482681 0.627485 0.482681 0.169 0.482681 0.627485 0.501988 0.371293 0.815731
0.371293 0.482681 0.28561 0.371293 0.482681 0.28561 0.482681 0.627485 0.28561 0.627485
0.482681 0.297034 0.28561 0.482681 0.627485 0.371293 0.627485 0.815731 0.482681 0.627485
0.627485 0.482681 0.371293 0.482681 0.28561 0.371293 0.28561 0.371293 0.371293 0.28561
0.482681 0.627485 0.482681 0.371293 0.28561 0.371293 0.482681 0.815731 0.28561 0.371293
0.28561 0.2197 0.482681 0.627485 0.169 0.28561 0.371293 0.815731 0.371293 0.371293
0.815731 0.371293 0.228488 0.627485 1.06045 0.482681 0.482681 0.815731 0.627485 0.482681
0.627485 0.482681 0.627485 0.228488 0.482681 0.1352 0.386145 0.482681 0.482681 0.627485
0.815731 0.482681 0.28561 0.627485 1.06045 0.482681 0.815731 0.371293 0.371293 0.482681
0.627485 0.2197 0.371293 0.386145 0.371293 0.2197 0.627485 0.371293 0.28561 0.627485
0.627485 0.371293 0.28561 0.482681 0.2197 0.2197 0.482681 0.371293 0.28561 0.482681
0.627485 0.28561 0.482681 0.627485 0.627485 0.17576 0.228488 0.627485 0.627485 0.815731
0.371293 0.482681 0.815731 0.482681 0.169 0.371293 0.28561 0.371293 0.386145 0.371293
0.169 0.815731 0.627485 0.371293 0.482681 0.386145 0.627485 0.627485 0.627485 0.627485
0.28561 0.482681 0.371293 0.482681 0.28561 0.297034 0.371293 0.371293 0.627485 0.815731
0.169 0.2197 0.627485 0.627485 0.815731 0.815731 0.627485 0.482681 0.627485 0.627485
0.627485 0.482681 0.371293 0.2197 0.627485 0.371293 0.815731 0.371293 0.627485 0.627485
0.371293 0.482681 0.371293 0.371293 0.627485 0.627485 0.17576 0.482681 0.815731 0.228488
0.371293 0.371293 0.28561 0.627485 0.627485 0.371293 0.627485 0.482681 0.815731 0.482681
0.627485 0.815731 0.371293 0.482681 0.627485 1.06045 0.627485 0.482681 0.2197 0.371293
0.482681 0.482681 0.627485 0.371293 0.28561 0.482681 0.482681 0.28561 0.28561 0.297034
0.815731 0.627485 0.482681 0.28561 0.627485 0.482681 0.627485 0.627485 0.297034 0.2197
0.28561 0.2197 0.28561 0.627485 1.06045 0.482681 0.169 0.371293 0.371293 0.371293
0.815731 0.627485 0.627485 0.482681 0.815731 0.28561 0.482681 0.815731 0.2197 0.371293
0.10816 0.482681 0.482681 0.482681 0.627485 0.371293 0.371293 
>categories:
0 0
>mixtureAssignment:
0 0 0 0 0 0 0 0 0 0 0 0 0 0 0 0 0 0 0 0 0 0 0 0 0 0 0 0 0 0 0 0 0 0 0 0 0 0 0 0 0 0 0 0 0 0 0 0 0 0
0 0 0 0 0 0 0 0 0 0 0 0 0 0 0 0 0 0 0 0 0 0 0 0 0 0 0 0 0 0 0 0 0 0 0 0 0 0 0 0 0 0 0 0 0 0 0 0 0 0
0 0 0 0 0 0 0 0 0 0 0 0 0 0 0 0 0 0 0 0 0 0 0 0 0 0 0 0 0 0 0 0 0 0 0 0 0 0 0 0 0 0 0 0 0 0 0 0 0 0
0 0 0 0 0 0 0 0 0 0 0 0 0 0 0 0 0 0 0 0 0 0 0 0 0 0 0 0 0 0 0 0 0 0 0 0 0 0 0 0 0 0 0 0 0 0 0 0 0 0
0 0 0 0 0 0 0 0 0 0 0 0 0 0 0 0 0 0 0 0 0 0 0 0 0 0 0 0 0 0 0 0 0 0 0 0 0 0 0 0 0 0 0 0 0 0 0 0 0 0
0 0 0 0 0 0 0 0 0 0 0 0 0 0 0 0 0 0 0 0 0 0 0 0 0 0 0 0 0 0 0 0 0 0 0 0 0 0 0 0 0 0 0 0 0 0 0 0 0 0
0 0 0 0 0 0 0 0 0 0 0 0 0 0 0 0 0 0 0 0 0 0 0 0 0 0 0 0 0 0 0 0 0 0 0 0 0 0 0 0 0 0 0 0 0 0 0 0 0 0
0 0 0 0 0 0 0 0 0 0 0 0 0 0 0 0 0 0 0 0 0 0 0 0 0 0 0 0 0 0 0 0 0 0 0 0 0 0 0 0 0 0 0 0 0 0 0 0 0 0
0 0 0 0 0 0 0 0 0 0 0 0 0 0 0 0 0 0 0 0 0 0 0 0 0 0 0 0 0 0 0 0 0 0 0 0 0 0 0 0 0 0 0 0 0 0 0 0 0 0
0 0 0 0 0 0 0 0 0 0 0 0 0 0 0 0 0 0 0 0 0 0 0 0 0 0 0 0 0 0 0 0 0 0 0 0 0 0 0 0 0 0 0 0 0 0 0 0 0 0
0 0 0 0 0 0 0 0 0 0 0 0 0 0 0 0 0 0 0 0 0 0 0 0 0 0 0 0 0 0 0 0 0 0 0 0 0 0 0 0 0 0 0 0 0 0 0 0 0 0
0 0 0 0 0 0 0 0 0 0 0 0 0 0 0 0 0 0 0 0 0 0 0 0 0 0 0 0 0 0 0 0 0 0 0 0 0 
>numMutationCategories:
1
>numSelectionCategories:
1
>categoryProbabilities:
1 
>selectionIsInMixture:
***
0 
>mutationIsInMixture:
***
0 
>obsPhiSets:
0
>currentSynthesisRateLevel:
***
1.30471 1.49197 1.21926 0.97347 1.16558 1.63006 1.20759 1.25786 0.921097 1.0855
1.34707 0.802713 0.864955 0.50694 1.28674 0.978215 0.589989 1.00869 0.727377 0.795166
0.821155 0.755337 0.699217 1.13408 0.866789 0.837685 1.38569 1.06431 0.930361 0.988534
1.11841 0.543008 0.770827 0.98328 1.35812 0.82406 0.894504 0.703369 0.998003 1.0688
1.19527 0.860441 0.730313 0.908145 0.761112 1.6205 1.06803 0.967929 1.28942 1.13134
0.576963 0.937611 1.24606 1.18392 1.26709 0.493065 1.24063 0.407018 0.813854 0.927726
1.08282 0.805949 0.931056 0.87989 1.01854 0.699181 1.21525 1.18197 0.791702 0.564357
1.09404 0.78858 1.108 0.879707 1.03654 1.44574 0.523964 0.974022 1.17845 1.01907
1.30268 0.731986 0.781967 1.08485 0.806771 1.00335 0.953034 1.41095 0.681872 0.796037
0.736801 0.617581 0.742148 0.675796 0.902015 1.35926 1.08194 1.16382 1.1942 0.809634
0.491204 0.802002 0.976837 0.810022 1.5463 0.761824 0.897811 0.381048 1.3746 0.988659
1.21262 1.30474 0.560962 1.15545 1.24599 0.771295 1.064 0.608984 1.15941 0.845152
0.791939 0.919691 0.994643 0.928919 0.97367 0.892843 0.49965 1.21028 1.5241 0.737755
0.879736 1.13292 0.818143 1.42817 0.983432 1.18918 0.821314 0.82097 0.980837 1.45752
1.03811 0.910282 0.889178 1.43423 0.87532 1.023 0.813067 0.576558 1.0482 1.38501
0.898849 0.654961 1.31408 1.63632 0.797892 0.663559 0.968836 1.06678 1.35772 0.575706
0.810589 0.628109 0.977923 1.04276 1.57157 1.37333 1.03648 1.34689 0.986875 0.943729
1.14121 1.09183 1.20691 0.696665 1.00819 1.1231 1.06631 1.05902 1.28302 0.725696
0.836512 1.24831 1.17933 1.03878 1.5083 1.41355 0.963803 1.0682 0.678719 1.28704
0.63017 0.735693 0.659978 1.40221 1.61628 0.835131 0.758932 1.19725 1.11179 1.0816
0.902307 1.13318 1.25326 1.13862 0.688131 0.54759 1.12473 1.37845 0.868791 0.837956
0.805332 0.637809 1.20861 0.682228 1.17577 0.666151 1.18655 0.58451 0.687257 0.997244
0.714195 0.990501 1.10286 1.15919 0.811157 0.896181 1.14388 1.1337 1.00865 1.42581
0.695072 1.30442 0.857551 1.03028 0.837248 0.963264 1.17893 0.883233 0.757166 1.13882
0.566183 0.7748 0.584542 0.447517 0.711882 1.00236 1.38563 0.725109 0.53283 0.763971
1.07883 1.33739 0.610257 0.62216 1.24645 0.881493 1.23324 1.03868 0.836477 0.821891
0.861011 1.3228 1.12949 1.43273 0.752964 1.27848 1.43374 1.22964 1.19108 0.67653
0.925435 0.572123 1.19635 0.864977 0.752084 0.944408 1.31714 0.975154 0.965508 0.272581
0.646011 1.04534 0.907495 0.943455 1.19428 1.40598 0.928428 0.909068 0.722897 1.16186
0.854962 1.02757 0.544918 1.18269 0.854181 1.42284 1.00731 1.09275 0.944232 0.993984
1.29064 1.2806 0.862958 0.725434 1.015 1.08166 1.08961 0.364744 1.60351 1.22287
1.03385 0.589611 1.15143 0.455252 0.938569 0.84994 0.831695 1.33729 0.609696 0.713251
0.742697 0.982045 1.1129 1.35808 1.43448 0.48507 0.499698 1.54062 0.791539 1.13467
0.824456 0.830228 1.03742 0.752309 0.940329 0.722536 0.787867 1.42112 0.659558 1.19483
0.899567 0.6552 0.928566 0.456333 1.28171 1.14313 0.816351 0.871534 0.942573 0.695897
1.14421 0.690422 0.90256 1.20702 1.44936 0.744958 1.72772 0.808401 1.3442 0.983065
0.597591 1.00765 1.22641 1.2118 1.29865 0.940493 1.12206 0.444259 1.34182 1.28541
0.778815 1.28036 0.971769 0.650855 1.25094 1.09441 1.27777 1.27941 0.889821 1.21917
1.10383 0.7262 0.423635 1.05787 0.9164 0.861342 0.741286 0.709906 0.697221 1.01341
1.27212 1.36566 0.663865 1.20512 1.37535 1.32853 0.827397 0.925301 1.01296 0.714584
0.499878 1.16489 1.0743 0.669195 0.520753 1.21572 0.779551 1.00904 0.942722 1.29158
1.2134 1.16784 0.821175 1.32376 0.709784 1.33338 0.500649 1.17839 1.02544 0.958404
1.19598 1.13843 1.2657 0.778446 0.688552 0.925256 0.429679 1.36411 0.902354 0.482894
0.69325 1.38899 1.42278 0.917221 0.686439 1.53255 0.41004 1.08542 0.875595 1.30556
0.55832 1.20233 0.971134 0.811818 0.729901 1.39144 0.825719 1.22972 0.938837 0.988624
0.803708 1.0876 1.03563 0.311481 0.708071 1.3977 1.07634 1.11759 1.0963 0.726151
1.35165 0.55431 0.480419 1.43355 1.40616 1.31753 0.847238 1.47446 0.797508 1.13439
1.35229 0.618275 0.481464 1.23521 0.814714 1.43089 1.01201 1.06367 0.583468 0.657516
1.46363 0.830025 1.03966 1.07253 1.46608 1.3676 1.35268 1.02293 0.886672 1.00783
1.15999 1.61294 0.485313 0.826445 0.78356 0.586487 0.535814 0.600571 1.23269 1.01754
0.492601 0.923406 1.20898 1.2627 0.696331 0.973572 0.955486 0.974576 0.579065 1.16039
1.44696 0.440901 1.07976 1.23807 0.56923 1.04105 1.15133 1.11415 0.335018 0.879109
1.11447 1.29325 1.45474 1.21326 1.05157 1.34095 0.702014 0.941695 1.14615 0.864935
0.768567 0.64956 0.993745 0.840368 0.750725 0.575858 0.628408 0.84544 1.37139 1.12268
0.989205 0.801088 1.49955 1.29294 0.879747 1.12498 1.24861 1.07111 0.881523 1.47839
0.490856 0.878475 0.838748 1.03727 0.534286 0.881437 0.953284 0.912866 1.22306 1.3503
1.27185 1.49329 1.36293 0.681502 0.922032 0.748291 0.985127 1.18214 0.938425 1.50541
1.12271 0.607493 0.872857 1.63304 0.706499 1.32292 0.851827 0.938867 1.54001 1.30642
1.23467 0.944379 0.876112 1.0488 0.95823 1.00619 1.02674 
>noiseOffset:
>observedSynthesisNoise:
>std_NoiseOffset:
>mutation_prior_mean:
***
0 0 0 0 0 0 0 0 0 0
0 0 0 0 0 0 0 0 0 0
0 0 0 0 0 0 0 0 0 0
0 0 0 0 0 0 0 0 0 0
>mutation_prior_sd:
***
0.35 0.35 0.35 0.35 0.35 0.35 0.35 0.35 0.35 0.35
0.35 0.35 0.35 0.35 0.35 0.35 0.35 0.35 0.35 0.35
0.35 0.35 0.35 0.35 0.35 0.35 0.35 0.35 0.35 0.35
0.35 0.35 0.35 0.35 0.35 0.35 0.35 0.35 0.35 0.35
>std_csp:
0.0134218 0.0134218 0.0134218 0.144 0.1 0.1 0.1 0.0134218 0.0134218 0.0134218
0.1728 0.0134218 0.0134218 0.1 0.0134218 0.0134218 0.0134218 0.0134218 0.0134218 0.1
0.0134218 0.0134218 0.0134218 0.12 0.0134218 0.0134218 0.0134218 0.0134218 0.0134218 0.0134218
0.0134218 0.0134218 0.0134218 0.0134218 0.0134218 0.0134218 0.0134218 0.0134218 0.12 0.1728
>currentMutationParameter:
***
0.650179 -0.548393 0.59896 -0.681701 -0.295434 0.677194 -1.05568 -1.01912 -0.694209 -0.33973
-0.5093 1.34734 -0.784139 0.800599 0.602725 -0.772686 -0.394045 0.358003 1.49691 -0.588653
-0.860692 -0.105575 -0.620541 0.183144 0.139112 0.361347 0.547816 -0.251026 -0.00499291 0.139604
-0.71076 0.0920515 0.108203 -0.826391 0.16248 0.66705 -0.580211 -0.589676 -0.821443 -0.888444
>currentSelectionParameter:
***
-0.643392 1.29038 0.437427 0.935709 1.10021 -1.35166 1.16157 -0.0800118 1.24771 0.976324
1.0453 -0.301632 1.39525 -1.34516 0.167683 1.3018 1.01876 -0.25385 -0.854668 1.16156
-0.0915534 0.851566 0.789402 -0.902753 -0.779434 0.33894 -0.786911 1.16526 0.750903 -0.318446
1.17167 0.464841 -0.180328 1.52047 0.723254 0.0825432 1.29423 1.06979 1.14296 1.27054
>covarianceMatrix:
A
0.00421905	0.00229261	0.00416407	-0.0037126	-0.00184911	-0.00371149	
0.00229261	0.00323663	0.00177536	-0.00202902	-0.00265588	-0.00172303	
0.00416407	0.00177536	0.00717	-0.00377104	-0.0012469	-0.00619748	
-0.0037126	-0.00202902	-0.00377104	0.00354422	0.00174834	0.00356182	
-0.00184911	-0.00265588	-0.0012469	0.00174834	0.00265158	0.00138734	
-0.00371149	-0.00172303	-0.00619748	0.00356182	0.00138734	0.00599746	
***
>covarianceMatrix:
C
0.0036	0	
0	0.0036	
***
>covarianceMatrix:
D
0.0025	0	
0	0.0025	
***
>covarianceMatrix:
E
0.0025	0	
0	0.0025	
***
>covarianceMatrix:
F
0.0025	0	
0	0.0025	
***
>covarianceMatrix:
G
0.00351932	0.00247438	0.00131144	-0.00295821	-0.00213302	-0.000968131	
0.00247438	0.00541987	0.00134986	-0.00212167	-0.00479607	-0.000951442	
0.00131144	0.00134986	0.00292332	-0.000943804	-0.000970379	-0.00196619	
-0.00295821	-0.00212167	-0.000943804	0.00288758	0.0020523	0.000949379	
-0.00213302	-0.00479607	-0.000970379	0.0020523	0.00512739	0.000835998	
-0.000968131	-0.000951442	-0.00196619	0.000949379	0.000835998	0.00194184	
***
>covarianceMatrix:
H
0.00432	0	
0	0.00432	
***
>covarianceMatrix:
I
0.00314465	0.00145604	-0.00256298	-0.00117472	
0.00145604	0.00354174	-0.00127465	-0.00286806	
-0.00256298	-0.00127465	0.00235005	0.00108846	
-0.00117472	-0.00286806	0.00108846	0.00258349	
***
>covarianceMatrix:
K
0.0025	0	
0	0.0025	
***
>covarianceMatrix:
L
0.00284896	0.000137854	0.00105733	0.000717064	0.00032619	-0.00238895	-2.64004e-05	-0.00097222	-0.000644229	-0.000191913	
0.000137854	0.00215817	0.000394061	0.000847685	-0.000408289	-0.000105556	-0.00196367	-0.000486011	-0.000802298	0.000301576	
0.00105733	0.000394061	0.00162906	0.000548657	-3.0549e-05	-0.000961138	-0.000341333	-0.00137511	-0.000413939	9.95017e-05	
0.000717064	0.000847685	0.000548657	0.00160306	-0.000159148	-0.000688705	-0.000904419	-0.000529483	-0.00127673	0.000180934	
0.00032619	-0.000408289	-3.0549e-05	-0.000159148	0.00094537	-0.000183833	0.000587399	0.000100807	0.000267504	-0.000608027	
-0.00238895	-0.000105556	-0.000961138	-0.000688705	-0.000183833	0.00228136	5.91543e-05	0.000961426	0.000656091	0.000157678	
-2.64004e-05	-0.00196367	-0.000341333	-0.000904419	0.000587399	5.91543e-05	0.00214787	0.000511472	0.0009579	-0.000430187	
-0.00097222	-0.000486011	-0.00137511	-0.000529483	0.000100807	0.000961426	0.000511472	0.00145332	0.000521768	-7.186e-05	
-0.000644229	-0.000802298	-0.000413939	-0.00127673	0.000267504	0.000656091	0.0009579	0.000521768	0.00123676	-0.000190035	
-0.000191913	0.000301576	9.95017e-05	0.000180934	-0.000608027	0.000157678	-0.000430187	-7.186e-05	-0.000190035	0.000610497	
***
>covarianceMatrix:
N
0.0025	0	
0	0.0025	
***
>covarianceMatrix:
P
0.00371349	0.000919032	0.00252275	-0.00328732	-0.000685542	-0.00230644	
0.000919032	0.00480067	0.00112139	-0.000596297	-0.00369749	-0.000678275	
0.00252275	0.00112139	0.0035222	-0.00233121	-0.000808553	-0.00297805	
-0.00328732	-0.000596297	-0.00233121	0.00330808	0.000650398	0.00237092	
-0.000685542	-0.00369749	-0.000808553	0.000650398	0.00355283	0.000716514	
-0.00230644	-0.000678275	-0.00297805	0.00237092	0.000716514	0.00307687	
***
>covarianceMatrix:
Q
0.003	0	
0	0.003	
***
>covarianceMatrix:
R
0.00696205	0.00183834	0.00311615	0.00191721	0.00148085	-0.00581451	-0.00129961	-0.00232009	-0.00157392	-0.000842714	
0.00183834	0.006187	0.00185924	-6.52649e-05	0.00197147	-0.00153948	-0.00488109	-0.00174471	0.000501823	-0.00154974	
0.00311615	0.00185924	0.00347715	0.00152243	0.00148994	-0.00247095	-0.00137236	-0.00255897	-0.00100408	-0.000884351	
0.00191721	-6.52649e-05	0.00152243	0.00372362	0.000863652	-0.00144013	0.000440035	-0.00104411	-0.00261781	-0.000391282	
0.00148085	0.00197147	0.00148994	0.000863652	0.00345715	-0.000952671	-0.00146953	-0.00106366	-8.96332e-05	-0.00219618	
-0.00581451	-0.00153948	-0.00247095	-0.00144013	-0.000952671	0.00545044	0.00149412	0.00222887	0.00147807	0.000672034	
-0.00129961	-0.00488109	-0.00137236	0.000440035	-0.00146953	0.00149412	0.00469293	0.00165435	-0.000568454	0.00132537	
-0.00232009	-0.00174471	-0.00255897	-0.00104411	-0.00106366	0.00222887	0.00165435	0.00238741	0.000822571	0.000793404	
-0.00157392	0.000501823	-0.00100408	-0.00261781	-8.96332e-05	0.00147807	-0.000568454	0.000822571	0.00291072	1.36396e-05	
-0.000842714	-0.00154974	-0.000884351	-0.000391282	-0.00219618	0.000672034	0.00132537	0.000793404	1.36396e-05	0.00185484	
***
>covarianceMatrix:
S
0.00147979	-0.000245749	0.000430156	-0.00112242	0.000411964	-0.000224694	
-0.000245749	0.00325238	0.000224648	0.000254016	-0.00286974	-0.000333309	
0.000430156	0.000224648	0.00185419	-0.000213981	-9.65412e-05	-0.00139056	
-0.00112242	0.000254016	-0.000213981	0.00108244	-0.000302819	0.000168402	
0.000411964	-0.00286974	-9.65412e-05	-0.000302819	0.00295507	0.00039222	
-0.000224694	-0.000333309	-0.00139056	0.000168402	0.00039222	0.0013545	
***
>covarianceMatrix:
T
0.00205363	0.000563281	0.000514232	-0.00164149	-0.00047871	-0.000366892	
0.000563281	0.00317029	0.000771854	-0.000397464	-0.00282082	-0.000752949	
0.000514232	0.000771854	0.00224872	-0.000340704	-0.000417773	-0.00178477	
-0.00164149	-0.000397464	-0.000340704	0.00154125	0.000474136	0.00029912	
-0.00047871	-0.00282082	-0.000417773	0.000474136	0.00316038	0.000593973	
-0.000366892	-0.000752949	-0.00178477	0.00029912	0.000593973	0.00176252	
***
>covarianceMatrix:
V
0.00201489	0.000124484	-1.54137e-06	-0.00139122	0.000110356	0.000294807	
0.000124484	0.0039709	0.0012672	6.38689e-05	-0.00332346	-0.000974884	
-1.54137e-06	0.0012672	0.00229321	0.000218334	-0.00108106	-0.00182231	
-0.00139122	6.38689e-05	0.000218334	0.00121808	-0.000118825	-0.000319501	
0.000110356	-0.00332346	-0.00108106	-0.000118825	0.00316601	0.000983553	
0.000294807	-0.000974884	-0.00182231	-0.000319501	0.000983553	0.00177156	
***
>covarianceMatrix:
Y
0.003	0	
0	0.003	
***
>covarianceMatrix:
Z
0.00432	0	
0	0.00432	
***
