>groupList:
A C D E F G H I K L
N P Q R S T V Y Z 
>stdDevSynthesisRate:
0.328976 
>numParam:
40
>numMixtures:
1
>std_stdDevSynthesisRate:
0.12
>std_phi:
***
0.140608 0.815731 0.297034 1.06045 0.371293 0.371293 0.482681 0.482681 0.482681 0.482681
0.627485 0.371293 0.297034 1.06045 0.371293 0.386145 0.627485 0.627485 0.627485 0.482681
0.482681 0.482681 0.815731 0.297034 0.815731 0.371293 0.371293 0.297034 0.815731 0.627485
0.17576 0.627485 0.482681 0.627485 0.371293 0.482681 0.28561 0.482681 0.482681 0.297034
0.371293 0.627485 0.815731 0.482681 1.06045 0.482681 0.297034 0.482681 0.2197 0.28561
0.815731 0.297034 0.815731 0.28561 0.228488 0.627485 0.28561 0.627485 0.371293 0.482681
0.371293 0.815731 0.482681 0.482681 0.482681 0.482681 0.627485 0.482681 0.371293 0.627485
0.482681 0.482681 0.482681 0.482681 0.627485 0.28561 0.815731 0.371293 0.297034 0.482681
0.371293 0.371293 0.482681 0.482681 0.627485 0.815731 0.371293 0.482681 0.482681 0.652585
0.482681 0.627485 0.482681 0.482681 0.297034 0.627485 0.501988 0.627485 0.28561 0.371293
0.627485 0.482681 0.627485 0.815731 0.482681 0.815731 0.371293 0.228488 0.371293 0.482681
0.371293 0.13 0.627485 0.371293 1.06045 0.627485 0.371293 0.815731 0.371293 0.482681
0.28561 0.482681 0.482681 0.482681 0.371293 0.627485 0.627485 0.28561 0.28561 0.815731
0.371293 0.482681 0.28561 0.28561 0.371293 0.815731 0.482681 0.371293 0.627485 0.482681
0.371293 0.386145 0.371293 0.28561 0.2197 0.482681 0.482681 0.627485 0.297034 0.371293
0.371293 0.627485 0.28561 0.482681 0.627485 0.627485 0.482681 0.482681 0.627485 0.627485
0.482681 0.627485 0.501988 0.627485 0.28561 0.482681 0.371293 0.371293 0.482681 0.228488
0.28561 0.297034 0.371293 0.815731 0.28561 0.297034 0.482681 0.237628 0.386145 0.627485
0.371293 0.482681 0.815731 0.297034 0.28561 0.2197 0.371293 0.297034 0.627485 0.482681
0.482681 0.627485 0.482681 0.371293 0.482681 0.371293 0.501988 0.371293 0.297034 0.627485
0.627485 0.627485 0.371293 0.228488 0.482681 0.815731 0.371293 0.371293 0.652585 0.627485
0.482681 0.815731 0.482681 0.627485 0.297034 0.627485 0.228488 0.482681 0.627485 0.371293
0.482681 0.371293 0.28561 0.297034 0.482681 0.815731 0.28561 0.28561 0.386145 0.386145
0.627485 0.28561 0.371293 0.482681 0.371293 0.815731 0.482681 0.627485 0.371293 0.228488
0.815731 0.627485 0.627485 0.815731 0.627485 0.297034 1.06045 0.371293 0.627485 0.371293
0.237628 0.371293 0.627485 0.627485 0.28561 0.482681 0.371293 0.482681 0.627485 0.482681
1.06045 0.482681 0.28561 0.371293 0.627485 0.28561 0.386145 0.28561 0.2197 0.371293
0.371293 0.482681 0.2197 0.627485 0.627485 0.482681 0.371293 0.482681 0.28561 0.815731
0.482681 0.371293 0.386145 0.482681 0.371293 0.17576 0.627485 0.482681 0.371293 0.28561
0.28561 0.482681 0.627485 0.386145 0.371293 0.28561 0.482681 0.28561 0.371293 0.371293
0.28561 0.482681 0.371293 0.627485 0.371293 0.371293 0.482681 1.06045 0.371293 0.371293
0.371293 0.627485 0.1352 0.815731 0.371293 0.228488 0.28561 0.28561 0.627485 0.501988
0.482681 0.482681 0.482681 0.28561 0.815731 0.627485 0.627485 0.371293 1.06045 0.371293
0.482681 0.627485 0.482681 0.482681 0.371293 0.482681 0.28561 0.2197 0.482681 0.482681
0.371293 0.482681 0.627485 0.482681 0.169 0.482681 0.627485 0.501988 0.371293 0.815731
0.371293 0.482681 0.28561 0.371293 0.482681 0.28561 0.482681 0.815731 0.28561 0.627485
0.482681 0.297034 0.28561 0.482681 0.627485 0.371293 0.627485 0.815731 0.482681 0.627485
0.627485 0.482681 0.371293 0.482681 0.28561 0.297034 0.28561 0.371293 0.371293 0.28561
0.482681 0.627485 0.482681 0.371293 0.28561 0.371293 0.482681 0.815731 0.28561 0.371293
0.28561 0.2197 0.482681 0.627485 0.169 0.28561 0.371293 0.815731 0.482681 0.371293
0.815731 0.371293 0.228488 0.627485 1.06045 0.482681 0.482681 0.815731 0.627485 0.482681
0.627485 0.482681 0.627485 0.228488 0.482681 0.1352 0.386145 0.482681 0.482681 0.627485
0.815731 0.627485 0.28561 0.627485 1.06045 0.482681 0.815731 0.371293 0.371293 0.482681
0.627485 0.2197 0.371293 0.386145 0.371293 0.2197 0.627485 0.371293 0.371293 0.627485
0.627485 0.371293 0.28561 0.482681 0.2197 0.2197 0.482681 0.482681 0.28561 0.482681
0.627485 0.28561 0.482681 0.627485 0.627485 0.17576 0.228488 0.627485 0.627485 0.815731
0.371293 0.482681 0.815731 0.482681 0.169 0.371293 0.28561 0.371293 0.386145 0.371293
0.169 0.815731 0.627485 0.371293 0.482681 0.386145 0.627485 0.627485 0.815731 0.627485
0.28561 0.482681 0.371293 0.482681 0.28561 0.297034 0.371293 0.371293 0.627485 0.815731
0.169 0.2197 0.627485 0.627485 0.815731 0.815731 0.627485 0.482681 0.627485 0.627485
0.627485 0.482681 0.371293 0.2197 0.627485 0.371293 0.815731 0.297034 0.627485 0.627485
0.371293 0.482681 0.371293 0.371293 0.627485 0.627485 0.17576 0.482681 0.815731 0.228488
0.371293 0.371293 0.28561 0.627485 0.627485 0.371293 0.627485 0.482681 0.815731 0.482681
0.627485 0.815731 0.371293 0.482681 0.627485 1.06045 0.627485 0.482681 0.2197 0.371293
0.482681 0.482681 0.627485 0.371293 0.28561 0.482681 0.482681 0.28561 0.28561 0.297034
0.815731 0.627485 0.482681 0.28561 0.627485 0.482681 0.627485 0.627485 0.297034 0.2197
0.28561 0.2197 0.28561 0.627485 1.06045 0.482681 0.169 0.297034 0.371293 0.371293
0.815731 0.627485 0.627485 0.482681 0.815731 0.28561 0.482681 0.815731 0.2197 0.371293
0.10816 0.482681 0.482681 0.482681 0.627485 0.371293 0.371293 
>categories:
0 0
>mixtureAssignment:
0 0 0 0 0 0 0 0 0 0 0 0 0 0 0 0 0 0 0 0 0 0 0 0 0 0 0 0 0 0 0 0 0 0 0 0 0 0 0 0 0 0 0 0 0 0 0 0 0 0
0 0 0 0 0 0 0 0 0 0 0 0 0 0 0 0 0 0 0 0 0 0 0 0 0 0 0 0 0 0 0 0 0 0 0 0 0 0 0 0 0 0 0 0 0 0 0 0 0 0
0 0 0 0 0 0 0 0 0 0 0 0 0 0 0 0 0 0 0 0 0 0 0 0 0 0 0 0 0 0 0 0 0 0 0 0 0 0 0 0 0 0 0 0 0 0 0 0 0 0
0 0 0 0 0 0 0 0 0 0 0 0 0 0 0 0 0 0 0 0 0 0 0 0 0 0 0 0 0 0 0 0 0 0 0 0 0 0 0 0 0 0 0 0 0 0 0 0 0 0
0 0 0 0 0 0 0 0 0 0 0 0 0 0 0 0 0 0 0 0 0 0 0 0 0 0 0 0 0 0 0 0 0 0 0 0 0 0 0 0 0 0 0 0 0 0 0 0 0 0
0 0 0 0 0 0 0 0 0 0 0 0 0 0 0 0 0 0 0 0 0 0 0 0 0 0 0 0 0 0 0 0 0 0 0 0 0 0 0 0 0 0 0 0 0 0 0 0 0 0
0 0 0 0 0 0 0 0 0 0 0 0 0 0 0 0 0 0 0 0 0 0 0 0 0 0 0 0 0 0 0 0 0 0 0 0 0 0 0 0 0 0 0 0 0 0 0 0 0 0
0 0 0 0 0 0 0 0 0 0 0 0 0 0 0 0 0 0 0 0 0 0 0 0 0 0 0 0 0 0 0 0 0 0 0 0 0 0 0 0 0 0 0 0 0 0 0 0 0 0
0 0 0 0 0 0 0 0 0 0 0 0 0 0 0 0 0 0 0 0 0 0 0 0 0 0 0 0 0 0 0 0 0 0 0 0 0 0 0 0 0 0 0 0 0 0 0 0 0 0
0 0 0 0 0 0 0 0 0 0 0 0 0 0 0 0 0 0 0 0 0 0 0 0 0 0 0 0 0 0 0 0 0 0 0 0 0 0 0 0 0 0 0 0 0 0 0 0 0 0
0 0 0 0 0 0 0 0 0 0 0 0 0 0 0 0 0 0 0 0 0 0 0 0 0 0 0 0 0 0 0 0 0 0 0 0 0 0 0 0 0 0 0 0 0 0 0 0 0 0
0 0 0 0 0 0 0 0 0 0 0 0 0 0 0 0 0 0 0 0 0 0 0 0 0 0 0 0 0 0 0 0 0 0 0 0 0 
>numMutationCategories:
1
>numSelectionCategories:
1
>categoryProbabilities:
1 
>selectionIsInMixture:
***
0 
>mutationIsInMixture:
***
0 
>obsPhiSets:
0
>currentSynthesisRateLevel:
***
1.33139 1.49197 1.21926 0.841419 1.16558 1.79394 1.20759 1.40668 0.921097 0.897117
1.34707 0.909823 0.864955 0.484573 1.46306 0.867939 0.589989 1.00869 0.727377 0.795166
0.821155 0.755337 0.699217 1.13408 0.866789 0.837685 1.24934 1.06431 1.21945 0.988534
1.25175 0.788989 0.770827 0.710205 1.35812 0.82406 0.894504 0.703369 1.22764 1.0688
1.19527 0.860441 0.730313 0.884633 0.761112 1.70254 1.06803 0.967929 1.28942 1.13134
0.576963 1.06063 1.08831 1.18392 1.26709 0.919751 1.25486 0.407018 0.813854 0.927726
1.08282 0.805949 0.931056 0.87989 1.01854 0.699181 1.21525 1.18197 0.791702 0.564357
1.09404 0.78858 1.13517 0.879707 1.03654 1.44574 0.402522 0.974022 1.25611 0.976927
1.30268 0.843931 0.781967 1.08485 0.942618 1.00335 0.868886 1.1506 0.681872 0.796037
0.736801 0.55852 0.811932 0.675796 0.902015 1.35926 1.08194 1.01449 1.1942 0.809634
0.41007 0.802002 0.976837 0.810022 1.5463 1.13116 0.897811 0.381048 1.3746 1.2356
1.1657 1.2908 0.531989 1.28543 1.24599 0.771295 1.064 0.608984 1.15941 0.845152
0.791939 0.880517 0.994643 0.721196 0.97367 0.892843 0.49965 1.26041 1.26824 0.737755
0.879736 1.13292 0.818143 1.52945 1.10201 0.843109 0.821314 0.82097 0.980837 1.45752
1.18399 0.910282 0.92944 1.43423 0.87532 1.023 0.85208 0.576558 1.0482 1.16519
0.956634 0.654961 1.31408 1.63632 0.797892 0.663559 0.968836 1.06678 1.35772 0.575706
0.810589 0.628109 0.977923 1.04276 1.57157 1.37333 0.978668 1.34689 0.986875 0.935526
1.14121 1.09183 1.34644 0.696665 1.19215 1.1231 1.3168 1.09455 1.17505 0.628958
0.836512 1.08074 0.951861 1.03878 1.5083 1.41355 0.963803 1.0682 0.58886 0.961802
0.63017 0.641279 0.677394 1.40221 1.61628 0.994664 0.758932 1.19725 1.11179 0.982452
0.902307 1.13318 1.25326 1.13862 0.532992 0.54759 1.35444 1.37845 0.868791 0.837956
0.805332 0.637809 1.20861 0.682228 1.03449 0.666151 1.18655 0.58451 0.687257 0.997244
0.714195 0.895545 1.18688 1.11146 0.752145 0.896181 1.14388 1.1337 0.947924 1.2753
0.584671 1.30442 0.857551 1.10547 0.837248 0.963264 1.23103 0.883233 0.757166 1.13882
0.566183 0.7748 0.584542 0.447517 0.711882 1.00236 1.38563 1.03026 0.874232 0.763971
1.07883 1.33739 0.610257 0.52426 1.24787 0.814737 1.16799 1.03868 0.836477 0.821891
0.861011 1.42564 1.12949 1.43273 0.752964 1.27848 1.30822 1.22964 1.19108 0.67653
0.925435 0.572123 1.19635 0.864977 0.752084 0.944408 1.31714 0.975154 0.965508 0.272581
0.720721 1.04534 0.907495 0.943455 1.2509 1.47046 0.928428 0.909068 0.982912 1.16186
0.854962 1.02757 0.544918 1.18269 0.953734 1.42284 1.00731 1.09275 0.944232 0.995031
1.29064 1.04332 0.835949 0.725434 1.015 1.09562 0.921041 0.364744 1.60351 1.22287
1.03385 0.589611 1.15143 0.455252 1.04796 0.84994 0.831695 1.33729 0.609696 0.713251
0.742697 0.982045 0.979092 1.35808 1.43448 0.48507 0.519229 1.54062 0.791539 1.31849
0.74386 0.830228 1.03742 0.944224 0.940329 0.722536 0.787867 1.42112 0.687213 1.19483
0.899567 0.6552 0.928566 0.456333 1.28171 1.24249 0.816351 0.871534 0.942573 0.943117
1.18954 0.594208 0.90256 1.20702 1.44936 0.744958 1.50737 0.808401 1.3442 1.15204
0.597591 1.00765 1.22641 1.30278 1.12028 0.940493 0.905675 0.529057 1.37137 1.28541
0.817023 1.12788 1.09495 0.650855 1.46988 1.09441 1.27777 1.27941 0.889821 1.21917
1.10383 1.31916 0.354785 0.899957 0.9164 0.856852 0.811431 0.709906 0.697221 1.01341
1.27212 1.36566 0.663865 1.20512 1.37535 1.32853 0.829784 0.925301 1.01296 0.714584
0.499878 1.16489 1.0743 0.669195 0.520753 1.21572 0.779551 0.645613 0.942722 1.29158
1.2134 1.16784 0.821175 1.32376 0.709784 1.33338 0.500649 1.17839 1.02544 0.958404
1.19598 1.13843 1.2657 0.778446 0.601298 0.801449 0.429679 1.36411 1.0551 0.482894
0.638166 1.35953 1.42278 0.911929 0.794242 1.38749 0.41004 1.08542 0.875595 1.30556
0.55832 1.20233 1.02598 0.811818 0.729901 1.39144 0.825719 1.22972 0.938837 0.988624
0.803708 1.0876 1.02765 0.311481 0.589772 1.52702 1.08127 1.11759 1.0963 0.726151
1.24675 0.529347 0.367282 1.43355 1.40616 1.31753 0.847238 1.47446 0.797508 1.13439
1.35229 0.618275 0.437665 1.10936 0.814714 1.43089 1.01201 1.06367 0.64247 0.657516
1.29694 0.822866 0.948859 1.07253 1.46608 1.3676 1.35268 1.02293 0.886672 0.862359
1.15999 1.61294 0.65742 0.76976 0.947915 0.586487 0.535814 0.600571 1.23269 1.01754
0.492601 0.923406 1.25812 1.23508 0.696331 0.973572 0.873495 0.974576 0.579065 1.16039
1.44696 0.569907 1.03803 1.23807 0.56923 1.04105 1.0834 1.11415 0.335018 1.04616
1.11447 1.29325 1.45474 1.21326 1.05157 1.34095 0.747807 0.941695 1.14615 0.864935
0.768567 0.468082 0.993745 0.840368 0.750725 0.65372 0.628408 0.84544 1.41527 1.12268
0.989205 0.676819 1.20679 1.29294 0.850977 1.12498 1.24861 1.07111 0.881523 1.47839
0.490856 1.03694 0.838748 1.00579 0.534286 0.881437 1.008 0.912866 1.22816 1.3503
1.27938 1.49329 1.4206 0.681502 0.922032 0.748291 0.985127 1.32029 0.938425 1.50541
0.977376 0.607493 0.872857 1.63304 0.774086 1.32292 0.770316 0.938867 1.54001 1.30642
1.3219 0.944379 0.876112 1.0488 0.95823 1.00619 1.02674 
>noiseOffset:
>observedSynthesisNoise:
>std_NoiseOffset:
>mutation_prior_mean:
***
0 0 0 0 0 0 0 0 0 0
0 0 0 0 0 0 0 0 0 0
0 0 0 0 0 0 0 0 0 0
0 0 0 0 0 0 0 0 0 0
>mutation_prior_sd:
***
0.35 0.35 0.35 0.35 0.35 0.35 0.35 0.35 0.35 0.35
0.35 0.35 0.35 0.35 0.35 0.35 0.35 0.35 0.35 0.35
0.35 0.35 0.35 0.35 0.35 0.35 0.35 0.35 0.35 0.35
0.35 0.35 0.35 0.35 0.35 0.35 0.35 0.35 0.35 0.35
>std_csp:
0.0107374 0.0107374 0.0107374 0.144 0.1 0.1 0.1 0.0107374 0.0107374 0.0107374
0.1728 0.0134218 0.0134218 0.1 0.0107374 0.0107374 0.0107374 0.0107374 0.0107374 0.1
0.0107374 0.0107374 0.0107374 0.12 0.0107374 0.0107374 0.0107374 0.0107374 0.0107374 0.0107374
0.0107374 0.0107374 0.0107374 0.0107374 0.0107374 0.0107374 0.0107374 0.0107374 0.12 0.20736
>currentMutationParameter:
***
0.650179 -0.548393 0.59896 -0.681701 -0.295434 0.677194 -1.05568 -1.01912 -0.694209 -0.33973
-0.580626 1.34734 -0.784139 0.72244 0.602725 -0.772686 -0.394045 0.358003 1.49691 -0.588653
-0.860692 -0.105575 -0.620541 0.12997 0.139112 0.361347 0.547816 -0.251026 -0.00499291 0.139604
-0.71076 0.0920515 0.108203 -0.826391 0.16248 0.66705 -0.580211 -0.589676 -0.821443 -0.888444
>currentSelectionParameter:
***
-0.643392 1.29038 0.437427 0.935709 1.10021 -1.35166 1.16157 -0.0800118 1.24771 0.976324
1.03924 -0.301632 1.39525 -1.3173 0.167683 1.3018 1.01876 -0.25385 -0.854668 1.16156
-0.0915534 0.851566 0.789402 -0.859171 -0.779434 0.33894 -0.786911 1.16526 0.750903 -0.318446
1.17167 0.464841 -0.180328 1.52047 0.723254 0.0825432 1.29423 1.06979 1.14296 1.27054
>covarianceMatrix:
A
0.00332313	0.00216316	0.00281121	-0.00284622	-0.00171644	-0.00228189	
0.00216316	0.00281324	0.00145842	-0.00189914	-0.00214737	-0.00125689	
0.00281121	0.00145842	0.00438276	-0.00249966	-0.00107917	-0.00356811	
-0.00284622	-0.00189914	-0.00249966	0.00272628	0.00158628	0.00217667	
-0.00171644	-0.00214737	-0.00107917	0.00158628	0.00205533	0.00106355	
-0.00228189	-0.00125689	-0.00356811	0.00217667	0.00106355	0.00342723	
***
>covarianceMatrix:
C
0.0036	0	
0	0.0036	
***
>covarianceMatrix:
D
0.0025	0	
0	0.0025	
***
>covarianceMatrix:
E
0.0025	0	
0	0.0025	
***
>covarianceMatrix:
F
0.0025	0	
0	0.0025	
***
>covarianceMatrix:
G
0.00353939	0.0037695	0.00192824	-0.0029981	-0.0035304	-0.00182827	
0.0037695	0.00797765	0.0026707	-0.00339778	-0.00729299	-0.00249095	
0.00192824	0.0026707	0.00454178	-0.00154497	-0.00244876	-0.00371431	
-0.0029981	-0.00339778	-0.00154497	0.00291644	0.00344622	0.00169068	
-0.0035304	-0.00729299	-0.00244876	0.00344622	0.00762537	0.00250947	
-0.00182827	-0.00249095	-0.00371431	0.00169068	0.00250947	0.00366093	
***
>covarianceMatrix:
H
0.00432	0	
0	0.00432	
***
>covarianceMatrix:
I
0.00314465	0.00145604	-0.00256298	-0.00117472	
0.00145604	0.00354174	-0.00127465	-0.00286806	
-0.00256298	-0.00127465	0.00235005	0.00108846	
-0.00117472	-0.00286806	0.00108846	0.00258349	
***
>covarianceMatrix:
K
0.0025	0	
0	0.0025	
***
>covarianceMatrix:
L
0.00421674	0.0016296	0.00167096	0.000531754	-0.000383803	-0.00377206	-0.00176484	-0.00176965	-0.000585583	0.0002324	
0.0016296	0.00263449	0.0011321	0.000474758	-0.000605153	-0.00154932	-0.00245233	-0.0011619	-0.000574216	0.000391946	
0.00167096	0.0011321	0.00174472	0.00035406	-0.000286304	-0.00164936	-0.00120135	-0.0015188	-0.000356285	0.000228191	
0.000531754	0.000474758	0.00035406	0.000999684	8.4565e-06	-0.000447834	-0.000512523	-0.000338814	-0.000678403	8.70148e-05	
-0.000383803	-0.000605153	-0.000286304	8.4565e-06	0.00109739	0.000558203	0.000728585	0.000405513	0.000206471	-0.000573296	
-0.00377206	-0.00154932	-0.00164936	-0.000447834	0.000558203	0.00376379	0.0017481	0.00179403	0.000598011	-0.000263916	
-0.00176484	-0.00245233	-0.00120135	-0.000512523	0.000728585	0.0017481	0.00266138	0.0013269	0.000703649	-0.000485305	
-0.00176965	-0.0011619	-0.0015188	-0.000338814	0.000405513	0.00179403	0.0013269	0.0016259	0.000436671	-0.000247791	
-0.000585583	-0.000574216	-0.000356285	-0.000678403	0.000206471	0.000598011	0.000703649	0.000436671	0.000668838	-0.000144765	
0.0002324	0.000391946	0.000228191	8.70148e-05	-0.000573296	-0.000263916	-0.000485305	-0.000247791	-0.000144765	0.000486086	
***
>covarianceMatrix:
N
0.0025	0	
0	0.0025	
***
>covarianceMatrix:
P
0.00428626	0.00334209	0.00391754	-0.00374956	-0.00302273	-0.00379064	
0.00334209	0.00658388	0.00392723	-0.0028876	-0.00561089	-0.00373535	
0.00391754	0.00392723	0.00608142	-0.00351472	-0.00361903	-0.00561042	
-0.00374956	-0.0028876	-0.00351472	0.00362589	0.00286457	0.0036664	
-0.00302273	-0.00561089	-0.00361903	0.00286457	0.00557277	0.00376382	
-0.00379064	-0.00373535	-0.00561042	0.0036664	0.00376382	0.00586303	
***
>covarianceMatrix:
Q
0.003	0	
0	0.003	
***
>covarianceMatrix:
R
0.00378136	0.00100146	0.00165427	0.00103365	0.000741384	-0.00302801	-0.000704803	-0.00118553	-0.000693443	-0.000400795	
0.00100146	0.00378663	0.00126289	-2.14901e-05	0.00113087	-0.00074414	-0.00268974	-0.000974419	0.000450055	-0.000798519	
0.00165427	0.00126289	0.0021951	0.000319983	0.000943015	-0.0011869	-0.000763233	-0.00143831	-2.97245e-05	-0.00045873	
0.00103365	-2.14901e-05	0.000319983	0.00407258	0.000518026	-0.000653057	0.000213309	-0.000135991	-0.00284963	-0.000560851	
0.000741384	0.00113087	0.000943015	0.000518026	0.00239467	-0.000299793	-0.000706027	-0.000540742	-0.000110541	-0.00136412	
-0.00302801	-0.00074414	-0.0011869	-0.000653057	-0.000299793	0.00291804	0.000821717	0.0011439	0.000669751	0.000270359	
-0.000704803	-0.00268974	-0.000763233	0.000213309	-0.000706027	0.000821717	0.00255875	0.000878931	-0.00032589	0.000677296	
-0.00118553	-0.000974419	-0.00143831	-0.000135991	-0.000540742	0.0011439	0.000878931	0.00131085	5.07063e-05	0.000393641	
-0.000693443	0.000450055	-2.97245e-05	-0.00284963	-0.000110541	0.000669751	-0.00032589	5.07063e-05	0.00283328	0.000295493	
-0.000400795	-0.000798519	-0.00045873	-0.000560851	-0.00136412	0.000270359	0.000677296	0.000393641	0.000295493	0.00121887	
***
>covarianceMatrix:
S
0.0017504	0.000782722	0.000654591	-0.00140534	-0.000741815	-0.000411493	
0.000782722	0.00350519	0.000577824	-0.000799742	-0.00299018	-0.000507226	
0.000654591	0.000577824	0.00192068	-0.00046597	-0.000470684	-0.00140938	
-0.00140534	-0.000799742	-0.00046597	0.00137149	0.00080277	0.000373105	
-0.000741815	-0.00299018	-0.000470684	0.00080277	0.00294535	0.000523712	
-0.000411493	-0.000507226	-0.00140938	0.000373105	0.000523712	0.00132609	
***
>covarianceMatrix:
T
0.00427646	0.00131278	0.00401256	-0.00385132	-0.00106025	-0.0037787	
0.00131278	0.00338072	0.00178507	-0.00112593	-0.00277832	-0.00170765	
0.00401256	0.00178507	0.00723531	-0.00378019	-0.00127535	-0.00660643	
-0.00385132	-0.00112593	-0.00378019	0.00374713	0.00105094	0.00367735	
-0.00106025	-0.00277832	-0.00127535	0.00105094	0.00280738	0.00139158	
-0.0037787	-0.00170765	-0.00660643	0.00367735	0.00139158	0.006417	
***
>covarianceMatrix:
V
0.00321823	0.000922918	0.00154489	-0.00263789	-0.000656402	-0.00130277	
0.000922918	0.00372145	0.00194514	-0.000734338	-0.00292923	-0.00162137	
0.00154489	0.00194514	0.00306951	-0.00128417	-0.00158964	-0.00253551	
-0.00263789	-0.000734338	-0.00128417	0.0025194	0.000579405	0.00118288	
-0.000656402	-0.00292923	-0.00158964	0.000579405	0.00268095	0.00146222	
-0.00130277	-0.00162137	-0.00253551	0.00118288	0.00146222	0.00241098	
***
>covarianceMatrix:
Y
0.003	0	
0	0.003	
***
>covarianceMatrix:
Z
0.005184	0	
0	0.005184	
***
