>groupList:
A C D E F G H I K L
N P Q R S T V Y Z 
>stdDevSynthesisRate:
0.335556 
>numParam:
40
>numMixtures:
1
>std_stdDevSynthesisRate:
0.144
>std_phi:
***
0.371293 0.652585 0.678688 1.14698 0.371293 0.297034 0.482681 0.482681 0.652585 0.678688
0.652585 0.482681 0.386145 0.917586 0.371293 0.501988 0.882294 0.627485 0.678688 0.522068
0.627485 0.652585 0.815731 0.371293 0.84836 0.501988 0.386145 0.386145 0.815731 0.627485
0.190102 0.627485 0.482681 0.917586 0.401591 0.627485 0.371293 0.627485 0.482681 0.386145
0.501988 0.815731 0.84836 0.522068 1.06045 0.501988 0.371293 0.652585 0.2197 0.386145
0.815731 0.371293 1.14698 0.308916 0.247133 0.917586 0.371293 0.815731 0.401591 0.417654
0.371293 0.705835 0.482681 0.652585 0.652585 0.678688 0.815731 0.54295 0.482681 0.84836
0.501988 0.501988 0.522068 0.522068 0.678688 0.297034 1.06045 0.43436 0.371293 0.482681
0.371293 0.501988 0.678688 0.522068 0.815731 0.917586 0.401591 0.627485 0.84836 0.84836
0.678688 0.84836 0.522068 0.652585 0.401591 0.882294 0.54295 0.734069 0.386145 0.522068
0.917586 0.678688 0.734069 0.815731 0.482681 1.06045 0.627485 0.334123 0.482681 0.652585
0.371293 0.112486 0.882294 0.386145 1.10287 0.54295 0.401591 0.815731 0.371293 0.652585
0.386145 0.564668 0.678688 0.627485 0.482681 0.815731 0.84836 0.28561 0.321272 1.14698
0.401591 0.522068 0.28561 0.308916 0.386145 1.06045 0.678688 0.417654 0.815731 0.482681
0.321272 0.482681 0.501988 0.308916 0.297034 0.482681 0.522068 0.882294 0.371293 0.401591
0.482681 0.84836 0.28561 0.401591 0.815731 0.678688 0.627485 0.522068 0.652585 0.815731
0.522068 0.522068 0.401591 0.627485 0.28561 0.482681 0.482681 0.347488 0.705835 0.297034
0.297034 0.417654 0.386145 0.815731 0.28561 0.386145 0.627485 0.386145 0.482681 0.84836
0.347488 0.482681 1.14698 0.417654 0.28561 0.2197 0.386145 0.386145 0.84836 0.678688
0.627485 0.815731 0.501988 0.297034 0.501988 0.501988 0.482681 0.482681 0.371293 0.705835
0.501988 0.627485 0.386145 0.297034 0.522068 0.678688 0.386145 0.371293 0.84836 0.705835
0.417654 0.84836 0.482681 0.84836 0.401591 0.678688 0.308916 0.627485 0.734069 0.401591
0.522068 0.43436 0.297034 0.401591 0.627485 0.84836 0.28561 0.401591 0.482681 0.501988
0.652585 0.28561 0.482681 0.627485 0.401591 0.705835 0.501988 0.522068 0.386145 0.334123
0.815731 0.882294 0.627485 0.882294 1.14698 0.371293 0.815731 0.417654 0.84836 0.522068
0.308916 0.371293 0.678688 0.84836 0.308916 0.627485 0.386145 0.482681 0.501988 0.501988
1.10287 0.482681 0.257018 0.308916 0.501988 0.401591 0.627485 0.308916 0.28561 0.54295
0.386145 0.627485 0.237628 0.522068 0.652585 0.501988 0.501988 0.482681 0.28561 0.882294
0.482681 0.371293 0.482681 0.522068 0.371293 0.2197 0.678688 0.522068 0.501988 0.371293
0.28561 0.627485 0.678688 0.482681 0.501988 0.371293 0.482681 0.401591 0.482681 0.371293
0.237628 0.627485 0.417654 0.882294 0.371293 0.386145 0.627485 0.882294 0.28561 0.386145
0.386145 0.678688 0.152082 0.917586 0.417654 0.228488 0.371293 0.371293 0.54295 0.84836
0.386145 0.652585 0.522068 0.401591 0.84836 0.882294 0.627485 0.417654 1.06045 0.482681
0.652585 0.652585 0.652585 0.482681 0.501988 0.678688 0.308916 0.28561 0.627485 0.417654
0.501988 0.652585 0.84836 0.678688 0.2197 0.564668 0.815731 0.386145 0.522068 0.815731
0.386145 0.522068 0.371293 0.386145 0.482681 0.386145 0.482681 0.652585 0.308916 0.652585
0.652585 0.386145 0.297034 0.522068 0.627485 0.522068 0.882294 0.917586 0.652585 0.54295
0.84836 0.627485 0.501988 0.627485 0.297034 0.371293 0.2197 0.371293 0.482681 0.371293
0.627485 0.678688 0.627485 0.371293 0.28561 0.482681 0.815731 0.882294 0.321272 0.371293
0.371293 0.297034 0.54295 0.84836 0.18279 0.321272 0.401591 1.14698 0.401591 0.522068
0.882294 0.501988 0.297034 0.627485 1.10287 0.371293 0.43436 0.84836 0.815731 0.482681
0.652585 0.482681 1.10287 0.297034 0.627485 0.17576 0.501988 0.482681 0.482681 0.652585
0.815731 0.627485 0.371293 0.917586 1.10287 0.482681 0.678688 0.371293 0.501988 0.54295
0.652585 0.308916 0.501988 0.482681 0.482681 0.28561 1.06045 0.371293 0.386145 0.705835
0.882294 0.371293 0.321272 0.522068 0.297034 0.2197 0.627485 0.386145 0.371293 0.705835
0.84836 0.28561 0.482681 0.882294 0.522068 0.17576 0.321272 0.501988 0.705835 0.84836
0.482681 0.705835 0.95429 0.501988 0.2197 0.371293 0.321272 0.308916 0.501988 0.501988
0.247133 0.882294 0.84836 0.371293 0.678688 0.386145 0.815731 0.84836 0.815731 1.06045
0.308916 0.678688 0.43436 0.482681 0.371293 0.371293 0.371293 0.482681 0.882294 0.815731
0.2197 0.257018 0.84836 0.652585 0.815731 1.06045 0.882294 0.652585 0.627485 0.652585
0.678688 0.652585 0.386145 0.18279 0.54295 0.501988 0.882294 0.386145 0.84836 0.84836
0.371293 0.54295 0.522068 0.371293 0.917586 0.734069 0.18279 0.627485 0.882294 0.297034
0.482681 0.482681 0.28561 0.501988 0.705835 0.386145 0.84836 0.501988 0.84836 0.501988
0.678688 1.10287 0.482681 0.501988 0.627485 1.06045 0.734069 0.627485 0.297034 0.482681
0.522068 0.652585 0.815731 0.401591 0.28561 0.501988 0.482681 0.371293 0.371293 0.371293
0.678688 0.652585 0.54295 0.297034 0.652585 0.501988 0.522068 0.678688 0.28561 0.28561
0.297034 0.28561 0.371293 0.815731 1.06045 0.627485 0.169 0.308916 0.522068 0.371293
0.815731 0.678688 0.501988 0.501988 0.652585 0.371293 0.482681 0.84836 0.308916 0.482681
0.13 0.652585 0.652585 0.652585 0.705835 0.482681 0.482681 
>categories:
0 0
>mixtureAssignment:
0 0 0 0 0 0 0 0 0 0 0 0 0 0 0 0 0 0 0 0 0 0 0 0 0 0 0 0 0 0 0 0 0 0 0 0 0 0 0 0 0 0 0 0 0 0 0 0 0 0
0 0 0 0 0 0 0 0 0 0 0 0 0 0 0 0 0 0 0 0 0 0 0 0 0 0 0 0 0 0 0 0 0 0 0 0 0 0 0 0 0 0 0 0 0 0 0 0 0 0
0 0 0 0 0 0 0 0 0 0 0 0 0 0 0 0 0 0 0 0 0 0 0 0 0 0 0 0 0 0 0 0 0 0 0 0 0 0 0 0 0 0 0 0 0 0 0 0 0 0
0 0 0 0 0 0 0 0 0 0 0 0 0 0 0 0 0 0 0 0 0 0 0 0 0 0 0 0 0 0 0 0 0 0 0 0 0 0 0 0 0 0 0 0 0 0 0 0 0 0
0 0 0 0 0 0 0 0 0 0 0 0 0 0 0 0 0 0 0 0 0 0 0 0 0 0 0 0 0 0 0 0 0 0 0 0 0 0 0 0 0 0 0 0 0 0 0 0 0 0
0 0 0 0 0 0 0 0 0 0 0 0 0 0 0 0 0 0 0 0 0 0 0 0 0 0 0 0 0 0 0 0 0 0 0 0 0 0 0 0 0 0 0 0 0 0 0 0 0 0
0 0 0 0 0 0 0 0 0 0 0 0 0 0 0 0 0 0 0 0 0 0 0 0 0 0 0 0 0 0 0 0 0 0 0 0 0 0 0 0 0 0 0 0 0 0 0 0 0 0
0 0 0 0 0 0 0 0 0 0 0 0 0 0 0 0 0 0 0 0 0 0 0 0 0 0 0 0 0 0 0 0 0 0 0 0 0 0 0 0 0 0 0 0 0 0 0 0 0 0
0 0 0 0 0 0 0 0 0 0 0 0 0 0 0 0 0 0 0 0 0 0 0 0 0 0 0 0 0 0 0 0 0 0 0 0 0 0 0 0 0 0 0 0 0 0 0 0 0 0
0 0 0 0 0 0 0 0 0 0 0 0 0 0 0 0 0 0 0 0 0 0 0 0 0 0 0 0 0 0 0 0 0 0 0 0 0 0 0 0 0 0 0 0 0 0 0 0 0 0
0 0 0 0 0 0 0 0 0 0 0 0 0 0 0 0 0 0 0 0 0 0 0 0 0 0 0 0 0 0 0 0 0 0 0 0 0 0 0 0 0 0 0 0 0 0 0 0 0 0
0 0 0 0 0 0 0 0 0 0 0 0 0 0 0 0 0 0 0 0 0 0 0 0 0 0 0 0 0 0 0 0 0 0 0 0 0 
>numMutationCategories:
1
>numSelectionCategories:
1
>categoryProbabilities:
1 
>selectionIsInMixture:
***
0 
>mutationIsInMixture:
***
0 
>obsPhiSets:
0
>currentSynthesisRateLevel:
***
1.31685 0.918738 1.21749 0.719998 1.01726 1.68771 1.18747 1.6443 1.04435 1.05028
1.09993 0.861002 0.952164 0.83266 1.37937 1.09229 0.532541 1.44768 0.939439 0.702516
0.721246 0.794571 0.495473 1.13299 0.903313 0.696341 1.23416 1.15125 1.26121 0.958404
1.19249 0.680672 0.884204 0.887024 1.42196 0.797949 1.0311 0.615622 1.22858 1.27621
1.30078 0.609924 0.893094 0.721465 0.956202 1.53561 1.28019 0.837953 1.32553 1.07456
0.595838 0.935536 0.699579 1.03811 1.34463 0.666983 1.29267 0.383923 0.917163 1.07907
1.22406 0.786449 1.03728 1.17075 1.01925 0.54921 1.2051 1.10184 0.80958 0.47025
0.778819 0.740394 1.16029 0.879511 1.33215 1.66019 0.357724 0.858067 1.46389 1.08956
1.45085 0.954824 0.66689 1.1267 0.997578 1.25389 0.861155 1.18348 0.883256 0.806516
0.827061 0.722046 0.613949 0.973641 0.793301 1.1837 1.10336 1.38589 1.03438 0.828367
0.499418 0.826664 1.03333 0.558568 1.47466 0.760733 0.905925 0.369268 1.23639 0.75037
1.34788 1.28552 0.55232 1.09354 0.829082 0.597772 0.835526 0.534676 1.183 0.994633
0.756261 0.993179 0.767826 0.738079 0.880818 0.957563 0.665979 1.24034 1.39587 0.781138
0.865412 1.36754 0.746326 1.31443 1.15544 0.979137 1.11951 0.899935 0.861663 1.20202
1.06026 0.875979 0.822004 1.32571 1.09597 0.889375 0.898476 0.587434 1.27679 1.09842
1.0157 0.675759 1.40844 1.42984 0.965817 0.680445 1.16791 1.11222 1.71708 0.877246
0.935421 0.666622 0.960159 1.09513 1.32443 1.40767 0.89209 1.59767 1.23609 0.967973
1.28399 1.08521 1.35828 0.664219 1.0615 1.05951 1.29426 1.09125 1.2949 0.903874
0.808687 1.47694 0.761593 1.06797 1.45664 1.41588 1.13898 1.00048 0.596686 1.15348
0.846787 0.521038 0.799512 1.35309 1.45499 0.983466 0.872244 1.31393 1.21346 1.01617
1.06974 0.806867 1.46483 1.11296 0.458586 0.835994 1.19228 1.27753 0.66992 0.594523
0.83623 0.717915 1.12951 0.629877 1.17026 0.480333 1.18356 0.637656 0.726099 1.04569
0.539707 0.927458 1.23697 1.04114 0.759905 0.776976 1.17208 1.24264 0.903598 1.49714
0.509359 1.34756 1.03378 0.848383 0.736579 0.934583 1.21767 0.990316 0.746644 1.26973
0.521251 1.04428 0.935646 0.376989 0.504684 1.08616 0.998428 0.795359 0.763726 0.784335
1.12436 1.16293 0.474938 0.476346 1.24828 0.892443 1.5977 1.03572 0.825822 1.13078
0.914512 1.14577 1.21698 1.46649 0.59168 1.24867 1.3967 1.42657 1.20718 0.713282
1.01865 0.535416 1.27028 1.38543 0.832331 0.628764 1.08308 0.992892 1.03415 0.368229
0.733304 1.22053 0.998455 0.966549 1.2692 1.60996 0.720538 1.07939 0.932794 1.01912
0.815952 0.986743 0.524845 0.934215 0.939545 1.56781 0.928949 1.02343 1.12051 1.04692
1.1347 1.18397 0.709408 0.787816 1.31091 1.15107 1.01467 0.602276 1.75508 1.15367
1.08364 0.583343 1.21712 0.485571 1.09505 0.83085 0.851264 1.45116 0.709236 0.800533
0.870432 1.37577 0.93565 1.5039 1.3238 0.42751 0.414079 1.69174 0.64796 0.990931
0.655408 0.784812 1.46175 0.807263 0.872488 0.764253 0.796658 1.48041 0.634608 0.949101
1.21897 0.507416 1.03087 0.40761 1.33893 1.05259 0.723651 0.796544 1.07411 0.724301
1.17147 0.848055 1.01285 1.28502 1.35994 0.759469 1.54127 1.02235 1.54688 1.16685
0.47275 0.893469 1.34205 1.16572 1.12094 0.945187 0.909057 0.433979 1.02088 0.677747
0.821947 1.34079 1.10044 0.634029 1.36365 0.948219 1.32498 1.38902 0.948516 1.10632
0.833141 1.0443 0.39327 1.03899 1.04638 1.02563 0.935328 0.822776 0.623546 1.21504
1.28278 1.45988 0.707457 0.856761 1.4761 1.57912 0.83361 1.07744 1.17918 0.564119
0.469277 1.1013 1.12844 0.599418 0.675259 1.33733 0.677548 0.760975 0.983461 1.25132
1.04935 1.04998 0.652046 1.34847 0.727931 1.28694 0.467414 0.971999 1.06097 0.766298
0.904673 1.10875 1.30936 0.701968 0.604993 0.811 0.438413 1.2091 1.07592 0.774918
0.753215 1.62667 1.57061 0.850424 0.611758 1.37848 0.343223 1.15189 0.897897 1.8504
0.357197 1.26018 1.19369 0.947767 0.792468 1.40661 0.751368 0.924125 0.878396 1.35512
0.644023 0.874276 1.01539 0.291104 0.857687 1.45042 1.18519 1.17262 0.995002 0.803884
1.41661 0.549676 0.500426 1.25127 1.47144 1.35 0.917669 1.48225 0.677157 1.18332
1.49299 0.63055 0.306854 1.09469 0.617909 1.48822 0.951802 1.55462 0.659406 0.736789
1.61477 0.783059 1.03643 1.22239 1.34068 1.44439 1.32634 1.06725 1.00199 1.03281
1.18293 1.44631 0.573813 0.774042 0.880668 1.09379 0.515747 0.784351 1.20007 1.33513
0.560103 0.661496 1.2381 1.30952 0.574736 1.20422 1.20744 1.06012 0.838195 1.09178
1.47483 0.60969 1.07664 1.21597 0.590755 0.736273 1.22796 1.11856 0.29831 0.969724
1.17835 1.03846 1.69537 1.48152 1.1752 1.59914 0.729562 0.988036 1.36511 0.480332
0.783007 0.50655 1.14431 0.657895 0.861331 0.9015 0.585954 0.749949 1.39717 1.00781
0.8843 0.568365 1.40909 1.33686 0.84579 1.10213 0.953889 1.26549 1.02388 1.42386
0.42243 0.793704 0.492026 1.01741 0.473688 0.679039 0.869545 0.990927 1.37594 1.40669
1.25122 1.35247 1.56052 0.578317 0.683136 0.816879 1.0137 1.2911 1.06543 1.48297
1.28885 0.642759 1.18678 1.47717 0.620696 1.39092 0.610644 0.982827 1.54188 1.23416
1.33239 0.855912 0.93225 1.13998 1.05759 1.15321 0.908431 
>noiseOffset:
>observedSynthesisNoise:
>std_NoiseOffset:
>mutation_prior_mean:
***
0 0 0 0 0 0 0 0 0 0
0 0 0 0 0 0 0 0 0 0
0 0 0 0 0 0 0 0 0 0
0 0 0 0 0 0 0 0 0 0
>mutation_prior_sd:
***
0.35 0.35 0.35 0.35 0.35 0.35 0.35 0.35 0.35 0.35
0.35 0.35 0.35 0.35 0.35 0.35 0.35 0.35 0.35 0.35
0.35 0.35 0.35 0.35 0.35 0.35 0.35 0.35 0.35 0.35
0.35 0.35 0.35 0.35 0.35 0.35 0.35 0.35 0.35 0.35
>std_csp:
0.00281475 0.00281475 0.00281475 0.1 0.1 0.1 0.1 0.064 0.064 0.064
0.13 0.00073787 0.00073787 0.1 0.04096 0.04096 0.04096 0.04096 0.04096 0.1
0.000922337 0.000922337 0.000922337 0.13 0.032768 0.032768 0.032768 0.032768 0.032768 0.00144115
0.00144115 0.00144115 0.00439805 0.00439805 0.00439805 0.000590296 0.000590296 0.000590296 0.1 0.104
>currentMutationParameter:
***
0.450127 -0.531789 0.388929 -0.419794 -0.168332 0.576534 -0.903324 -1.1054 -0.711659 -0.197278
-0.469012 1.39987 -0.607891 0.736744 0.676598 -0.549929 -0.386761 0.350356 1.44175 -0.455805
-0.909837 -0.240093 -0.876723 -0.0282674 0.0438281 0.447996 0.359552 -0.156912 0.0350201 0.133038
-0.575481 -0.0228124 0.267658 -0.797661 0.136648 0.664153 -0.546548 -0.42113 -0.657742 -1.2937
>currentSelectionParameter:
***
-0.473909 1.21425 0.651037 0.674213 0.989243 -1.20486 1.0077 0.0192323 1.26654 0.871664
1.0073 -0.346266 1.27582 -1.28884 0.0795209 1.06255 0.975646 -0.243067 -0.780747 1.02724
-0.0620253 0.953816 1.03725 -0.666588 -0.67458 0.239226 -0.57694 1.03624 0.737845 -0.315897
0.994425 0.5773 -0.349767 1.50456 0.705032 0.135929 1.2693 0.94033 1.01331 1.66231
>covarianceMatrix:
A
0.000791782	0.00011146	0.000152316	-0.000566096	-0.000102511	-0.000126616	
0.00011146	0.00174378	0.000376869	-0.000130536	-0.00139941	-0.000107423	
0.000152316	0.000376869	0.00234296	-0.000133148	-0.000185296	-0.00203023	
-0.000566096	-0.000130536	-0.000133148	0.00056645	0.000151067	0.000150449	
-0.000102511	-0.00139941	-0.000185296	0.000151067	0.00151667	5.83525e-05	
-0.000126616	-0.000107423	-0.00203023	0.000150449	5.83525e-05	0.0021238	
***
>covarianceMatrix:
C
0.0113609	-0.00998221	
-0.00998221	0.010465	
***
>covarianceMatrix:
D
0.00574295	-0.00488876	
-0.00488876	0.00554881	
***
>covarianceMatrix:
E
0.0025	0	
0	0.0025	
***
>covarianceMatrix:
F
0.00559847	-0.00467374	
-0.00467374	0.0046464	
***
>covarianceMatrix:
G
0.0013608	0.00108774	0.000672791	-0.000948225	-0.00101045	-0.000647671	
0.00108774	0.00340824	0.00112177	-0.000957348	-0.00280296	-0.00053398	
0.000672791	0.00112177	0.002356	-0.000596488	-0.000994102	-0.00195065	
-0.000948225	-0.000957348	-0.000596488	0.0011799	0.00100376	0.000671442	
-0.00101045	-0.00280296	-0.000994102	0.00100376	0.00303489	0.000640445	
-0.000647671	-0.00053398	-0.00195065	0.000671442	0.000640445	0.00267211	
***
>covarianceMatrix:
H
0.013116	-0.0116032	
-0.0116032	0.0119135	
***
>covarianceMatrix:
I
0.00207561	0.000564205	-0.00155217	-0.00032047	
0.000564205	0.0018347	-0.000463238	-0.00140277	
-0.00155217	-0.000463238	0.00138696	0.000298166	
-0.00032047	-0.00140277	0.000298166	0.00140924	
***
>covarianceMatrix:
K
0.0025	0	
0	0.0025	
***
>covarianceMatrix:
L
0.000726801	-0.000129959	9.19787e-05	9.41413e-05	0.000166195	-0.000538137	0.0001965	-1.01965e-05	-3.40011e-05	-8.77168e-05	
-0.000129959	0.000636912	0.000177185	6.77089e-05	9.75906e-05	0.000180765	-0.000469445	-7.81329e-05	-2.8839e-05	-9.66122e-05	
9.19787e-05	0.000177185	0.000493784	2.91998e-05	-4.68741e-05	-5.56175e-05	-8.62526e-05	-0.000316313	8.43858e-06	4.39223e-05	
9.41413e-05	6.77089e-05	2.91998e-05	0.000400804	0.000168328	-3.43017e-05	-2.56014e-05	4.5063e-05	-0.000244121	-0.00010874	
0.000166195	9.75906e-05	-4.68741e-05	0.000168328	0.00058641	-6.6796e-05	-1.95376e-05	9.67529e-05	-0.000114096	-0.000431602	
-0.000538137	0.000180765	-5.56175e-05	-3.43017e-05	-6.6796e-05	0.000506583	-0.000195928	6.68105e-06	1.01771e-05	1.87049e-05	
0.0001965	-0.000469445	-8.62526e-05	-2.56014e-05	-1.95376e-05	-0.000195928	0.000465436	7.74711e-05	1.39085e-05	3.95946e-05	
-1.01965e-05	-7.81329e-05	-0.000316313	4.5063e-05	9.67529e-05	6.68105e-06	7.74711e-05	0.000333649	-4.32834e-05	-8.46581e-05	
-3.40011e-05	-2.8839e-05	8.43858e-06	-0.000244121	-0.000114096	1.01771e-05	1.39085e-05	-4.32834e-05	0.000194171	8.57493e-05	
-8.77168e-05	-9.66122e-05	4.39223e-05	-0.00010874	-0.000431602	1.87049e-05	3.95946e-05	-8.46581e-05	8.57493e-05	0.000388858	
***
>covarianceMatrix:
N
0.00605899	-0.0044844	
-0.0044844	0.00619448	
***
>covarianceMatrix:
P
0.00275797	0.00249803	0.00140123	-0.00232802	-0.00210261	-0.000933014	
0.00249803	0.00416828	0.00166855	-0.00210317	-0.00319724	-0.00101109	
0.00140123	0.00166855	0.00228218	-0.0010984	-0.00113912	-0.00159383	
-0.00232802	-0.00210317	-0.0010984	0.00214782	0.00191673	0.00083106	
-0.00210261	-0.00319724	-0.00113912	0.00191673	0.00292758	0.000787215	
-0.000933014	-0.00101109	-0.00159383	0.00083106	0.000787215	0.00145492	
***
>covarianceMatrix:
Q
0.00679237	-0.00527507	
-0.00527507	0.00660483	
***
>covarianceMatrix:
R
0.00107816	0.000267717	0.000277302	0.000126941	0.000487407	-0.000804853	-0.000127413	-0.000132436	2.66588e-05	-0.000408788	
0.000267717	0.000884525	-4.355e-05	0.000150045	0.000407336	-0.000171673	-0.000525375	0.00010146	-1.36686e-05	-0.000299411	
0.000277302	-4.355e-05	0.000550923	3.02923e-05	-9.92384e-05	-9.30662e-05	0.000158615	-0.0003012	6.5069e-05	0.000214535	
0.000126941	0.000150045	3.02923e-05	0.000872179	0.000362639	-3.22337e-05	-6.19483e-05	5.49377e-05	-0.000632914	-0.00013391	
0.000487407	0.000407336	-9.92384e-05	0.000362639	0.00105881	-0.000363267	-0.000214384	0.000175009	-0.000152904	-0.000707102	
-0.000804853	-0.000171673	-9.30662e-05	-3.22337e-05	-0.000363267	0.000767092	0.000150257	0.000103872	-3.76688e-05	0.000428366	
-0.000127413	-0.000525375	0.000158615	-6.19483e-05	-0.000214384	0.000150257	0.000587121	-9.24993e-05	6.37647e-05	0.000265155	
-0.000132436	0.00010146	-0.0003012	5.49377e-05	0.000175009	0.000103872	-9.24993e-05	0.000271468	-8.70246e-05	-0.000139986	
2.66588e-05	-1.36686e-05	6.5069e-05	-0.000632914	-0.000152904	-3.76688e-05	6.37647e-05	-8.70246e-05	0.000797591	7.80246e-05	
-0.000408788	-0.000299411	0.000214535	-0.00013391	-0.000707102	0.000428366	0.000265155	-0.000139986	7.80246e-05	0.000735911	
***
>covarianceMatrix:
S
0.00124426	0.000564892	0.000296999	-0.00103987	-0.000470594	-0.000217224	
0.000564892	0.00143337	0.000699941	-0.000453653	-0.00119056	-0.000523397	
0.000296999	0.000699941	0.00112067	-0.000234389	-0.000589937	-0.000849273	
-0.00103987	-0.000453653	-0.000234389	0.00100117	0.000439087	0.000224247	
-0.000470594	-0.00119056	-0.000589937	0.000439087	0.00126877	0.000543767	
-0.000217224	-0.000523397	-0.000849273	0.000224247	0.000543767	0.000806376	
***
>covarianceMatrix:
T
0.00130083	0.000188243	0.000667427	-0.000990474	-0.000186456	-0.000738922	
0.000188243	0.00134287	0.000664932	-0.000145468	-0.000949519	-0.000501652	
0.000667427	0.000664932	0.00215421	-0.000592944	-0.000573882	-0.00190483	
-0.000990474	-0.000145468	-0.000592944	0.00092335	0.000189604	0.000692196	
-0.000186456	-0.000949519	-0.000573882	0.000189604	0.000867769	0.000534288	
-0.000738922	-0.000501652	-0.00190483	0.000692196	0.000534288	0.00196301	
***
>covarianceMatrix:
V
0.00162236	0.0007038	0.000231583	-0.00127277	-0.000777204	-0.000212572	
0.0007038	0.00216826	0.000491545	-0.000594329	-0.00166943	-0.000165598	
0.000231583	0.000491545	0.000929102	-0.000169197	-0.000271224	-0.000602363	
-0.00127277	-0.000594329	-0.000169197	0.00118474	0.00074156	0.000235815	
-0.000777204	-0.00166943	-0.000271224	0.00074156	0.00160008	0.000179446	
-0.000212572	-0.000165598	-0.000602363	0.000235815	0.000179446	0.00061639	
***
>covarianceMatrix:
Y
0.0109816	-0.00986171	
-0.00986171	0.0100699	
***
>covarianceMatrix:
Z
0.0144722	-0.0135169	
-0.0135169	0.0143369	
***
