>groupList:
A C D E F G H I K L
N P Q R S T V Y Z 
>stdDevSynthesisRate:
0.846623 
>numParam:
40
>numMixtures:
1
>std_stdDevSynthesisRate:
0.20736
>std_phi:
***
0.815731 0.371293 0.371293 0.815731 0.371293 0.28561 0.371293 0.371293 0.371293 0.371293
0.371293 0.627485 0.815731 0.482681 0.371293 0.482681 1.06045 0.482681 0.371293 0.371293
0.28561 0.482681 1.37858 0.482681 0.815731 0.28561 0.482681 0.371293 0.482681 0.815731
1.37858 0.482681 0.371293 1.37858 0.386145 0.28561 0.28561 0.371293 0.84836 1.06045
0.2197 0.28561 0.627485 0.371293 0.627485 0.371293 1.37858 0.815731 0.297034 0.371293
1.37858 0.28561 1.06045 1.37858 0.371293 1.37858 0.371293 0.815731 0.627485 0.371293
0.627485 0.815731 1.37858 0.371293 0.482681 0.371293 0.371293 0.815731 0.815731 0.371293
0.815731 0.482681 0.627485 0.371293 1.37858 0.371293 0.482681 0.482681 0.815731 0.815731
0.371293 1.06045 0.371293 0.28561 0.482681 1.06045 0.627485 0.371293 0.627485 0.482681
0.482681 0.627485 0.482681 0.28561 0.482681 0.28561 1.06045 0.815731 0.371293 0.28561
1.06045 1.06045 0.482681 1.37858 0.482681 1.06045 1.06045 0.627485 0.627485 0.815731
0.815731 0.627485 0.627485 0.2197 1.37858 0.627485 0.371293 0.482681 0.815731 0.815731
0.371293 0.371293 0.371293 0.627485 0.815731 0.627485 1.06045 0.28561 0.815731 0.28561
0.627485 0.28561 1.06045 0.482681 0.482681 0.482681 0.815731 0.371293 0.371293 0.627485
1.06045 1.37858 0.28561 0.371293 1.06045 1.37858 0.482681 0.28561 1.37858 0.627485
0.28561 1.37858 0.815731 1.06045 0.482681 0.815731 0.371293 0.627485 0.627485 0.28561
0.371293 0.627485 0.627485 0.371293 0.482681 1.37858 0.627485 0.2197 0.371293 1.06045
0.627485 0.627485 1.06045 0.371293 1.37858 0.627485 0.371293 0.815731 0.627485 0.482681
0.371293 0.815731 0.2197 0.482681 0.371293 1.37858 0.28561 0.371293 0.627485 0.169
0.371293 0.371293 0.627485 0.371293 0.815731 0.482681 0.371293 0.627485 0.627485 0.482681
>categories:
0 0
>mixtureAssignment:
0 0 0 0 0 0 0 0 0 0 0 0 0 0 0 0 0 0 0 0 0 0 0 0 0 0 0 0 0 0 0 0 0 0 0 0 0 0 0 0 0 0 0 0 0 0 0 0 0 0
0 0 0 0 0 0 0 0 0 0 0 0 0 0 0 0 0 0 0 0 0 0 0 0 0 0 0 0 0 0 0 0 0 0 0 0 0 0 0 0 0 0 0 0 0 0 0 0 0 0
0 0 0 0 0 0 0 0 0 0 0 0 0 0 0 0 0 0 0 0 0 0 0 0 0 0 0 0 0 0 0 0 0 0 0 0 0 0 0 0 0 0 0 0 0 0 0 0 0 0
0 0 0 0 0 0 0 0 0 0 0 0 0 0 0 0 0 0 0 0 0 0 0 0 0 0 0 0 0 0 0 0 0 0 0 0 0 0 0 0 0 0 0 0 0 0 0 0 0 0
>numMutationCategories:
1
>numSelectionCategories:
1
>categoryProbabilities:
1 
>selectionIsInMixture:
***
0 
>mutationIsInMixture:
***
0 
>obsPhiSets:
0
>currentSynthesisRateLevel:
***
0.447564 1.55772 1.02472 0.307979 0.864184 1.22461 0.986605 0.781717 0.995267 1.79499
1.70942 0.569862 0.505635 0.32415 1.62424 0.783018 0.328845 0.346006 0.31511 1.12023
0.697809 0.681121 0.143466 1.04044 0.19499 1.59679 0.441209 1.04669 0.861707 0.343445
0.206545 0.589974 0.598887 0.151113 0.744405 0.472044 1.40238 1.19814 0.186561 0.277661
0.950716 2.163 0.256826 2.12139 0.250455 1.93797 0.509322 1.22798 0.546153 1.99205
0.52551 1.64662 0.176037 0.151707 0.336754 0.186539 1.26758 0.261765 1.33527 0.804062
0.899336 0.222345 0.0534414 1.01132 0.486537 1.04417 1.75331 0.45056 0.335267 0.848739
0.251394 0.797126 0.497016 1.09727 0.0980979 0.927937 0.363845 0.583399 1.28223 0.472679
0.353762 0.323128 0.614561 2.01618 0.718033 0.231848 0.3191 0.742985 0.287051 0.291418
2.07741 0.77017 0.638612 2.23191 0.308004 1.82173 0.533383 0.455783 1.12045 0.88492
0.345785 0.102791 0.470149 0.143491 0.692693 0.251429 0.251185 0.457207 1.40995 0.409025
0.277532 0.752858 0.350665 0.555329 0.161684 0.823491 0.67044 0.649724 0.308987 0.260278
0.733201 0.883767 0.84619 0.441094 0.409145 0.591191 0.229882 1.01861 0.293658 0.735841
0.531601 1.91076 0.326947 1.59077 0.432606 0.632737 0.429862 0.969167 2.65939 0.43662
0.160444 0.176919 0.316552 2.29814 0.34924 0.172694 0.782124 0.44025 0.178719 0.443911
1.70497 0.201923 0.381338 0.294815 0.974638 0.330413 0.496072 1.04586 0.405512 2.27324
0.563023 0.475042 0.680351 0.646552 0.3492 0.0718234 0.312168 0.671122 1.06518 0.356649
0.774741 0.564922 0.311675 1.76592 0.0544454 1.01206 0.511413 0.245225 0.535399 1.90609
0.688193 0.485893 0.782538 0.46175 2.0384 0.175661 0.790425 1.32274 1.8346 0.76661
0.436228 0.433351 0.803836 1.91491 0.894878 0.355433 0.619871 0.401755 0.677579 1.61167
>noiseOffset:
>observedSynthesisNoise:
>std_NoiseOffset:
>mutation_prior_mean:
***
0 0 0 0 0 0 0 0 0 0
0 0 0 0 0 0 0 0 0 0
0 0 0 0 0 0 0 0 0 0
0 0 0 0 0 0 0 0 0 0
>mutation_prior_sd:
***
0.35 0.35 0.35 0.35 0.35 0.35 0.35 0.35 0.35 0.35
0.35 0.35 0.35 0.35 0.35 0.35 0.35 0.35 0.35 0.35
0.35 0.35 0.35 0.35 0.35 0.35 0.35 0.35 0.35 0.35
0.35 0.35 0.35 0.35 0.35 0.35 0.35 0.35 0.35 0.35
>std_csp:
0.0512 0.0512 0.0512 0.28561 0.371293 0.13 0.13 0.08 0.08 0.08
0.482681 0.0512 0.0512 0.13 0.064 0.064 0.064 0.064 0.064 0.13
0.1 0.1 0.1 0.815731 0.064 0.064 0.064 0.064 0.064 0.08
0.08 0.08 0.08 0.08 0.08 0.064 0.064 0.064 0.2197 0.2197
>currentMutationParameter:
***
-0.224499 0.999899 0.753848 0.744017 0.954286 -0.895428 0.400195 -0.875619 0.318567 0.400358
0.640538 0.628562 0.870699 -0.852851 0.52293 0.850309 0.479974 0.282622 0.147883 0.69929
-0.336156 0.703349 0.187797 -0.624584 -1.11405 -0.17847 -0.510775 0.952394 0.400558 -0.471692
0.559633 0.402589 -0.279661 0.854809 0.832903 0.169486 0.731124 0.373454 0.577486 0.671126
>currentSelectionParameter:
***
1.1396 -0.666027 1.80886 -1.3052 -0.709514 1.14114 -1.75726 -1.06023 0.336117 0.913855
-0.867651 3.27601 -0.973975 1.73346 1.42815 -1.16833 0.277421 -0.886004 2.30533 -1.13907
-2.61197 0.210424 -0.290052 -0.311194 1.05299 3.41746 2.13712 -0.210422 1.87317 0.899364
-0.450901 0.530115 0.869772 -0.754279 0.949569 1.88321 -0.410033 0.39437 -1.1015 -1.1619
>covarianceMatrix:
A
0.00124816	0.000260926	0.000458051	-0.00112904	-0.000174976	-7.69396e-05	
0.000260926	0.00124749	0.000365733	-0.00019654	-0.000999943	-0.000538355	
0.000458051	0.000365733	0.00247696	-0.000303403	-0.0003497	-0.00277563	
-0.00112904	-0.00019654	-0.000303403	0.0019124	0.000161415	0.000420044	
-0.000174976	-0.000999943	-0.0003497	0.000161415	0.00121247	0.000601336	
-7.69396e-05	-0.000538355	-0.00277563	0.000420044	0.000601336	0.00567594	
***
>covarianceMatrix:
C
0.00755741	-0.00731397	
-0.00731397	0.0142242	
***
>covarianceMatrix:
D
0.0041524	-0.00458628	
-0.00458628	0.008562	
***
>covarianceMatrix:
E
0.00693827	-0.00632877	
-0.00632877	0.0106089	
***
>covarianceMatrix:
F
0.00905206	-0.0109989	
-0.0109989	0.0187319	
***
>covarianceMatrix:
G
0.0021636	0.000305286	-5.49906e-05	-0.0019622	-0.00038482	-4.44994e-05	
0.000305286	0.00184086	0.000435175	-0.000332886	-0.00152758	-0.000603285	
-5.49906e-05	0.000435175	0.00309973	0.000284238	-0.00033387	-0.00254126	
-0.0019622	-0.000332886	0.000284238	0.00335736	0.000723256	7.57705e-05	
-0.00038482	-0.00152758	-0.00033387	0.000723256	0.00320152	0.000921383	
-4.44994e-05	-0.000603285	-0.00254126	7.57705e-05	0.000921383	0.00437766	
***
>covarianceMatrix:
H
0.00837217	-0.00893526	
-0.00893526	0.0167376	
***
>covarianceMatrix:
I
0.0113042	-0.000776863	-0.0193759	-0.000468584	
-0.000776863	0.00225734	-0.0010646	-0.00231419	
-0.0193759	-0.0010646	0.0669026	0.00223441	
-0.000468584	-0.00231419	0.00223441	0.00449439	
***
>covarianceMatrix:
K
0.00766279	-0.00892072	
-0.00892072	0.0144564	
***
>covarianceMatrix:
L
0.000772017	-1.99097e-05	4.75276e-05	0.000192616	0.000405962	-0.000624054	0.000170201	2.69313e-05	-0.000104501	-0.000686588	
-1.99097e-05	0.000785498	4.15144e-05	0.000275121	-0.000422001	-0.000120735	-0.000580637	-4.89624e-05	-0.000317061	0.00067964	
4.75276e-05	4.15144e-05	0.000523418	-1.9702e-05	-0.000372671	-0.000125641	-0.000108848	-0.000624119	-1.76392e-05	0.000584273	
0.000192616	0.000275121	-1.9702e-05	0.000625991	8.32126e-05	-0.000246496	-7.12092e-05	0.000155397	-0.000407983	-4.68718e-05	
0.000405962	-0.000422001	-0.000372671	8.32126e-05	0.00214829	7.96607e-05	0.000819691	0.000972256	0.000208122	-0.00298508	
-0.000624054	-0.000120735	-0.000125641	-0.000246496	7.96607e-05	0.00150456	1.31197e-05	0.000263184	0.000247398	0.000368429	
0.000170201	-0.000580637	-0.000108848	-7.12092e-05	0.000819691	1.31197e-05	0.000916812	0.000306206	0.00027437	-0.00133393	
2.69313e-05	-4.89624e-05	-0.000624119	0.000155397	0.000972256	0.000263184	0.000306206	0.0014613	1.31076e-05	-0.00136421	
-0.000104501	-0.000317061	-1.76392e-05	-0.000407983	0.000208122	0.000247398	0.00027437	1.31076e-05	0.00058671	-0.000404451	
-0.000686588	0.00067964	0.000584273	-4.68718e-05	-0.00298508	0.000368429	-0.00133393	-0.00136421	-0.000404451	0.00542283	
***
>covarianceMatrix:
N
0.00798853	-0.00772503	
-0.00772503	0.0126326	
***
>covarianceMatrix:
P
0.0025	0	0	0	0	0	
0	0.0025	0	0	0	0	
0	0	0.0025	0	0	0	
0	0	0	0.0025	0	0	
0	0	0	0	0.0025	0	
0	0	0	0	0	0.0025	
***
>covarianceMatrix:
Q
0.00423585	-0.00419894	
-0.00419894	0.00742004	
***
>covarianceMatrix:
R
0.000991731	0.000408666	0.000374621	-9.57861e-06	0.000645763	-0.00104984	0.000310969	-0.000335135	9.86075e-05	-0.000953856	
0.000408666	0.00174587	-0.000142138	-0.000138504	0.000327387	-0.000466181	-0.00184189	0.000238118	0.000458425	-0.000559742	
0.000374621	-0.000142138	0.00215921	0.000368051	0.000344687	-8.1851e-05	0.00207529	-0.00228572	-0.000266244	0.000260413	
-9.57861e-06	-0.000138504	0.000368051	0.00109667	0.000451556	0.000195774	0.000355568	-0.000305797	-0.000617291	-0.000683605	
0.000645763	0.000327387	0.000344687	0.000451556	0.00311092	-0.00085695	0.00100238	0.000127779	-0.000201616	-0.00375541	
-0.00104984	-0.000466181	-8.1851e-05	0.000195774	-0.00085695	0.0017765	0.000136824	0.000183211	-0.000196439	0.00165431	
0.000310969	-0.00184189	0.00207529	0.000355568	0.00100238	0.000136824	0.00782237	-0.00194309	-0.000780045	0.00043061	
-0.000335135	0.000238118	-0.00228572	-0.000305797	0.000127779	0.000183211	-0.00194309	0.00364648	0.00016941	-0.000686747	
9.86075e-05	0.000458425	-0.000266244	-0.000617291	-0.000201616	-0.000196439	-0.000780045	0.00016941	0.000812001	0.000377628	
-0.000953856	-0.000559742	0.000260413	-0.000683605	-0.00375541	0.00165431	0.00043061	-0.000686747	0.000377628	0.0073791	
***
>covarianceMatrix:
S
0.00209986	-0.000494737	0.000272889	-0.00173526	0.000690482	-0.000186119	
-0.000494737	0.00154758	9.51144e-05	0.000823127	-0.000693063	-2.07561e-05	
0.000272889	9.51144e-05	0.0013122	-0.000266746	-1.86593e-05	-0.000521297	
-0.00173526	0.000823127	-0.000266746	0.00342633	-0.000986467	0.000284164	
0.000690482	-0.000693063	-1.86593e-05	-0.000986467	0.00168207	0.000145757	
-0.000186119	-2.07561e-05	-0.000521297	0.000284164	0.000145757	0.00174695	
***
>covarianceMatrix:
T
0.00239295	-0.000199558	0.00127037	-0.00280149	0.000346334	-0.000595988	
-0.000199558	0.00206479	0.00045491	2.1204e-06	-0.00167148	-0.00195949	
0.00127037	0.00045491	0.00381506	-0.000589408	-0.000556473	-0.00465157	
-0.00280149	2.1204e-06	-0.000589408	0.00758283	-5.40166e-05	0.000839141	
0.000346334	-0.00167148	-0.000556473	-5.40166e-05	0.0033324	0.00264871	
-0.000595988	-0.00195949	-0.00465157	0.000839141	0.00264871	0.012688	
***
>covarianceMatrix:
V
0.00201263	-0.000135197	0.000229629	-0.00233476	0.000261058	-7.76372e-05	
-0.000135197	0.00123619	0.000115821	0.000211196	-0.00101829	-6.11712e-05	
0.000229629	0.000115821	0.00129298	-0.000156415	-7.47862e-05	-0.00105246	
-0.00233476	0.000211196	-0.000156415	0.0046796	-0.000337444	0.000292846	
0.000261058	-0.00101829	-7.47862e-05	-0.000337444	0.00142517	0.000116371	
-7.76372e-05	-6.11712e-05	-0.00105246	0.000292846	0.000116371	0.00173708	
***
>covarianceMatrix:
Y
0.0050625	-0.00604584	
-0.00604584	0.0116204	
***
>covarianceMatrix:
Z
0.0129655	-0.0169333	
-0.0169333	0.0332123	
***
