>groupList:
A C D E F G H I K L
N P Q R S T V Y Z 
>stdDevSynthesisRate:
0.788459 
>numParam:
40
>numMixtures:
1
>std_stdDevSynthesisRate:
0.1728
>std_phi:
***
0.627485 0.482681 0.627485 0.482681 1.06045 1.06045 0.815731 1.06045 0.815731 1.06045
0.627485 1.06045 0.371293 1.06045 0.371293 0.28561 0.482681 1.06045 0.652585 0.371293
0.28561 1.06045 1.06045 1.06045 0.371293 0.371293 0.815731 0.371293 1.06045 1.06045
1.06045 0.627485 1.06045 1.06045 1.06045 0.627485 1.06045 0.627485 0.371293 1.06045
0.627485 0.815731 0.815731 0.482681 1.06045 1.06045 1.06045 1.06045 0.815731 0.815731
1.06045 0.371293 1.06045 1.06045 0.815731 1.06045 0.815731 1.06045 0.627485 0.815731
0.627485 0.815731 1.06045 1.06045 0.371293 0.815731 0.815731 0.482681 1.06045 1.06045
1.06045 0.482681 0.815731 0.371293 1.06045 1.06045 1.06045 1.06045 0.815731 1.06045
0.815731 0.815731 1.06045 1.06045 0.482681 0.627485 1.06045 1.06045 1.06045 0.627485
1.06045 1.06045 1.06045 0.815731 1.06045 1.06045 0.815731 0.482681 1.06045 0.28561
0.815731 1.06045 0.627485 0.28561 1.06045 0.627485 0.482681 0.815731 0.627485 1.06045
1.06045 1.06045 0.815731 1.06045 1.06045 1.06045 0.482681 1.06045 1.06045 1.06045
1.06045 1.06045 1.06045 1.06045 1.06045 1.06045 0.482681 1.06045 1.06045 1.06045
1.06045 0.482681 0.815731 0.482681 1.06045 1.06045 0.627485 1.06045 1.06045 1.06045
0.815731 0.815731 1.06045 0.815731 0.815731 1.06045 0.815731 0.815731 1.06045 1.06045
0.815731 0.371293 0.815731 0.482681 1.06045 0.815731 1.06045 1.06045 0.815731 0.627485
1.06045 1.06045 0.482681 1.06045 1.06045 0.169 1.06045 0.627485 1.06045 1.06045
0.627485 0.815731 0.815731 0.627485 1.06045 1.06045 1.06045 0.371293 1.06045 0.482681
0.815731 1.06045 0.815731 0.28561 0.627485 1.06045 1.06045 0.815731 1.06045 1.06045
0.815731 1.06045 0.627485 1.06045 0.815731 0.815731 0.815731 1.06045 0.815731 0.371293
0.371293 0.627485 0.482681 0.371293 0.482681 0.815731 1.06045 0.815731 0.28561 0.815731
0.627485 1.06045 0.627485 1.06045 0.627485 0.627485 1.06045 1.06045 0.371293 0.815731
1.06045 1.06045 0.815731 1.06045 0.815731 0.627485 1.06045 0.627485 0.482681 0.501988
0.627485 0.482681 0.627485 0.815731 0.627485 0.815731 1.06045 0.815731 
>categories:
0 0
>mixtureAssignment:
0 0 0 0 0 0 0 0 0 0 0 0 0 0 0 0 0 0 0 0 0 0 0 0 0 0 0 0 0 0 0 0 0 0 0 0 0 0 0 0 0 0 0 0 0 0 0 0 0 0
0 0 0 0 0 0 0 0 0 0 0 0 0 0 0 0 0 0 0 0 0 0 0 0 0 0 0 0 0 0 0 0 0 0 0 0 0 0 0 0 0 0 0 0 0 0 0 0 0 0
0 0 0 0 0 0 0 0 0 0 0 0 0 0 0 0 0 0 0 0 0 0 0 0 0 0 0 0 0 0 0 0 0 0 0 0 0 0 0 0 0 0 0 0 0 0 0 0 0 0
0 0 0 0 0 0 0 0 0 0 0 0 0 0 0 0 0 0 0 0 0 0 0 0 0 0 0 0 0 0 0 0 0 0 0 0 0 0 0 0 0 0 0 0 0 0 0 0 0 0
0 0 0 0 0 0 0 0 0 0 0 0 0 0 0 0 0 0 0 0 0 0 0 0 0 0 0 0 0 0 0 0 0 0 0 0 0 0 
>numMutationCategories:
1
>numSelectionCategories:
1
>categoryProbabilities:
1 
>selectionIsInMixture:
***
0 
>mutationIsInMixture:
***
0 
>obsPhiSets:
0
>currentSynthesisRateLevel:
***
0.937269 1.54547 1.34327 0.670864 1.45614 0.169531 1.41958 0.807881 0.805838 0.878462
1.07283 0.580045 2.23782 0.334382 1.39311 3.21578 1.53998 0.76743 0.584541 2.00262
1.8998 0.213357 0.999744 0.189644 1.97972 1.78819 0.869425 2.7377 0.315183 0.601596
1.32718 1.48708 0.594483 0.670826 0.287584 0.965613 0.234613 0.97856 1.04191 0.301784
0.994219 0.655202 0.840586 2.1915 0.0802226 0.810418 0.721099 0.201146 0.174418 1.37108
0.112915 2.81269 0.286627 0.41461 0.4325 0.689647 1.62842 0.55863 0.749109 2.40246
0.523482 1.12734 0.466717 0.588137 1.68675 0.461067 0.927692 1.81503 0.791509 0.657699
0.288315 1.6073 0.734225 2.00455 0.400372 1.00703 0.936138 0.0762208 0.569724 0.222809
0.984681 0.505302 0.340382 0.21187 2.04541 1.03404 1.04406 0.255253 0.549882 0.76725
0.649829 0.831518 0.420007 1.52904 0.329383 0.629289 0.521241 2.27624 0.656944 1.73479
0.849744 0.259223 0.698366 1.04921 0.246704 0.756902 1.61539 0.678834 0.623499 0.384654
0.507885 0.411813 0.770996 1.40009 1.42648 0.288356 1.75261 0.32265 0.352892 0.938318
0.577777 0.245521 0.237038 0.954652 0.155838 0.458282 0.924224 1.17747 0.761392 0.662674
0.685222 2.3297 1.5631 1.23617 0.486303 0.308934 1.00197 0.352071 0.277773 0.260267
0.633928 1.41877 0.402159 1.02644 0.460469 0.338355 2.07539 0.642179 0.421394 0.52862
0.859969 1.11623 0.408625 1.25414 0.336446 0.554682 1.04136 0.890518 1.24976 0.889305
0.421236 0.294799 1.18246 0.348829 0.756153 1.89646 1.08649 0.698607 0.128963 0.142693
2.30389 0.559184 0.91647 0.693378 0.466055 0.542635 0.275909 1.48851 0.311388 0.704304
0.552657 0.291534 1.17135 1.89621 0.967111 0.241235 0.273187 0.61141 0.550449 0.247643
0.700406 0.419377 1.27644 1.11744 0.907467 0.39838 1.01273 0.666206 0.553408 1.50532
1.61963 0.836832 1.62004 1.33427 1.76347 1.25028 0.232585 0.687463 1.44105 1.96007
0.879297 0.182698 1.28769 1.67454 2.04307 0.897073 0.191541 0.575362 1.31979 0.628468
0.171824 0.142184 1.01357 0.143281 1.35113 0.670147 0.174638 1.5269 1.07007 0.584105
0.988661 1.47855 1.01319 0.418481 1.00939 0.600996 0.729823 0.318394 
>noiseOffset:
>observedSynthesisNoise:
>std_NoiseOffset:
>mutation_prior_mean:
***
0 0 0 0 0 0 0 0 0 0
0 0 0 0 0 0 0 0 0 0
0 0 0 0 0 0 0 0 0 0
0 0 0 0 0 0 0 0 0 0
>mutation_prior_sd:
***
0.35 0.35 0.35 0.35 0.35 0.35 0.35 0.35 0.35 0.35
0.35 0.35 0.35 0.35 0.35 0.35 0.35 0.35 0.35 0.35
0.35 0.35 0.35 0.35 0.35 0.35 0.35 0.35 0.35 0.35
0.35 0.35 0.35 0.35 0.35 0.35 0.35 0.35 0.35 0.35
>std_csp:
0.064 0.064 0.064 0.371293 0.28561 0.13 0.13 0.08 0.08 0.08
0.371293 0.064 0.064 0.13 0.064 0.064 0.064 0.064 0.064 0.13
0.1 0.1 0.1 0.815731 0.0512 0.0512 0.0512 0.0512 0.0512 0.064
0.064 0.064 0.064 0.064 0.064 0.064 0.064 0.064 0.371293 0.482681
>currentMutationParameter:
***
-0.454233 0.781499 0.795719 0.91398 1.01535 -1.19255 0.540972 -0.740664 0.805796 0.659624
0.811181 0.831973 1.27948 -1.15232 0.604921 0.902046 0.708155 -0.0330705 -0.133296 1.04852
-0.506444 0.765337 0.37753 -0.726218 -0.869643 0.573446 -0.654041 1.3087 0.673577 -0.465244
0.941203 0.610095 -0.432595 1.09492 0.653803 0.435737 1.16069 0.549822 0.634815 1.12269
>currentSelectionParameter:
***
0.815094 -0.25142 0.697396 -0.868593 -0.332136 0.772358 -0.93737 -0.59161 -0.240766 0.422145
-0.480325 0.979024 -0.991408 0.961513 0.215642 -0.900075 -0.231898 -0.299649 1.38257 -0.799276
-1.03819 -0.0655284 -0.440415 0.0508923 0.686325 0.984657 1.01122 -0.217469 0.811494 0.414604
-0.550208 -0.093427 0.700674 -0.542551 0.640119 0.81997 -0.545288 0.128551 -0.581538 -0.921273
>covarianceMatrix:
A
0.0022305	0.000127691	0.000937135	-0.00187043	-2.70966e-05	-0.000603868	
0.000127691	0.00237755	0.000330461	2.87591e-05	-0.00149112	-0.000321163	
0.000937135	0.000330461	0.00224308	-0.00058045	-0.000249818	-0.00149703	
-0.00187043	2.87591e-05	-0.00058045	0.00273612	-0.000172607	0.000819994	
-2.70966e-05	-0.00149112	-0.000249818	-0.000172607	0.00141551	0.000207595	
-0.000603868	-0.000321163	-0.00149703	0.000819994	0.000207595	0.0023036	
***
>covarianceMatrix:
C
0.0127921	-0.0112292	
-0.0112292	0.0181676	
***
>covarianceMatrix:
D
0.00608656	-0.00501962	
-0.00501962	0.00714642	
***
>covarianceMatrix:
E
0.00778401	-0.00816811	
-0.00816811	0.0130116	
***
>covarianceMatrix:
F
0.00937094	-0.0100716	
-0.0100716	0.0153597	
***
>covarianceMatrix:
G
0.00221934	0.00144599	1.91069e-05	-0.00173132	-0.00150837	-0.000154638	
0.00144599	0.00329742	0.000338988	-0.00178192	-0.00232469	-0.000502185	
1.91069e-05	0.000338988	0.00212848	0.000141179	-9.75464e-05	-0.00099041	
-0.00173132	-0.00178192	0.000141179	0.00322608	0.00215941	0.000222803	
-0.00150837	-0.00232469	-9.75464e-05	0.00215941	0.00349079	0.000487097	
-0.000154638	-0.000502185	-0.00099041	0.000222803	0.000487097	0.0022982	
***
>covarianceMatrix:
H
0.0117074	-0.010831	
-0.010831	0.0167943	
***
>covarianceMatrix:
I
0.00555137	-0.000989488	-0.00591937	-0.000183003	
-0.000989488	0.00387055	-0.000676179	-0.00337534	
-0.00591937	-0.000676179	0.011877	0.00157996	
-0.000183003	-0.00337534	0.00157996	0.0056301	
***
>covarianceMatrix:
K
0.00887039	-0.00846853	
-0.00846853	0.011196	
***
>covarianceMatrix:
L
0.00077384	-0.000173343	0.000131079	5.97456e-05	0.000497495	-0.000628399	0.000126925	-9.2422e-05	-4.04499e-05	-0.000648039	
-0.000173343	0.000808891	0.00012049	-1.83251e-06	-0.000435705	0.000182234	-0.00072414	-0.000186994	5.01128e-05	0.00101816	
0.000131079	0.00012049	0.000656576	0.000155361	5.77496e-06	-0.000196443	-0.000289569	-0.00062336	-0.000204323	0.000336196	
5.97456e-05	-1.83251e-06	0.000155361	0.000496503	-6.68189e-05	-2.026e-05	-5.84231e-05	-0.00021499	-0.000405826	-1.81453e-05	
0.000497495	-0.000435705	5.77496e-06	-6.68189e-05	0.00197758	-0.000498994	0.00028577	7.31284e-05	5.49053e-05	-0.00224732	
-0.000628399	0.000182234	-0.000196443	-2.026e-05	-0.000498994	0.00107923	-4.80496e-05	0.000177827	8.35824e-05	0.000705283	
0.000126925	-0.00072414	-0.000289569	-5.84231e-05	0.00028577	-4.80496e-05	0.00136774	0.00060156	0.000241494	-0.00100419	
-9.2422e-05	-0.000186994	-0.00062336	-0.00021499	7.31284e-05	0.000177827	0.00060156	0.00130879	0.000460281	-0.000606896	
-4.04499e-05	5.01128e-05	-0.000204323	-0.000405826	5.49053e-05	8.35824e-05	0.000241494	0.000460281	0.000852989	8.8278e-05	
-0.000648039	0.00101816	0.000336196	-1.81453e-05	-0.00224732	0.000705283	-0.00100419	-0.000606896	8.8278e-05	0.00395643	
***
>covarianceMatrix:
N
0.0105181	-0.0113934	
-0.0113934	0.0182558	
***
>covarianceMatrix:
P
0.0025	0	0	0	0	0	
0	0.0025	0	0	0	0	
0	0	0.0025	0	0	0	
0	0	0	0.0025	0	0	
0	0	0	0	0.0025	0	
0	0	0	0	0	0.0025	
***
>covarianceMatrix:
Q
0.00958068	-0.00809182	
-0.00809182	0.0109422	
***
>covarianceMatrix:
R
0.00137364	0.00142224	0.000855377	0.000440986	0.00101745	-0.00113606	-0.00130994	-0.000569344	-7.65074e-05	-0.00077548	
0.00142224	0.00560349	0.00176272	0.000477681	0.000742683	-0.00131349	-0.00581087	-0.000985137	-0.000430793	0.000338394	
0.000855377	0.00176272	0.00163339	0.000172194	0.000851097	-0.0008599	-0.00190137	-0.00113302	7.90312e-05	-0.000541909	
0.000440986	0.000477681	0.000172194	0.00237997	0.000146373	-0.00016878	-0.000193109	0.000188793	-0.00121494	0.000266567	
0.00101745	0.000742683	0.000851097	0.000146373	0.00273051	-0.000981251	-0.000506963	-0.000666637	0.000303992	-0.00210736	
-0.00113606	-0.00131349	-0.0008599	-0.00016878	-0.000981251	0.00145129	0.00147902	0.000826454	-7.33946e-05	0.00105048	
-0.00130994	-0.00581087	-0.00190137	-0.000193109	-0.000506963	0.00147902	0.00764649	0.00138952	0.000349403	-0.000805039	
-0.000569344	-0.000985137	-0.00113302	0.000188793	-0.000666637	0.000826454	0.00138952	0.00141141	-0.000379535	0.000657678	
-7.65074e-05	-0.000430793	7.90312e-05	-0.00121494	0.000303992	-7.33946e-05	0.000349403	-0.000379535	0.0015158	-0.000703238	
-0.00077548	0.000338394	-0.000541909	0.000266567	-0.00210736	0.00105048	-0.000805039	0.000657678	-0.000703238	0.00321689	
***
>covarianceMatrix:
S
0.00246332	0.000749487	0.000902402	-0.00247753	-0.00112337	-0.000793437	
0.000749487	0.00318561	0.000940673	-0.000567557	-0.00280826	-0.000977174	
0.000902402	0.000940673	0.00211186	-0.000827666	-0.000959117	-0.00186914	
-0.00247753	-0.000567557	-0.000827666	0.00389982	0.00103898	0.00107565	
-0.00112337	-0.00280826	-0.000959117	0.00103898	0.00401523	0.00134266	
-0.000793437	-0.000977174	-0.00186914	0.00107565	0.00134266	0.00290523	
***
>covarianceMatrix:
T
0.0023006	-0.000415466	0.00145251	-0.0018899	0.000138571	-0.0011157	
-0.000415466	0.0030348	6.09041e-05	0.000608986	-0.00210322	-1.92465e-05	
0.00145251	6.09041e-05	0.00300396	-0.000987897	-0.000360792	-0.00262373	
-0.0018899	0.000608986	-0.000987897	0.00262321	-0.000280022	0.00132726	
0.000138571	-0.00210322	-0.000360792	-0.000280022	0.002332	0.000559422	
-0.0011157	-1.92465e-05	-0.00262373	0.00132726	0.000559422	0.00421186	
***
>covarianceMatrix:
V
0.0030373	-0.000716965	0.000339874	-0.00306778	0.000306573	-0.000350437	
-0.000716965	0.00289139	0.000568564	0.000786797	-0.00214008	-0.000620627	
0.000339874	0.000568564	0.00151844	-0.000251598	-0.00051766	-0.00126668	
-0.00306778	0.000786797	-0.000251598	0.00459336	-0.000381471	0.000546111	
0.000306573	-0.00214008	-0.00051766	-0.000381471	0.00258473	0.000964252	
-0.000350437	-0.000620627	-0.00126668	0.000546111	0.000964252	0.00203114	
***
>covarianceMatrix:
Y
0.0105935	-0.00920253	
-0.00920253	0.0140565	
***
>covarianceMatrix:
Z
0.0143061	-0.0140714	
-0.0140714	0.0224571	
***
