>groupList:
A C D E F G H I K L
N P Q R S T V Y Z 
>stdDevSynthesisRate:
0.930158 
>numParam:
40
>numMixtures:
1
>std_stdDevSynthesisRate:
0.20736
>std_phi:
***
0.627485 0.627485 0.627485 0.482681 1.06045 1.06045 0.815731 1.06045 0.815731 1.06045
0.627485 1.06045 0.371293 1.06045 0.482681 0.28561 0.482681 1.06045 0.627485 0.371293
0.28561 1.06045 1.06045 1.06045 0.371293 0.371293 0.815731 0.28561 1.06045 1.06045
1.06045 0.627485 1.06045 1.06045 1.06045 0.815731 1.06045 0.627485 0.371293 1.06045
0.815731 0.815731 0.815731 0.482681 1.06045 1.06045 1.06045 1.06045 1.06045 0.815731
1.06045 0.28561 1.06045 1.06045 1.06045 1.06045 0.815731 1.06045 0.627485 0.815731
0.627485 0.815731 1.06045 1.06045 0.371293 0.815731 0.815731 0.482681 1.06045 1.06045
1.06045 0.482681 1.06045 0.371293 1.06045 1.06045 1.06045 1.06045 1.06045 1.06045
0.815731 0.815731 1.06045 1.06045 0.482681 0.627485 0.815731 1.06045 1.06045 0.627485
1.06045 1.06045 1.06045 0.815731 1.06045 1.06045 0.815731 0.482681 1.06045 0.28561
0.627485 1.06045 0.815731 0.28561 1.06045 0.627485 0.482681 0.815731 0.627485 1.06045
0.815731 1.06045 0.815731 1.06045 0.815731 1.06045 0.482681 1.06045 1.06045 1.06045
1.06045 1.06045 1.06045 1.06045 1.06045 1.06045 0.482681 1.06045 1.06045 1.06045
1.06045 0.482681 0.815731 0.482681 1.06045 1.06045 0.627485 1.06045 1.06045 1.06045
0.627485 0.815731 1.06045 0.627485 1.06045 1.06045 0.815731 0.815731 1.06045 1.06045
0.815731 0.371293 1.06045 0.482681 1.06045 0.815731 1.06045 1.06045 0.815731 0.627485
1.06045 1.06045 0.627485 1.06045 0.815731 0.169 1.06045 0.627485 1.06045 1.06045
0.627485 0.815731 1.06045 0.627485 1.06045 1.06045 1.06045 0.371293 1.06045 0.627485
0.815731 1.06045 0.815731 0.28561 0.627485 1.06045 1.06045 0.815731 1.06045 1.06045
0.815731 1.06045 0.627485 1.06045 1.06045 0.815731 0.815731 1.06045 1.06045 0.371293
0.371293 0.627485 0.482681 0.371293 0.482681 0.815731 1.06045 0.815731 0.28561 0.815731
0.627485 1.06045 0.627485 1.06045 0.627485 0.627485 1.06045 1.06045 0.371293 0.815731
1.06045 1.06045 0.815731 1.06045 0.815731 0.627485 1.06045 0.627485 0.482681 0.482681
0.815731 0.627485 0.627485 0.815731 0.627485 0.815731 1.06045 1.06045 
>categories:
0 0
>mixtureAssignment:
0 0 0 0 0 0 0 0 0 0 0 0 0 0 0 0 0 0 0 0 0 0 0 0 0 0 0 0 0 0 0 0 0 0 0 0 0 0 0 0 0 0 0 0 0 0 0 0 0 0
0 0 0 0 0 0 0 0 0 0 0 0 0 0 0 0 0 0 0 0 0 0 0 0 0 0 0 0 0 0 0 0 0 0 0 0 0 0 0 0 0 0 0 0 0 0 0 0 0 0
0 0 0 0 0 0 0 0 0 0 0 0 0 0 0 0 0 0 0 0 0 0 0 0 0 0 0 0 0 0 0 0 0 0 0 0 0 0 0 0 0 0 0 0 0 0 0 0 0 0
0 0 0 0 0 0 0 0 0 0 0 0 0 0 0 0 0 0 0 0 0 0 0 0 0 0 0 0 0 0 0 0 0 0 0 0 0 0 0 0 0 0 0 0 0 0 0 0 0 0
0 0 0 0 0 0 0 0 0 0 0 0 0 0 0 0 0 0 0 0 0 0 0 0 0 0 0 0 0 0 0 0 0 0 0 0 0 0 
>numMutationCategories:
1
>numSelectionCategories:
1
>categoryProbabilities:
1 
>selectionIsInMixture:
***
0 
>mutationIsInMixture:
***
0 
>obsPhiSets:
0
>currentSynthesisRateLevel:
***
1.07425 1.56696 1.39024 0.732283 1.02635 0.274011 1.27781 0.860941 1.13466 1.40703
1.04552 0.291717 2.21758 0.442131 1.82717 2.91616 1.74187 0.478366 0.612282 1.85191
1.62334 0.442395 0.715216 0.0736847 2.12615 1.60365 0.93928 2.15717 0.473211 0.29834
0.721882 1.84151 0.530522 0.519925 0.10775 0.938102 0.165987 0.954757 1.23822 0.229123
0.967589 0.986606 0.736076 1.76108 0.358693 0.325084 0.992856 0.0792945 0.62437 1.45176
0.138522 3.08822 0.627036 0.467468 0.346314 0.490709 1.15018 0.987604 0.522708 2.02746
0.514097 1.96413 0.112088 0.496465 1.69215 0.530164 1.00904 1.18788 0.381276 0.161025
0.137309 1.69922 0.53002 2.06471 0.563897 0.491329 0.451298 0.0959917 0.826578 0.132773
0.746236 0.346766 0.442249 0.221436 2.38993 0.985302 0.984044 0.290427 0.788892 0.650477
0.808579 0.657106 0.312113 1.35352 0.543178 0.512736 0.719607 2.86289 0.487947 1.51178
0.785515 0.337735 0.526262 1.09329 0.205085 0.660733 1.63306 0.549986 0.716188 0.149631
0.478314 0.35616 1.11327 1.49181 1.31152 0.210933 1.6535 0.166062 0.209077 1.23697
1.0469 0.240764 0.0722453 0.376311 0.141713 0.503792 0.96333 1.00744 0.694941 0.837435
0.449947 2.14498 2.05427 1.20366 0.589934 0.170521 0.834152 0.473239 0.307265 0.343253
0.370558 1.00287 0.518463 0.642011 0.504128 0.42704 0.926463 0.991836 0.239655 0.228069
0.995409 1.15703 0.333592 1.01452 0.209008 0.661054 0.747307 0.535981 1.55066 0.871433
0.208778 0.267275 1.39297 0.162528 0.873887 1.87705 1.52956 0.643225 0.16013 0.333814
1.75117 0.628596 0.670757 0.750757 0.37689 0.407624 0.663193 1.37148 0.246532 1.12175
0.716791 0.450884 1.2887 1.7518 0.653368 0.243489 0.202764 0.685788 0.685619 0.279131
0.493946 0.325298 1.01758 1.1102 1.59993 0.333752 1.18804 0.823575 0.593982 1.51372
1.72933 1.55432 1.85444 1.35659 1.89521 1.53121 0.196501 0.52091 1.17101 2.43342
0.676489 0.310141 1.54576 1.53813 1.71879 1.03899 0.390796 0.170637 1.54515 0.714512
0.171277 0.710625 0.549511 0.103821 1.9779 0.80531 0.195529 1.36177 0.680292 0.622444
1.06325 1.52879 0.596571 0.385056 0.860709 0.747869 0.905629 0.381717 
>noiseOffset:
>observedSynthesisNoise:
>std_NoiseOffset:
>mutation_prior_mean:
***
0 0 0 0 0 0 0 0 0 0
0 0 0 0 0 0 0 0 0 0
0 0 0 0 0 0 0 0 0 0
0 0 0 0 0 0 0 0 0 0
>mutation_prior_sd:
***
0.35 0.35 0.35 0.35 0.35 0.35 0.35 0.35 0.35 0.35
0.35 0.35 0.35 0.35 0.35 0.35 0.35 0.35 0.35 0.35
0.35 0.35 0.35 0.35 0.35 0.35 0.35 0.35 0.35 0.35
0.35 0.35 0.35 0.35 0.35 0.35 0.35 0.35 0.35 0.35
>std_csp:
0.064 0.064 0.064 0.627485 0.482681 0.169 0.2197 0.08 0.08 0.08
0.627485 0.08 0.08 0.13 0.064 0.064 0.064 0.064 0.064 0.371293
0.1 0.1 0.1 0.627485 0.08 0.08 0.08 0.08 0.08 0.08
0.08 0.08 0.08 0.08 0.08 0.08 0.08 0.08 0.482681 0.371293
>currentMutationParameter:
***
-0.452156 0.764639 0.839606 0.935124 1.09337 -1.09016 0.483955 -0.678389 0.81425 0.764323
0.806272 0.822808 1.25269 -1.12732 0.640216 0.854173 0.630318 -0.0887695 -0.0493158 0.994982
-0.506457 0.941083 0.369404 -0.61826 -0.968934 0.431057 -0.529405 1.30301 0.576915 -0.552283
0.837309 0.493334 -0.470724 1.05151 0.719534 0.549897 1.16134 0.424373 0.585027 0.97329
>currentSelectionParameter:
***
0.780344 -0.217055 0.62119 -0.921615 -0.469194 0.789511 -0.901077 -0.601617 -0.187771 0.284854
-0.460465 1.06456 -1.01347 0.91789 0.279383 -0.749322 -0.0898213 -0.17364 1.35701 -0.707773
-1.15364 -0.360713 -0.498036 -0.148635 0.602937 1.04811 0.710529 -0.423133 0.681657 0.510401
-0.438942 -0.0641402 0.642048 -0.551791 0.530005 0.705582 -0.552585 0.205517 -0.473118 -0.805931
>covarianceMatrix:
A
0.00181524	0.00028701	0.00060558	-0.00158253	-0.000155265	-0.000242463	
0.00028701	0.00182326	0.00069637	-6.96658e-05	-0.00125071	-0.000782812	
0.00060558	0.00069637	0.0032435	-0.000404223	-0.000594456	-0.00287931	
-0.00158253	-6.96658e-05	-0.000404223	0.0027304	-0.000119052	0.000585761	
-0.000155265	-0.00125071	-0.000594456	-0.000119052	0.00152846	0.000736971	
-0.000242463	-0.000782812	-0.00287931	0.000585761	0.000736971	0.00443157	
***
>covarianceMatrix:
C
0.0120717	-0.0109325	
-0.0109325	0.0184929	
***
>covarianceMatrix:
D
0.00622625	-0.00590497	
-0.00590497	0.00895491	
***
>covarianceMatrix:
E
0.00643633	-0.00598704	
-0.00598704	0.010781	
***
>covarianceMatrix:
F
0.00623221	-0.0068885	
-0.0068885	0.0147662	
***
>covarianceMatrix:
G
0.00176573	0.00119172	0.000965531	-0.00117336	-0.00106791	-0.000946039	
0.00119172	0.00439204	0.00128296	-0.00137905	-0.00364808	-0.00148897	
0.000965531	0.00128296	0.00491431	-0.00097161	-0.00121402	-0.00356526	
-0.00117336	-0.00137905	-0.00097161	0.00227717	0.00186454	0.00121731	
-0.00106791	-0.00364808	-0.00121402	0.00186454	0.00479339	0.00162286	
-0.000946039	-0.00148897	-0.00356526	0.00121731	0.00162286	0.00501948	
***
>covarianceMatrix:
H
0.010771	-0.0108424	
-0.0108424	0.0176259	
***
>covarianceMatrix:
I
0.00383513	-0.0013732	-0.00466305	0.000683587	
-0.0013732	0.00373696	0.00191695	-0.00331156	
-0.00466305	0.00191695	0.00962166	-0.00129701	
0.000683587	-0.00331156	-0.00129701	0.00588827	
***
>covarianceMatrix:
K
0.00945612	-0.00853723	
-0.00853723	0.0127589	
***
>covarianceMatrix:
L
0.00135645	-0.000240161	-0.000280914	-7.51751e-05	0.000142793	-0.00169147	6.70598e-05	0.000712381	0.000168283	-0.000253564	
-0.000240161	0.000762184	0.000296669	0.000167096	-0.00035698	0.000267488	-0.000697368	-0.00045517	-0.000200859	0.000695966	
-0.000280914	0.000296669	0.000560344	4.22585e-05	-0.000317074	0.000472491	-0.000162212	-0.000486498	4.28042e-05	0.000657806	
-7.51751e-05	0.000167096	4.22585e-05	0.000561458	0.000311067	9.13022e-05	-0.000177519	-4.40955e-05	-0.000501774	-0.000564003	
0.000142793	-0.00035698	-0.000317074	0.000311067	0.00135914	-0.00015633	0.000309507	0.000491401	-0.000473691	-0.00229476	
-0.00169147	0.000267488	0.000472491	9.13022e-05	-0.00015633	0.00284461	0.000147384	-0.00100147	-6.15143e-05	0.000499724	
6.70598e-05	-0.000697368	-0.000162212	-0.000177519	0.000309507	0.000147384	0.00141791	0.000450966	0.000544674	-0.000377	
0.000712381	-0.00045517	-0.000486498	-4.40955e-05	0.000491401	-0.00100147	0.000450966	0.00121415	0.000154109	-0.000868542	
0.000168283	-0.000200859	4.28042e-05	-0.000501774	-0.000473691	-6.15143e-05	0.000544674	0.000154109	0.00103701	0.00119957	
-0.000253564	0.000695966	0.000657806	-0.000564003	-0.00229476	0.000499724	-0.000377	-0.000868542	0.00119957	0.00507793	
***
>covarianceMatrix:
N
0.00547845	-0.00546455	
-0.00546455	0.0100454	
***
>covarianceMatrix:
P
0.0025	0	0	0	0	0	
0	0.0025	0	0	0	0	
0	0	0.0025	0	0	0	
0	0	0	0.0025	0	0	
0	0	0	0	0.0025	0	
0	0	0	0	0	0.0025	
***
>covarianceMatrix:
Q
0.00766924	-0.00747763	
-0.00747763	0.0114508	
***
>covarianceMatrix:
R
0.00225405	0.00119779	0.001504	-0.000423387	0.0012865	-0.00192776	-0.0007997	-0.00143535	0.000696836	-0.00091453	
0.00119779	0.00353511	0.00096963	-0.000544646	0.000735827	-0.00144835	-0.00411472	-0.00154085	0.000358364	-0.00109896	
0.001504	0.00096963	0.00211002	-0.00053919	0.00135429	-0.00160555	-0.00083157	-0.00182303	0.000803901	-0.00121167	
-0.000423387	-0.000544646	-0.00053919	0.00338368	0.000335062	0.00120958	0.00131386	0.00163014	-0.00238433	0.00065779	
0.0012865	0.000735827	0.00135429	0.000335062	0.00366044	-0.00101556	0.000214813	-0.00136888	0.000309091	-0.00315462	
-0.00192776	-0.00144835	-0.00160555	0.00120958	-0.00101556	0.00309766	0.00164325	0.0021793	-0.00103993	0.00132458	
-0.0007997	-0.00411472	-0.00083157	0.00131386	0.000214813	0.00164325	0.00966127	0.00259731	-0.000439902	0.00142486	
-0.00143535	-0.00154085	-0.00182303	0.00163014	-0.00136888	0.0021793	0.00259731	0.00344409	-0.00147108	0.00218595	
0.000696836	0.000358364	0.000803901	-0.00238433	0.000309091	-0.00103993	-0.000439902	-0.00147108	0.0030987	-0.000765885	
-0.00091453	-0.00109896	-0.00121167	0.00065779	-0.00315462	0.00132458	0.00142486	0.00218595	-0.000765885	0.00530204	
***
>covarianceMatrix:
S
0.00182895	-0.000449999	-0.000338415	-0.00128342	0.000797813	0.000724226	
-0.000449999	0.00272908	0.00144929	0.00100184	-0.00202255	-0.00191322	
-0.000338415	0.00144929	0.00270136	0.000920081	-0.00162584	-0.00217608	
-0.00128342	0.00100184	0.000920081	0.00276923	-0.00135522	-0.0013383	
0.000797813	-0.00202255	-0.00162584	-0.00135522	0.00329079	0.00233972	
0.000724226	-0.00191322	-0.00217608	-0.0013383	0.00233972	0.00388519	
***
>covarianceMatrix:
T
0.00202057	-4.28507e-05	0.00015601	-0.00158821	0.000336863	0.000396704	
-4.28507e-05	0.0029306	0.000461503	0.000308669	-0.00236346	-0.000572032	
0.00015601	0.000461503	0.0031833	-6.50956e-06	-0.000366513	-0.00306147	
-0.00158821	0.000308669	-6.50956e-06	0.00267264	-0.000546658	-0.000345841	
0.000336863	-0.00236346	-0.000366513	-0.000546658	0.0033439	0.000624631	
0.000396704	-0.000572032	-0.00306147	-0.000345841	0.000624631	0.0056432	
***
>covarianceMatrix:
V
0.00257932	0.000319852	0.000110902	-0.00221302	-0.000167841	0.000272729	
0.000319852	0.00334874	0.00126795	0.000548021	-0.00279128	-0.00140702	
0.000110902	0.00126795	0.00199038	0.000426695	-0.00136935	-0.00152617	
-0.00221302	0.000548021	0.000426695	0.0047516	-0.000470369	-0.000778741	
-0.000167841	-0.00279128	-0.00136935	-0.000470369	0.00399205	0.00190388	
0.000272729	-0.00140702	-0.00152617	-0.000778741	0.00190388	0.00276676	
***
>covarianceMatrix:
Y
0.0103222	-0.0111466	
-0.0111466	0.0200411	
***
>covarianceMatrix:
Z
0.0126356	-0.0142764	
-0.0142764	0.0254199	
***
