>groupList:
A C D E F G H I K L
N P Q R S T V Y Z 
>stdDevSynthesisRate:
0.930158 
>numParam:
40
>numMixtures:
1
>std_stdDevSynthesisRate:
0.20736
>std_phi:
***
0.627485 0.627485 0.627485 0.482681 1.06045 1.37858 0.815731 1.37858 0.815731 1.06045
0.627485 1.37858 0.371293 1.37858 0.482681 0.28561 0.482681 1.37858 0.627485 0.371293
0.28561 1.37858 1.37858 1.37858 0.371293 0.371293 0.815731 0.28561 1.37858 1.06045
1.37858 0.627485 1.37858 1.37858 1.37858 0.815731 1.37858 0.627485 0.371293 1.06045
0.652585 0.815731 0.815731 0.482681 1.37858 1.37858 1.37858 1.37858 1.06045 0.815731
1.37858 0.28561 1.37858 1.06045 1.06045 1.37858 0.815731 1.37858 0.627485 0.815731
0.627485 0.815731 1.37858 1.06045 0.371293 0.815731 0.815731 0.482681 1.37858 1.37858
1.37858 0.482681 1.06045 0.371293 1.37858 1.37858 1.06045 1.37858 1.06045 1.37858
0.815731 0.815731 1.37858 1.37858 0.482681 0.627485 0.815731 1.37858 1.37858 0.627485
1.06045 1.06045 1.06045 0.815731 1.37858 1.06045 0.815731 0.482681 1.06045 0.28561
0.627485 1.37858 0.815731 0.28561 1.37858 0.815731 0.482681 0.815731 0.627485 1.37858
1.06045 1.06045 0.815731 1.06045 0.815731 1.06045 0.482681 1.37858 1.37858 1.06045
1.37858 1.37858 1.37858 1.37858 1.37858 1.06045 0.482681 1.06045 1.06045 1.06045
1.06045 0.482681 0.815731 0.482681 1.06045 1.37858 0.627485 1.37858 1.37858 1.37858
0.627485 0.815731 1.37858 0.815731 1.06045 1.37858 0.815731 0.815731 1.37858 1.37858
0.815731 0.371293 0.84836 0.482681 1.06045 0.815731 1.06045 1.06045 0.815731 0.627485
1.06045 1.06045 0.627485 1.06045 0.815731 0.169 1.37858 0.627485 1.37858 1.37858
0.627485 0.815731 0.84836 0.627485 1.37858 1.37858 1.37858 0.371293 1.37858 0.627485
0.815731 1.06045 0.815731 0.28561 0.627485 1.37858 1.37858 0.815731 1.06045 1.06045
0.815731 1.06045 0.627485 1.06045 1.06045 0.815731 1.06045 1.06045 1.06045 0.297034
0.371293 0.627485 0.482681 0.371293 0.482681 0.815731 1.06045 0.815731 0.28561 0.815731
0.627485 1.37858 0.627485 1.37858 0.627485 0.627485 1.37858 1.37858 0.371293 0.815731
1.06045 1.37858 0.815731 1.37858 0.815731 0.627485 1.37858 0.627485 0.482681 0.482681
0.815731 0.627485 0.627485 0.815731 0.627485 0.815731 1.37858 1.06045 
>categories:
0 0
>mixtureAssignment:
0 0 0 0 0 0 0 0 0 0 0 0 0 0 0 0 0 0 0 0 0 0 0 0 0 0 0 0 0 0 0 0 0 0 0 0 0 0 0 0 0 0 0 0 0 0 0 0 0 0
0 0 0 0 0 0 0 0 0 0 0 0 0 0 0 0 0 0 0 0 0 0 0 0 0 0 0 0 0 0 0 0 0 0 0 0 0 0 0 0 0 0 0 0 0 0 0 0 0 0
0 0 0 0 0 0 0 0 0 0 0 0 0 0 0 0 0 0 0 0 0 0 0 0 0 0 0 0 0 0 0 0 0 0 0 0 0 0 0 0 0 0 0 0 0 0 0 0 0 0
0 0 0 0 0 0 0 0 0 0 0 0 0 0 0 0 0 0 0 0 0 0 0 0 0 0 0 0 0 0 0 0 0 0 0 0 0 0 0 0 0 0 0 0 0 0 0 0 0 0
0 0 0 0 0 0 0 0 0 0 0 0 0 0 0 0 0 0 0 0 0 0 0 0 0 0 0 0 0 0 0 0 0 0 0 0 0 0 
>numMutationCategories:
1
>numSelectionCategories:
1
>categoryProbabilities:
1 
>selectionIsInMixture:
***
0 
>mutationIsInMixture:
***
0 
>obsPhiSets:
0
>currentSynthesisRateLevel:
***
1.07425 1.56696 1.40228 0.732283 1.02635 0.167927 1.27781 0.860941 0.838641 1.40703
1.04552 0.917404 2.21758 0.442131 1.55566 2.91616 1.67639 0.669555 0.612282 1.85191
1.68977 0.442395 0.715216 0.0764826 2.18161 1.75751 1.20751 2.15717 0.473211 0.29834
0.721882 1.84151 1.06932 0.519925 0.193953 1.04739 0.181363 1.28248 1.02357 0.229123
0.967589 0.986606 0.736076 2.10586 0.358693 0.325084 0.904058 0.159084 0.62437 1.2364
0.234329 3.08822 0.627036 0.467468 0.346314 0.490709 1.15018 0.60517 0.782192 1.87434
0.514097 1.96413 0.0372116 0.496465 1.70648 0.530164 1.04839 1.18788 0.414272 0.161025
0.137309 1.69922 0.493428 2.06471 0.563897 0.299346 0.611921 0.0959917 0.747433 0.182384
0.746236 0.346766 0.442249 0.05188 2.38993 0.985302 1.14117 0.290427 0.756964 0.650477
0.655488 0.657106 0.581794 1.35352 0.735222 0.482695 0.719607 2.86289 0.487947 1.51178
0.785515 0.262438 0.526262 1.09329 0.205085 0.660733 1.81625 0.720547 0.716188 0.353745
0.714782 0.35616 1.11327 1.49181 1.31152 0.210933 1.55888 0.1353 0.209077 1.23697
0.436879 0.240764 0.0971148 0.376311 0.105195 0.746077 0.96333 1.00744 0.793721 0.837435
0.449947 2.14498 2.05427 1.20366 0.589934 0.170521 0.834152 0.28651 0.297815 0.343253
0.613949 1.00287 0.287485 0.808806 0.366488 0.42704 0.926463 0.588668 0.248492 0.166946
0.995409 1.15703 0.333592 1.01452 0.350845 0.502708 0.747307 0.535981 1.55066 0.912532
0.422528 0.267275 1.39297 0.231996 0.873887 1.87705 1.52956 0.643225 0.240865 0.360078
1.89695 0.628596 0.497151 0.750757 0.37689 0.458066 0.663193 1.37148 0.246532 0.70711
0.570126 0.302202 1.2887 1.7518 0.676009 0.243489 0.196618 0.600828 0.685619 0.169732
0.493946 0.325298 1.01758 1.1102 1.59993 0.333752 1.30978 1.09054 0.593982 1.53006
1.72933 1.32542 1.32672 1.36863 1.89521 1.53121 0.196501 0.386264 1.17101 2.43342
0.676489 0.310141 1.60932 1.53813 1.71879 1.03899 0.390796 0.194302 1.28081 0.655744
0.171277 0.710625 0.655248 0.109181 1.9779 0.80531 0.211774 1.36177 0.680292 0.586822
0.642517 1.52879 0.924431 0.385056 0.860709 0.747869 0.905629 0.381717 
>noiseOffset:
>observedSynthesisNoise:
>std_NoiseOffset:
>mutation_prior_mean:
***
0 0 0 0 0 0 0 0 0 0
0 0 0 0 0 0 0 0 0 0
0 0 0 0 0 0 0 0 0 0
0 0 0 0 0 0 0 0 0 0
>mutation_prior_sd:
***
0.35 0.35 0.35 0.35 0.35 0.35 0.35 0.35 0.35 0.35
0.35 0.35 0.35 0.35 0.35 0.35 0.35 0.35 0.35 0.35
0.35 0.35 0.35 0.35 0.35 0.35 0.35 0.35 0.35 0.35
0.35 0.35 0.35 0.35 0.35 0.35 0.35 0.35 0.35 0.35
>std_csp:
0.064 0.064 0.064 0.627485 0.482681 0.169 0.2197 0.08 0.08 0.08
0.815731 0.08 0.08 0.13 0.064 0.064 0.064 0.064 0.064 0.482681
0.1 0.1 0.1 0.627485 0.08 0.08 0.08 0.08 0.08 0.08
0.08 0.08 0.08 0.08 0.08 0.08 0.08 0.08 0.482681 0.371293
>currentMutationParameter:
***
-0.401954 0.88778 0.926055 0.935124 1.0911 -1.09016 0.483955 -0.678389 0.81425 0.764323
0.806272 0.822808 1.25269 -1.12732 0.640216 0.854173 0.630318 -0.0887695 -0.0493158 0.994982
-0.506457 0.941083 0.369404 -0.61826 -0.996747 0.329455 -0.592582 1.34473 0.542065 -0.552283
0.837309 0.493334 -0.470724 1.05151 0.719534 0.549897 1.16134 0.424373 0.634138 0.959383
>currentSelectionParameter:
***
0.752851 -0.259251 0.582616 -0.921615 -0.47722 0.789511 -0.901077 -0.601617 -0.187771 0.284854
-0.460465 1.06456 -1.01347 0.91789 0.279383 -0.749322 -0.0898213 -0.17364 1.35701 -0.707773
-1.15364 -0.360713 -0.498036 -0.148635 0.655988 1.18235 0.745273 -0.454198 0.753232 0.510401
-0.438942 -0.0641402 0.642048 -0.551791 0.530005 0.705582 -0.552585 0.205517 -0.534105 -0.741551
>covarianceMatrix:
A
0.00181524	0.00028701	0.00060558	-0.00158253	-0.000155265	-0.000242463	
0.00028701	0.00182326	0.00069637	-6.96658e-05	-0.00125071	-0.000782812	
0.00060558	0.00069637	0.0032435	-0.000404223	-0.000594456	-0.00287931	
-0.00158253	-6.96658e-05	-0.000404223	0.0027304	-0.000119052	0.000585761	
-0.000155265	-0.00125071	-0.000594456	-0.000119052	0.00152846	0.000736971	
-0.000242463	-0.000782812	-0.00287931	0.000585761	0.000736971	0.00443157	
***
>covarianceMatrix:
C
0.0110218	-0.0100998	
-0.0100998	0.0164264	
***
>covarianceMatrix:
D
0.00622625	-0.00590497	
-0.00590497	0.00895491	
***
>covarianceMatrix:
E
0.00643633	-0.00598704	
-0.00598704	0.010781	
***
>covarianceMatrix:
F
0.00535138	-0.00566523	
-0.00566523	0.0119431	
***
>covarianceMatrix:
G
0.00176573	0.00119172	0.000965531	-0.00117336	-0.00106791	-0.000946039	
0.00119172	0.00439204	0.00128296	-0.00137905	-0.00364808	-0.00148897	
0.000965531	0.00128296	0.00491431	-0.00097161	-0.00121402	-0.00356526	
-0.00117336	-0.00137905	-0.00097161	0.00227717	0.00186454	0.00121731	
-0.00106791	-0.00364808	-0.00121402	0.00186454	0.00479339	0.00162286	
-0.000946039	-0.00148897	-0.00356526	0.00121731	0.00162286	0.00501948	
***
>covarianceMatrix:
H
0.012196	-0.0120824	
-0.0120824	0.0188294	
***
>covarianceMatrix:
I
0.00383513	-0.0013732	-0.00466305	0.000683587	
-0.0013732	0.00373696	0.00191695	-0.00331156	
-0.00466305	0.00191695	0.00962166	-0.00129701	
0.000683587	-0.00331156	-0.00129701	0.00588827	
***
>covarianceMatrix:
K
0.00945612	-0.00853723	
-0.00853723	0.0127589	
***
>covarianceMatrix:
L
0.00135645	-0.000240161	-0.000280914	-7.51751e-05	0.000142793	-0.00169147	6.70598e-05	0.000712381	0.000168283	-0.000253564	
-0.000240161	0.000762184	0.000296669	0.000167096	-0.00035698	0.000267488	-0.000697368	-0.00045517	-0.000200859	0.000695966	
-0.000280914	0.000296669	0.000560344	4.22585e-05	-0.000317074	0.000472491	-0.000162212	-0.000486498	4.28042e-05	0.000657806	
-7.51751e-05	0.000167096	4.22585e-05	0.000561458	0.000311067	9.13022e-05	-0.000177519	-4.40955e-05	-0.000501774	-0.000564003	
0.000142793	-0.00035698	-0.000317074	0.000311067	0.00135914	-0.00015633	0.000309507	0.000491401	-0.000473691	-0.00229476	
-0.00169147	0.000267488	0.000472491	9.13022e-05	-0.00015633	0.00284461	0.000147384	-0.00100147	-6.15143e-05	0.000499724	
6.70598e-05	-0.000697368	-0.000162212	-0.000177519	0.000309507	0.000147384	0.00141791	0.000450966	0.000544674	-0.000377	
0.000712381	-0.00045517	-0.000486498	-4.40955e-05	0.000491401	-0.00100147	0.000450966	0.00121415	0.000154109	-0.000868542	
0.000168283	-0.000200859	4.28042e-05	-0.000501774	-0.000473691	-6.15143e-05	0.000544674	0.000154109	0.00103701	0.00119957	
-0.000253564	0.000695966	0.000657806	-0.000564003	-0.00229476	0.000499724	-0.000377	-0.000868542	0.00119957	0.00507793	
***
>covarianceMatrix:
N
0.00601437	-0.00615913	
-0.00615913	0.0114226	
***
>covarianceMatrix:
P
0.0025	0	0	0	0	0	
0	0.0025	0	0	0	0	
0	0	0.0025	0	0	0	
0	0	0	0.0025	0	0	
0	0	0	0	0.0025	0	
0	0	0	0	0	0.0025	
***
>covarianceMatrix:
Q
0.00642737	-0.00638692	
-0.00638692	0.00951156	
***
>covarianceMatrix:
R
0.00225405	0.00119779	0.001504	-0.000423387	0.0012865	-0.00192776	-0.0007997	-0.00143535	0.000696836	-0.00091453	
0.00119779	0.00353511	0.00096963	-0.000544646	0.000735827	-0.00144835	-0.00411472	-0.00154085	0.000358364	-0.00109896	
0.001504	0.00096963	0.00211002	-0.00053919	0.00135429	-0.00160555	-0.00083157	-0.00182303	0.000803901	-0.00121167	
-0.000423387	-0.000544646	-0.00053919	0.00338368	0.000335062	0.00120958	0.00131386	0.00163014	-0.00238433	0.00065779	
0.0012865	0.000735827	0.00135429	0.000335062	0.00366044	-0.00101556	0.000214813	-0.00136888	0.000309091	-0.00315462	
-0.00192776	-0.00144835	-0.00160555	0.00120958	-0.00101556	0.00309766	0.00164325	0.0021793	-0.00103993	0.00132458	
-0.0007997	-0.00411472	-0.00083157	0.00131386	0.000214813	0.00164325	0.00966127	0.00259731	-0.000439902	0.00142486	
-0.00143535	-0.00154085	-0.00182303	0.00163014	-0.00136888	0.0021793	0.00259731	0.00344409	-0.00147108	0.00218595	
0.000696836	0.000358364	0.000803901	-0.00238433	0.000309091	-0.00103993	-0.000439902	-0.00147108	0.0030987	-0.000765885	
-0.00091453	-0.00109896	-0.00121167	0.00065779	-0.00315462	0.00132458	0.00142486	0.00218595	-0.000765885	0.00530204	
***
>covarianceMatrix:
S
0.00182895	-0.000449999	-0.000338415	-0.00128342	0.000797813	0.000724226	
-0.000449999	0.00272908	0.00144929	0.00100184	-0.00202255	-0.00191322	
-0.000338415	0.00144929	0.00270136	0.000920081	-0.00162584	-0.00217608	
-0.00128342	0.00100184	0.000920081	0.00276923	-0.00135522	-0.0013383	
0.000797813	-0.00202255	-0.00162584	-0.00135522	0.00329079	0.00233972	
0.000724226	-0.00191322	-0.00217608	-0.0013383	0.00233972	0.00388519	
***
>covarianceMatrix:
T
0.00202057	-4.28507e-05	0.00015601	-0.00158821	0.000336863	0.000396704	
-4.28507e-05	0.0029306	0.000461503	0.000308669	-0.00236346	-0.000572032	
0.00015601	0.000461503	0.0031833	-6.50956e-06	-0.000366513	-0.00306147	
-0.00158821	0.000308669	-6.50956e-06	0.00267264	-0.000546658	-0.000345841	
0.000336863	-0.00236346	-0.000366513	-0.000546658	0.0033439	0.000624631	
0.000396704	-0.000572032	-0.00306147	-0.000345841	0.000624631	0.0056432	
***
>covarianceMatrix:
V
0.00257932	0.000319852	0.000110902	-0.00221302	-0.000167841	0.000272729	
0.000319852	0.00334874	0.00126795	0.000548021	-0.00279128	-0.00140702	
0.000110902	0.00126795	0.00199038	0.000426695	-0.00136935	-0.00152617	
-0.00221302	0.000548021	0.000426695	0.0047516	-0.000470369	-0.000778741	
-0.000167841	-0.00279128	-0.00136935	-0.000470369	0.00399205	0.00190388	
0.000272729	-0.00140702	-0.00152617	-0.000778741	0.00190388	0.00276676	
***
>covarianceMatrix:
Y
0.00872214	-0.00952942	
-0.00952942	0.0173537	
***
>covarianceMatrix:
Z
0.0100862	-0.0114203	
-0.0114203	0.021794	
***
