>groupList:
A C D E F G H I K L
N P Q R S T V Y Z 
>stdDevSynthesisRate:
1.11147 
>numParam:
40
>numMixtures:
1
>std_stdDevSynthesisRate:
0.238879
>std_phi:
***
0.140608 0.371293 0.371293 0.17576 0.371293 0.401591 0.371293 0.371293 0.482681 0.401591
0.169 0.140608 0.371293 0.482681 0.371293 0.371293 2.51992 0.482681 0.815731 0.678688
0.95429 0.371293 0.815731 0.678688 0.815731 0.371293 0.17576 0.371293 1.14698 0.401591
0.992461 1.49108 2.09657 1.37858 0.371293 1.14698 0.386145 0.451735 0.522068 0.28561
0.371293 0.627485 0.652585 0.371293 0.501988 0.501988 1.43373 2.01594 0.401591 0.652585
0.627485 0.917586 0.652585 0.627485 0.882294 0.705835 0.95429 0.917586 0.882294 0.917586
0.705835 0.678688 0.482681 1.55072 0.501988 1.10287 0.522068 0.652585 2.09657 1.24058
0.652585 1.10287 1.24058 0.84836 0.371293 0.917586 2.72555 0.54295 0.705835 0.652585
1.67726 1.49108 1.61275 0.501988 0.678688 0.678688 0.501988 1.10287 1.10287 0.84836
0.882294 0.815731 2.26765 0.652585 0.482681 0.401591 0.678688 1.24058 0.627485 0.522068
2.09657 1.61275 1.74435 0.386145 0.84836 2.62072 0.522068 0.678688 1.43373 0.501988
1.74435 0.678688 0.882294 0.522068 0.84836 1.24058 1.34181 1.2902 0.882294 0.386145
1.2902 0.652585 0.705835 1.67726 1.24058 0.522068 0.54295 0.522068 
>categories:
0 0
>mixtureAssignment:
0 0 0 0 0 0 0 0 0 0 0 0 0 0 0 0 0 0 0 0 0 0 0 0 0 0 0 0 0 0 0 0 0 0 0 0 0 0 0 0 0 0 0 0 0 0 0 0 0 0
0 0 0 0 0 0 0 0 0 0 0 0 0 0 0 0 0 0 0 0 0 0 0 0 0 0 0 0 0 0 0 0 0 0 0 0 0 0 0 0 0 0 0 0 0 0 0 0 0 0
0 0 0 0 0 0 0 0 0 0 0 0 0 0 0 0 0 0 0 0 0 0 0 0 0 0 0 0 
>numMutationCategories:
1
>numSelectionCategories:
1
>categoryProbabilities:
1 
>selectionIsInMixture:
***
0 
>mutationIsInMixture:
***
0 
>obsPhiSets:
0
>currentSynthesisRateLevel:
***
1.3639 0.971797 1.31215 1.15217 1.08201 1.15681 0.977697 1.03374 0.621843 1.10882
1.27871 1.48421 1.02929 0.719595 0.963211 0.73419 0.16658 0.605355 0.939503 0.670822
0.325673 0.649227 0.476513 0.30932 0.608317 0.981919 1.25044 0.985201 0.395189 0.895326
0.179539 0.253269 0.105583 0.220836 1.0481 0.456959 0.839103 0.407335 0.321305 0.678399
0.840553 0.474575 0.331458 0.567232 0.232464 0.338204 0.193716 0.188156 0.264255 0.517172
0.248727 0.214176 0.494697 0.288787 0.190189 0.32179 0.237637 0.316786 0.410834 0.148046
0.250374 0.356415 0.528186 0.0571595 0.603765 0.365351 0.415516 0.217208 0.244234 0.17434
0.355784 0.306778 0.187939 0.222854 1.60798 0.198471 0.0468335 0.295073 0.287473 0.375475
0.0945861 0.324369 0.169308 0.498984 0.485733 0.401945 0.572821 0.252694 0.208105 0.227139
0.325618 0.390623 0.0676702 0.361992 1.21799 1.29338 0.337521 0.158892 0.491788 0.273664
0.102782 0.166008 0.0833461 0.71794 0.225152 0.0987469 0.265288 0.28219 0.142891 0.293694
0.0573836 0.170851 0.155924 0.290769 0.542197 0.100177 0.0931826 0.100372 0.155952 0.306416
0.0574657 0.277455 0.337439 0.0533957 0.161366 0.923217 0.458327 0.676572 
>noiseOffset:
>observedSynthesisNoise:
>std_NoiseOffset:
>mutation_prior_mean:
***
0 0 0 0 0 0 0 0 0 0
0 0 0 0 0 0 0 0 0 0
0 0 0 0 0 0 0 0 0 0
0 0 0 0 0 0 0 0 0 0
>mutation_prior_sd:
***
0.35 0.35 0.35 0.35 0.35 0.35 0.35 0.35 0.35 0.35
0.35 0.35 0.35 0.35 0.35 0.35 0.35 0.35 0.35 0.35
0.35 0.35 0.35 0.35 0.35 0.35 0.35 0.35 0.35 0.35
0.35 0.35 0.35 0.35 0.35 0.35 0.35 0.35 0.35 0.35
>std_csp:
0.0512 0.0512 0.0512 32.1184 262 340.599 91.7333 0.0512 0.0512 0.0512
155.029 0.13 0.13 3.02875 0.032768 0.032768 0.032768 0.032768 0.032768 24.7065
0.0134218 0.0134218 0.0134218 262 0.032768 0.032768 0.032768 0.032768 0.032768 0.064
0.064 0.064 0.08 0.08 0.08 0.08 0.08 0.08 155.029 19.005
>currentMutationParameter:
***
0.228373 0.696812 0.31184 0.340384 0.586098 -0.346822 -0.36454 -0.555156 -0.024461 0.954687
0.640499 1.24604 0.316069 -0.24896 0.586069 -0.0542749 -0.122347 -0.0362162 0.754022 0.565486
-0.271837 0.596157 -0.369782 -0.0806283 -0.161287 1.04862 -0.123303 0.652887 0.649244 -0.289996
0.607396 -0.26981 -0.220974 0.826865 0.161687 0.869027 0.305262 0.0271944 0.092112 0.194315
>currentSelectionParameter:
***
1.23001 -0.498163 2.74639 -1.8255 -0.511359 0.828865 -1.29024 -2.12662 1.03037 -0.240223
-1.53491 2.04852 -0.713111 1.73149 3.49044 -0.733294 1.26384 -1.00483 3.09019 -1.5541
-3.61492 0.883903 0.207343 -1.10815 1.2205 3.38014 2.73687 -0.301848 3.65735 1.23165
-0.58805 1.38341 1.49465 -0.96774 1.69411 1.67578 -0.128352 1.64761 -1.40879 -1.44597
>covarianceMatrix:
A
0.00187593	0.000217239	0.000861291	-0.00186214	-0.000205747	-0.000153686	
0.000217239	0.00109287	-0.00013433	-0.000426539	-0.000808373	5.17242e-05	
0.000861291	-0.00013433	0.00470504	0.000771212	-2.04337e-05	-0.0043709	
-0.00186214	-0.000426539	0.000771212	0.00458935	0.000368787	-0.000423282	
-0.000205747	-0.000808373	-2.04337e-05	0.000368787	0.0010659	0.000207412	
-0.000153686	5.17242e-05	-0.0043709	-0.000423282	0.000207412	0.00809499	
***
>covarianceMatrix:
C
0.0119533	-0.0164836	
-0.0164836	0.0391015	
***
>covarianceMatrix:
D
0.00400885	-0.00471374	
-0.00471374	0.0108016	
***
>covarianceMatrix:
E
0.00368861	-0.00349441	
-0.00349441	0.0066698	
***
>covarianceMatrix:
F
0.00713833	-0.00833076	
-0.00833076	0.0234761	
***
>covarianceMatrix:
G
0.00285558	0.000278681	0.0013174	-0.00227993	-0.000158064	-0.00118039	
0.000278681	0.00385021	0.00129315	-0.000751894	-0.00468789	-0.00145869	
0.0013174	0.00129315	0.00482486	-0.0013736	-0.00156749	-0.0048692	
-0.00227993	-0.000751894	-0.0013736	0.00371871	0.00142717	0.002012	
-0.000158064	-0.00468789	-0.00156749	0.00142717	0.00793307	0.00253555	
-0.00118039	-0.00145869	-0.0048692	0.002012	0.00253555	0.00749115	
***
>covarianceMatrix:
H
0.00942655	-0.0105378	
-0.0105378	0.0288546	
***
>covarianceMatrix:
I
0.0166012	-0.000984793	-0.0143517	8.05193e-05	
-0.000984793	0.00385072	0.000736054	-0.00167228	
-0.0143517	0.000736054	0.0322206	0.000553787	
8.05193e-05	-0.00167228	0.000553787	0.00391027	
***
>covarianceMatrix:
K
0.00532252	-0.00551603	
-0.00551603	0.0149656	
***
>covarianceMatrix:
L
0.00259091	-3.34902e-05	0.000511992	-6.41296e-05	0.000298264	-0.0042453	-0.000590482	-0.00068578	-0.000336503	0.000344828	
-3.34902e-05	0.000720076	0.000259964	0.0003117	9.48467e-05	0.000131763	-0.000612344	-0.000238644	-0.000127595	-0.000521783	
0.000511992	0.000259964	0.00111591	0.000245313	0.000239454	-0.00152887	-0.000548954	-0.00133931	-0.000280606	-0.000760922	
-6.41296e-05	0.0003117	0.000245313	0.000711331	0.000179046	0.000403836	-0.000215557	-0.000339607	-0.000502768	-0.00121475	
0.000298264	9.48467e-05	0.000239454	0.000179046	0.00202736	0.00117244	-0.000147534	0.000328172	-0.00040073	-0.000785636	
-0.0042453	0.000131763	-0.00152887	0.000403836	0.00117244	0.0151715	0.00131915	0.00332524	3.176e-05	-0.000505338	
-0.000590482	-0.000612344	-0.000548954	-0.000215557	-0.000147534	0.00131915	0.00187208	0.000600848	0.000953418	0.000773344	
-0.00068578	-0.000238644	-0.00133931	-0.000339607	0.000328172	0.00332524	0.000600848	0.00295365	0.000178584	0.00188057	
-0.000336503	-0.000127595	-0.000280606	-0.000502768	-0.00040073	3.176e-05	0.000953418	0.000178584	0.00131894	0.000974404	
0.000344828	-0.000521783	-0.000760922	-0.00121475	-0.000785636	-0.000505338	0.000773344	0.00188057	0.000974404	0.00730551	
***
>covarianceMatrix:
N
0.00647874	-0.00663004	
-0.00663004	0.0185867	
***
>covarianceMatrix:
P
0.00392354	-0.00014244	0.00102917	-0.00276393	0.00102423	-0.00147312	
-0.00014244	0.00491206	0.00123436	-0.000751617	-0.00642785	-0.00162706	
0.00102917	0.00123436	0.00260907	-0.0016156	-0.00148951	-0.00376705	
-0.00276393	-0.000751617	-0.0016156	0.00608711	0.00166362	0.00437588	
0.00102423	-0.00642785	-0.00148951	0.00166362	0.0145112	0.00342242	
-0.00147312	-0.00162706	-0.00376705	0.00437588	0.00342242	0.00864276	
***
>covarianceMatrix:
Q
0.00648395	-0.00660653	
-0.00660653	0.0150536	
***
>covarianceMatrix:
R
0.000964987	0.000589281	0.000409824	0.000262377	0.000472322	-0.000878267	-0.0010227	-0.000382106	-0.000154412	-0.000554281	
0.000589281	0.0041094	0.00095479	-0.00025745	0.00175517	-0.000479236	-0.00441199	-0.000529368	0.000299125	-0.00187498	
0.000409824	0.00095479	0.00188381	0.000196757	0.00124717	-0.00025699	-0.000671999	-0.00153213	-0.000136347	-0.00101637	
0.000262377	-0.00025745	0.000196757	0.00162847	-0.000641469	-0.000210088	-0.000366642	-0.000628003	-0.00126876	0.000641244	
0.000472322	0.00175517	0.00124717	-0.000641469	0.00399002	-6.37396e-05	-0.00165952	0.000123234	0.00073739	-0.00409362	
-0.000878267	-0.000479236	-0.00025699	-0.000210088	-6.37396e-05	0.00138234	0.00129589	0.000858149	0.000196178	0.000598708	
-0.0010227	-0.00441199	-0.000671999	-0.000366642	-0.00165952	0.00129589	0.00850132	0.000949615	0.000210527	0.00259944	
-0.000382106	-0.000529368	-0.00153213	-0.000628003	0.000123234	0.000858149	0.000949615	0.00325354	0.000593306	0.000456319	
-0.000154412	0.000299125	-0.000136347	-0.00126876	0.00073739	0.000196178	0.000210527	0.000593306	0.00123638	-0.00086154	
-0.000554281	-0.00187498	-0.00101637	0.000641244	-0.00409362	0.000598708	0.00259944	0.000456319	-0.00086154	0.00739204	
***
>covarianceMatrix:
S
0.00268705	0.000939595	0.00135359	-0.00244214	-0.000757622	-0.000969502	
0.000939595	0.00245227	0.00105763	-0.000872065	-0.00176473	-0.00102815	
0.00135359	0.00105763	0.00320654	-0.000514265	-0.00101597	-0.00240766	
-0.00244214	-0.000872065	-0.000514265	0.00394976	0.000922858	0.0010294	
-0.000757622	-0.00176473	-0.00101597	0.000922858	0.00199435	0.00117064	
-0.000969502	-0.00102815	-0.00240766	0.0010294	0.00117064	0.00328307	
***
>covarianceMatrix:
T
0.00209496	0.000177369	0.000689205	-0.0017689	-8.55531e-05	-0.000303588	
0.000177369	0.00299916	0.000333493	-0.000147249	-0.00210204	-0.000410772	
0.000689205	0.000333493	0.00400544	0.000269579	-0.000536214	-0.00414907	
-0.0017689	-0.000147249	0.000269579	0.00441818	-0.000338911	0.000526358	
-8.55531e-05	-0.00210204	-0.000536214	-0.000338911	0.00269479	0.000280225	
-0.000303588	-0.000410772	-0.00414907	0.000526358	0.000280225	0.00831073	
***
>covarianceMatrix:
V
0.00546838	0.000494911	0.00167233	-0.00532307	-0.000358098	-0.00079294	
0.000494911	0.00198072	0.000929017	-0.000337314	-0.00160173	-0.00110846	
0.00167233	0.000929017	0.0032861	-0.00128765	-0.000781744	-0.00270834	
-0.00532307	-0.000337314	-0.00128765	0.0115337	0.000301584	0.00339381	
-0.000358098	-0.00160173	-0.000781744	0.000301584	0.00217986	0.00128946	
-0.00079294	-0.00110846	-0.00270834	0.00339381	0.00128946	0.00685416	
***
>covarianceMatrix:
Y
0.00782798	-0.00938941	
-0.00938941	0.0217883	
***
>covarianceMatrix:
Z
0.0102814	-0.0174523	
-0.0174523	0.0586506	
***
