>groupList:
A C D E F G H I K L
N P Q R S T V Y Z 
>stdDevSynthesisRate:
0.876415 
>numParam:
40
>numMixtures:
1
>std_stdDevSynthesisRate:
0.199066
>std_phi:
***
0.627485 0.522068 0.627485 0.522068 1.86385 0.815731 1.9384 0.84836 1.10287 0.627485
1.79216 0.371293 1.86385 0.386145 0.28561 0.482681 1.37858 0.678688 0.371293 0.28561
1.79216 1.79216 2.32981 0.371293 0.371293 0.84836 0.386145 2.423 1.06045 1.49108
0.627485 1.79216 1.61275 0.652585 1.86385 0.522068 0.371293 1.19286 0.678688 1.06045
0.882294 0.386145 1.37858 1.79216 1.49108 1.10287 1.06045 1.9384 0.297034 1.06045
0.917586 1.49108 0.815731 1.86385 0.678688 0.815731 0.652585 0.815731 2.32981 1.19286
0.815731 0.95429 0.482681 1.43373 1.61275 1.55072 0.482681 0.882294 0.371293 1.37858
1.9384 1.14698 1.49108 0.917586 1.86385 0.815731 0.84836 1.86385 1.79216 0.501988
0.627485 1.06045 0.678688 1.06045 1.19286 0.882294 1.55072 1.06045 0.386145 1.06045
0.652585 1.55072 0.705835 0.28561 1.9384 0.678688 0.482681 0.882294 0.627485 1.49108
0.882294 0.815731 1.06045 1.10287 0.501988 1.43373 1.79216 1.14698 1.79216 1.79216
1.79216 1.86385 1.55072 1.10287 0.501988 1.37858 1.06045 1.06045 1.19286 0.501988
0.84836 0.54295 1.37858 1.79216 0.627485 1.19286 1.19286 1.43373 0.815731 0.882294
2.01594 0.815731 1.06045 0.815731 1.55072 1.43373 0.815731 0.371293 0.84836 0.501988
1.06045 0.815731 1.43373 1.37858 0.815731 0.84836 1.19286 1.10287 0.54295 1.10287
0.84836 0.169 1.43373 0.627485 1.55072 1.49108 0.627485 0.815731 1.06045 0.652585
1.49108 1.79216 0.501988 1.49108 0.54295 0.882294 0.815731 0.627485 1.86385 1.86385
0.917586 0.882294 1.19286 0.815731 1.14698 0.652585 1.10287 1.06045 1.06045 1.06045
0.371293 0.401591 0.652585 0.501988 0.401591 0.678688 0.815731 1.14698 0.815731 0.28561
0.84836 0.627485 1.49108 0.678688 0.705835 1.49108 0.401591 0.705835 1.14698 0.84836
1.86385 0.84836 0.678688 1.86385 0.627485 0.482681 0.705835 0.815731 0.54295 0.627485
0.84836 0.627485 1.9384 0.992461 0.501988 0.882294 
>categories:
0 0
>mixtureAssignment:
0 0 0 0 0 0 0 0 0 0 0 0 0 0 0 0 0 0 0 0 0 0 0 0 0 0 0 0 0 0 0 0 0 0 0 0 0 0 0 0 0 0 0 0 0 0 0 0 0 0
0 0 0 0 0 0 0 0 0 0 0 0 0 0 0 0 0 0 0 0 0 0 0 0 0 0 0 0 0 0 0 0 0 0 0 0 0 0 0 0 0 0 0 0 0 0 0 0 0 0
0 0 0 0 0 0 0 0 0 0 0 0 0 0 0 0 0 0 0 0 0 0 0 0 0 0 0 0 0 0 0 0 0 0 0 0 0 0 0 0 0 0 0 0 0 0 0 0 0 0
0 0 0 0 0 0 0 0 0 0 0 0 0 0 0 0 0 0 0 0 0 0 0 0 0 0 0 0 0 0 0 0 0 0 0 0 0 0 0 0 0 0 0 0 0 0 0 0 0 0
0 0 0 0 0 0 0 0 0 0 0 0 0 0 0 0 
>numMutationCategories:
1
>numSelectionCategories:
1
>categoryProbabilities:
1 
>selectionIsInMixture:
***
0 
>mutationIsInMixture:
***
0 
>obsPhiSets:
0
>currentSynthesisRateLevel:
***
1.38138 1.64252 0.932703 0.661166 0.36637 0.742579 0.242741 0.906124 0.610276 1.28393
0.337226 1.88814 0.254863 1.57516 3.50082 1.31867 0.600189 0.849833 1.68309 1.86512
0.413906 0.606705 0.324246 1.68005 1.58254 0.665218 2.46839 0.203088 0.497387 0.53973
1.90273 0.835726 0.222688 0.991336 0.125353 1.06466 1.11383 0.251634 0.747548 0.783507
0.587168 2.16945 0.675628 0.160285 0.18013 0.265397 1.46707 0.123503 2.68028 0.6512
0.642292 0.431075 1.63846 0.674831 0.817104 1.63236 0.683586 1.10961 0.0874546 0.118901
0.580707 0.677436 1.57423 0.589672 0.504738 0.243254 1.4246 0.692979 1.85413 0.701801
0.457365 0.464411 0.156851 0.596264 0.187689 0.395455 0.324638 0.828132 0.10833 2.10131
0.954344 1.21006 0.6058 0.954791 0.372839 0.710935 0.753588 0.748993 2.73931 0.525683
0.718701 0.305535 0.444859 1.24966 0.212553 0.676787 1.87079 0.625951 0.831413 0.400088
0.35465 0.952121 2.14069 0.439403 1.75468 0.151895 0.422949 0.608241 0.455659 0.354789
0.21744 0.212646 0.0612552 0.388233 0.848678 0.981775 0.84758 0.880743 0.74717 2.15871
0.833939 1.10032 0.302634 0.190117 0.875128 0.346615 0.373093 0.298523 0.592031 0.852826
0.265061 0.802445 0.525982 1.31956 0.324573 0.235666 0.679988 1.28235 0.32718 1.49707
0.3802 0.552597 0.941544 1.04698 1.1256 0.520043 0.378295 0.351166 0.916564 0.260573
0.772732 1.87021 1.17851 0.570792 0.122697 0.234979 2.37898 0.46348 0.645264 0.505026
0.132054 0.572011 1.43288 0.323532 0.877644 0.678548 0.93499 0.735625 0.366849 0.122479
0.407085 0.642134 0.306427 0.450899 0.168459 0.864047 1.24374 1.88758 0.957521 0.625215
1.35802 1.72935 1.1509 1.748 1.43694 1.60947 1.5072 0.358713 0.506977 1.38679
2.07904 1.42896 1.16632 2.24392 0.810003 0.303272 1.33507 0.545457 0.235311 0.619914
0.0817533 1.74728 0.639488 0.267089 1.36069 0.751087 0.491886 0.844633 1.78635 0.738138
0.439857 0.742819 0.28604 0.245482 0.606542 1.65537 
>noiseOffset:
>observedSynthesisNoise:
>std_NoiseOffset:
>mutation_prior_mean:
***
0 0 0 0 0 0 0 0 0 0
0 0 0 0 0 0 0 0 0 0
0 0 0 0 0 0 0 0 0 0
0 0 0 0 0 0 0 0 0 0
>mutation_prior_sd:
***
0.35 0.35 0.35 0.35 0.35 0.35 0.35 0.35 0.35 0.35
0.35 0.35 0.35 0.35 0.35 0.35 0.35 0.35 0.35 0.35
0.35 0.35 0.35 0.35 0.35 0.35 0.35 0.35 0.35 0.35
0.35 0.35 0.35 0.35 0.35 0.35 0.35 0.35 0.35 0.35
>std_csp:
0.04096 0.04096 0.04096 91.7333 119.253 0.13 0.13 0.08 0.08 0.08
155.029 0.08 0.08 0.2197 0.064 0.064 0.064 0.064 0.064 0.13
0.08 0.08 0.08 575.613 0.08 0.08 0.08 0.08 0.08 0.064
0.064 0.064 0.064 0.064 0.064 0.04096 0.04096 0.04096 32.1184 262
>currentMutationParameter:
***
-0.462504 0.946933 0.847425 0.793251 1.1147 -1.07988 0.536295 -0.682544 0.868774 0.775627
0.888708 0.699733 1.21622 -0.953297 0.529347 0.603012 0.495118 -0.121429 -0.250283 0.928632
-0.522316 0.831515 0.383251 -0.835218 -0.98829 0.171427 -0.700015 1.0461 0.43555 -0.525947
0.827054 0.495964 -0.40489 0.991419 0.796868 0.492132 1.06102 0.600934 0.72416 0.904337
>currentSelectionParameter:
***
0.730498 -0.39596 0.608778 -0.795465 -0.511812 0.76593 -0.982754 -0.639454 -0.295993 0.262202
-0.818667 1.20478 -0.859808 0.793304 0.373608 -0.537162 0.0325941 -0.180547 1.63959 -0.704601
-1.07784 -0.0745522 -0.34176 -0.0330046 0.640373 1.29159 0.880625 -0.185692 0.954353 0.565697
-0.396356 -0.0214429 0.602233 -0.497454 0.487701 0.665867 -0.572558 -0.000816891 -0.610242 -0.721533
>covarianceMatrix:
A
0.00219496	0.00014398	0.00109866	-0.00175003	-3.22477e-05	-0.000855328	
0.00014398	0.00196595	0.000512815	-0.000175168	-0.00130807	-0.00053428	
0.00109866	0.000512815	0.00341687	-0.00109653	-0.000401258	-0.00307297	
-0.00175003	-0.000175168	-0.00109653	0.00252338	0.000137474	0.00161466	
-3.22477e-05	-0.00130807	-0.000401258	0.000137474	0.00128333	0.000603057	
-0.000855328	-0.00053428	-0.00307297	0.00161466	0.000603057	0.00451527	
***
>covarianceMatrix:
C
0.0119014	-0.0106388	
-0.0106388	0.0187747	
***
>covarianceMatrix:
D
0.0061819	-0.00490684	
-0.00490684	0.00655739	
***
>covarianceMatrix:
E
0.00924938	-0.00974423	
-0.00974423	0.0161767	
***
>covarianceMatrix:
F
0.00965806	-0.0111885	
-0.0111885	0.0194629	
***
>covarianceMatrix:
G
0.00202701	0.00147037	0.00102223	-0.00146238	-0.0015502	-0.00108933	
0.00147037	0.00407258	0.00115506	-0.00175541	-0.0034977	-0.00140961	
0.00102223	0.00115506	0.00381098	-0.00130023	-0.00131256	-0.0031204	
-0.00146238	-0.00175541	-0.00130023	0.00256438	0.00231405	0.00170545	
-0.0015502	-0.0034977	-0.00131256	0.00231405	0.00471299	0.00198558	
-0.00108933	-0.00140961	-0.0031204	0.00170545	0.00198558	0.00469814	
***
>covarianceMatrix:
H
0.010835	-0.0094873	
-0.0094873	0.0163163	
***
>covarianceMatrix:
I
0.00558022	-0.000625746	-0.00732333	-0.000157338	
-0.000625746	0.00279426	-0.00025817	-0.00210428	
-0.00732333	-0.00025817	0.0184937	0.000194652	
-0.000157338	-0.00210428	0.000194652	0.00343963	
***
>covarianceMatrix:
K
0.00497832	-0.00405075	
-0.00405075	0.00694798	
***
>covarianceMatrix:
L
0.00126204	0.000240384	0.000541024	0.000124914	-0.000467723	-0.00132234	-0.000408392	-0.000569453	-0.000139899	0.00072241	
0.000240384	0.000983829	0.000455554	0.0002063	-0.00077302	-0.0004983	-0.00084321	-0.00065303	-0.000159376	0.00125886	
0.000541024	0.000455554	0.00117711	8.80329e-05	-0.000808578	-0.000856959	-0.000516887	-0.0011409	-4.07955e-05	0.00128133	
0.000124914	0.0002063	8.80329e-05	0.000430252	-0.000119833	-9.43797e-05	-0.000134334	-6.09048e-05	-0.00016168	0.00027984	
-0.000467723	-0.00077302	-0.000808578	-0.000119833	0.00274713	0.00106408	0.00121592	0.00140028	0.000333501	-0.00324146	
-0.00132234	-0.0004983	-0.000856959	-9.43797e-05	0.00106408	0.00213787	0.000908561	0.00113314	0.00023043	-0.00152954	
-0.000408392	-0.00084321	-0.000516887	-0.000134334	0.00121592	0.000908561	0.00148731	0.000993929	0.000290221	-0.00190073	
-0.000569453	-0.00065303	-0.0011409	-6.09048e-05	0.00140028	0.00113314	0.000993929	0.00188005	0.000138741	-0.0022283	
-0.000139899	-0.000159376	-4.07955e-05	-0.00016168	0.000333501	0.00023043	0.000290221	0.000138741	0.000404332	-0.000441954	
0.00072241	0.00125886	0.00128133	0.00027984	-0.00324146	-0.00152954	-0.00190073	-0.0022283	-0.000441954	0.00485347	
***
>covarianceMatrix:
N
0.0107389	-0.0109496	
-0.0109496	0.0169903	
***
>covarianceMatrix:
P
0.00361122	0.00194567	0.00193182	-0.00294522	-0.00162417	-0.00206568	
0.00194567	0.00494147	0.00228994	-0.00162782	-0.00446956	-0.0024897	
0.00193182	0.00228994	0.00490962	-0.00161061	-0.00213432	-0.00475235	
-0.00294522	-0.00162782	-0.00161061	0.00533605	0.00276747	0.00348848	
-0.00162417	-0.00446956	-0.00213432	0.00276747	0.00850114	0.00400364	
-0.00206568	-0.0024897	-0.00475235	0.00348848	0.00400364	0.00787548	
***
>covarianceMatrix:
Q
0.00776869	-0.00669844	
-0.00669844	0.00884672	
***
>covarianceMatrix:
R
0.00249967	0.00117946	0.0012761	7.05976e-05	0.00125717	-0.00217172	-0.00099098	-0.000896484	0.0002327	-0.000952248	
0.00117946	0.00352336	0.00100483	-0.000539591	0.000718902	-0.000959215	-0.00387532	-0.000644032	0.00107764	-0.000323628	
0.0012761	0.00100483	0.00223777	0.000147257	0.000934243	-0.00123611	-0.00108571	-0.00185005	2.76225e-05	-0.00114218	
7.05976e-05	-0.000539591	0.000147257	0.00323762	-0.000237846	0.000159364	0.0013904	0.000172235	-0.00231765	0.000565848	
0.00125717	0.000718902	0.000934243	-0.000237846	0.00228248	-0.00143999	-0.00102371	-0.00104364	0.000496481	-0.00155185	
-0.00217172	-0.000959215	-0.00123611	0.000159364	-0.00143999	0.00303678	0.000959466	0.00119898	-0.000287773	0.00134362	
-0.00099098	-0.00387532	-0.00108571	0.0013904	-0.00102371	0.000959466	0.00860691	0.00150029	-0.00191325	0.0007408	
-0.000896484	-0.000644032	-0.00185005	0.000172235	-0.00104364	0.00119898	0.00150029	0.00307313	-0.000105938	0.00179775	
0.0002327	0.00107764	2.76225e-05	-0.00231765	0.000496481	-0.000287773	-0.00191325	-0.000105938	0.00300369	-0.000421181	
-0.000952248	-0.000323628	-0.00114218	0.000565848	-0.00155185	0.00134362	0.0007408	0.00179775	-0.000421181	0.00292997	
***
>covarianceMatrix:
S
0.00218037	0.000823535	0.00068621	-0.00205044	-0.000760156	-0.000541361	
0.000823535	0.00324386	0.000883544	-0.000902623	-0.00305227	-0.000880765	
0.00068621	0.000883544	0.00266325	-0.000427164	-0.000893329	-0.00256455	
-0.00205044	-0.000902623	-0.000427164	0.00335534	0.00124247	0.000677508	
-0.000760156	-0.00305227	-0.000893329	0.00124247	0.00431169	0.00148287	
-0.000541361	-0.000880765	-0.00256455	0.000677508	0.00148287	0.00394614	
***
>covarianceMatrix:
T
0.00219053	0.000385531	0.00104514	-0.00227626	-0.000509802	-0.00126322	
0.000385531	0.00312011	0.000542348	-0.000161196	-0.00281391	-0.000291171	
0.00104514	0.000542348	0.00367801	-0.0011182	-0.000576169	-0.00407856	
-0.00227626	-0.000161196	-0.0011182	0.00405911	0.000498553	0.00219958	
-0.000509802	-0.00281391	-0.000576169	0.000498553	0.0036197	0.000502326	
-0.00126322	-0.000291171	-0.00407856	0.00219958	0.000502326	0.00734815	
***
>covarianceMatrix:
V
0.00277233	0.000605345	0.00098055	-0.00270326	-0.00097908	-0.00109712	
0.000605345	0.00250658	0.00101715	-0.000694873	-0.00216384	-0.000999958	
0.00098055	0.00101715	0.00257744	-0.000794564	-0.00121901	-0.00257106	
-0.00270326	-0.000694873	-0.000794564	0.00475149	0.00142205	0.00128832	
-0.00097908	-0.00216384	-0.00121901	0.00142205	0.00288391	0.00168774	
-0.00109712	-0.000999958	-0.00257106	0.00128832	0.00168774	0.00392016	
***
>covarianceMatrix:
Y
0.00846619	-0.00824398	
-0.00824398	0.0147375	
***
>covarianceMatrix:
Z
0.0161362	-0.0169261	
-0.0169261	0.028211	
***
