>groupList:
A C D E F G H I K L
N P Q R S T V Y Z 
>stdDevSynthesisRate:
0.777611 
>numParam:
40
>numMixtures:
1
>std_stdDevSynthesisRate:
0.1728
>std_phi:
***
0.627485 0.482681 0.627485 0.482681 1.37858 0.815731 1.37858 0.815731 1.06045 0.627485
1.37858 0.371293 1.37858 0.482681 0.28561 0.482681 1.37858 0.627485 0.371293 0.28561
1.37858 1.37858 1.37858 0.371293 0.371293 0.815731 0.28561 1.37858 1.06045 1.37858
0.627485 1.37858 1.37858 0.627485 1.37858 0.627485 0.371293 1.06045 0.815731 1.06045
1.06045 0.482681 1.37858 1.37858 1.37858 1.06045 0.815731 1.37858 0.28561 1.06045
1.06045 1.37858 0.815731 1.37858 0.627485 0.815731 0.627485 0.815731 1.37858 1.06045
0.815731 1.06045 0.482681 1.37858 1.37858 1.37858 0.482681 0.815731 0.371293 1.37858
1.37858 1.37858 1.37858 1.06045 1.37858 0.815731 0.815731 1.37858 1.37858 0.482681
0.627485 1.06045 0.627485 1.06045 1.06045 0.815731 1.37858 1.06045 0.371293 1.06045
0.627485 1.37858 0.815731 0.28561 1.37858 0.815731 0.482681 0.815731 0.627485 1.37858
0.815731 0.815731 1.06045 1.06045 0.482681 1.37858 1.37858 1.06045 1.37858 1.37858
1.37858 1.37858 1.37858 1.06045 0.482681 1.37858 1.06045 1.06045 1.06045 0.482681
0.815731 0.482681 1.37858 1.37858 0.627485 1.06045 1.06045 1.37858 0.815731 0.815731
1.37858 0.815731 1.06045 0.815731 1.37858 1.37858 0.815731 0.371293 0.84836 0.482681
1.06045 0.815731 1.06045 1.06045 0.815731 0.627485 1.06045 1.06045 0.627485 1.06045
1.06045 0.169 1.37858 0.627485 1.37858 1.37858 0.627485 0.815731 1.06045 0.627485
1.37858 1.37858 0.371293 1.37858 0.627485 0.815731 0.815731 0.627485 1.37858 1.37858
0.815731 1.06045 1.06045 0.815731 1.06045 0.627485 1.06045 1.06045 1.06045 1.06045
0.371293 0.371293 0.627485 0.482681 0.371293 0.482681 0.815731 1.06045 0.815731 0.28561
0.815731 0.815731 1.37858 0.627485 0.627485 1.37858 0.371293 0.652585 1.06045 0.815731
1.37858 0.815731 0.627485 1.37858 0.627485 0.482681 0.627485 0.627485 0.501988 0.627485
0.815731 0.627485 1.37858 1.06045 0.482681 0.815731 
>categories:
0 0
>mixtureAssignment:
0 0 0 0 0 0 0 0 0 0 0 0 0 0 0 0 0 0 0 0 0 0 0 0 0 0 0 0 0 0 0 0 0 0 0 0 0 0 0 0 0 0 0 0 0 0 0 0 0 0
0 0 0 0 0 0 0 0 0 0 0 0 0 0 0 0 0 0 0 0 0 0 0 0 0 0 0 0 0 0 0 0 0 0 0 0 0 0 0 0 0 0 0 0 0 0 0 0 0 0
0 0 0 0 0 0 0 0 0 0 0 0 0 0 0 0 0 0 0 0 0 0 0 0 0 0 0 0 0 0 0 0 0 0 0 0 0 0 0 0 0 0 0 0 0 0 0 0 0 0
0 0 0 0 0 0 0 0 0 0 0 0 0 0 0 0 0 0 0 0 0 0 0 0 0 0 0 0 0 0 0 0 0 0 0 0 0 0 0 0 0 0 0 0 0 0 0 0 0 0
0 0 0 0 0 0 0 0 0 0 0 0 0 0 0 0 
>numMutationCategories:
1
>numSelectionCategories:
1
>categoryProbabilities:
1 
>selectionIsInMixture:
***
0 
>mutationIsInMixture:
***
0 
>obsPhiSets:
0
>currentSynthesisRateLevel:
***
1.09343 1.24515 0.8497 0.619706 0.0895511 1.18316 0.14758 1.0529 0.949755 1.10122
0.186788 2.28879 0.400356 1.33724 2.7505 1.40129 0.78213 0.757912 1.68208 1.73241
0.343999 0.513848 0.16625 1.91063 1.51288 0.659631 2.35562 0.426946 0.521341 1.13865
1.4685 1.04565 0.152505 0.841441 0.213944 0.886727 1.22835 0.367042 0.844145 0.470459
0.544535 1.5244 0.966359 0.118106 0.148164 0.411154 1.198 0.262577 2.56136 0.511266
0.466142 0.682882 0.67395 0.797918 0.599233 2.00836 0.702587 1.28667 0.128945 0.565424
0.408855 1.11638 1.63124 0.673054 0.519329 0.207324 1.51224 0.438268 1.83846 0.890996
0.638034 0.553475 0.158254 0.543421 0.125165 0.638569 0.372287 0.390563 0.186448 1.94903
0.980157 1.08386 0.466989 0.566274 0.329041 1.38371 0.563029 0.649939 2.09504 0.605066
0.93237 0.140209 0.376008 1.05617 0.0621711 0.812328 1.33025 0.691132 0.456747 0.723053
0.711117 0.575612 0.948811 0.381508 1.37346 0.272363 0.270275 0.729244 1.16809 0.27059
0.0471123 0.443483 0.0996832 0.408643 0.807529 0.717978 0.839383 0.473528 0.92447 2.29707
1.38231 1.14003 0.365365 0.140132 0.577492 0.305032 0.318755 0.377023 0.675402 0.379619
0.336397 1.03051 0.33066 0.961385 0.459731 0.798468 0.824633 0.813422 0.350907 0.975046
0.409576 0.476963 0.629794 0.787437 1.13566 0.874252 0.255778 0.388659 0.877243 0.21982
0.496275 1.6196 0.871643 0.504387 0.257685 0.10362 1.81855 0.381304 0.840087 0.635286
0.289933 0.713315 1.1495 0.239189 0.780345 0.710682 1.19118 0.688902 0.312694 0.195889
0.434318 0.580818 0.412526 0.55684 0.311404 1.12865 0.567508 1.18079 0.877598 1.47131
1.40372 1.25384 1.29034 1.66203 1.35352 1.00275 0.908347 0.436481 0.532744 1.24971
2.32896 1.42164 1.10411 1.54887 0.644377 0.315732 1.39814 0.532465 0.25305 0.700778
0.148328 1.58349 0.695327 0.214435 1.42345 0.847782 0.478191 0.917801 1.33262 0.839656
0.36767 0.812737 0.647825 0.214791 0.457944 1.3218 
>noiseOffset:
>observedSynthesisNoise:
>std_NoiseOffset:
>mutation_prior_mean:
***
0 0 0 0 0 0 0 0 0 0
0 0 0 0 0 0 0 0 0 0
0 0 0 0 0 0 0 0 0 0
0 0 0 0 0 0 0 0 0 0
>mutation_prior_sd:
***
0.35 0.35 0.35 0.35 0.35 0.35 0.35 0.35 0.35 0.35
0.35 0.35 0.35 0.35 0.35 0.35 0.35 0.35 0.35 0.35
0.35 0.35 0.35 0.35 0.35 0.35 0.35 0.35 0.35 0.35
0.35 0.35 0.35 0.35 0.35 0.35 0.35 0.35 0.35 0.35
>std_csp:
0.08 0.08 0.08 0.627485 0.371293 0.13 0.13 0.08 0.08 0.08
0.627485 0.08 0.08 0.13 0.064 0.064 0.064 0.064 0.064 0.371293
0.1 0.1 0.1 0.815731 0.08 0.08 0.08 0.08 0.08 0.08
0.08 0.08 0.08 0.08 0.08 0.08 0.08 0.08 0.482681 0.482681
>currentMutationParameter:
***
-0.424891 0.930965 0.961421 0.786546 1.13632 -1.16449 0.493214 -0.679023 0.896208 0.690004
1.05852 0.589544 1.24044 -1.01131 0.536515 0.740041 0.676455 -0.0395235 0.0134561 0.922291
-0.415618 0.793557 0.343815 -0.741952 -0.932943 0.0926239 -0.73537 1.02413 0.359882 -0.656946
0.910141 0.437307 -0.508216 0.980533 0.51924 0.457702 1.01967 0.64071 0.808711 0.897769
>currentSelectionParameter:
***
0.845331 -0.399278 0.449404 -0.753736 -0.539311 0.900026 -0.981347 -0.658847 -0.334803 0.422233
-0.881031 1.54481 -1.03294 0.872138 0.526524 -0.627359 -0.101984 -0.192753 1.43096 -0.742027
-1.41749 -0.189135 -0.442363 0.00105018 0.779032 1.4837 0.960154 -0.212352 1.06215 0.646617
-0.566964 0.0386909 0.749876 -0.536549 0.933479 0.699894 -0.553008 -0.0897836 -0.685789 -0.747097
>covarianceMatrix:
A
0.00362337	0.00102299	0.0015448	-0.00270064	-0.000673137	-0.000772545	
0.00102299	0.00396682	0.00182422	-0.000364775	-0.00244664	-0.00144881	
0.0015448	0.00182422	0.00692413	-0.0007913	-0.00162772	-0.00646425	
-0.00270064	-0.000364775	-0.0007913	0.00439723	0.000172496	0.00130666	
-0.000673137	-0.00244664	-0.00162772	0.000172496	0.00262831	0.00161386	
-0.000772545	-0.00144881	-0.00646425	0.00130666	0.00161386	0.00987614	
***
>covarianceMatrix:
C
0.0129394	-0.0104397	
-0.0104397	0.0161079	
***
>covarianceMatrix:
D
0.00516219	-0.0039827	
-0.0039827	0.00538969	
***
>covarianceMatrix:
E
0.00783898	-0.00787698	
-0.00787698	0.0135359	
***
>covarianceMatrix:
F
0.00822701	-0.00952099	
-0.00952099	0.0180621	
***
>covarianceMatrix:
G
0.00241261	0.00184279	0.0010131	-0.00186658	-0.00182673	-0.000943978	
0.00184279	0.00374956	0.00131216	-0.00209845	-0.00258642	-0.00107639	
0.0010131	0.00131216	0.00234883	-0.00118524	-0.0012969	-0.00125036	
-0.00186658	-0.00209845	-0.00118524	0.00337435	0.0024287	0.00126896	
-0.00182673	-0.00258642	-0.0012969	0.0024287	0.00362904	0.00133579	
-0.000943978	-0.00107639	-0.00125036	0.00126896	0.00133579	0.00238616	
***
>covarianceMatrix:
H
0.0128086	-0.0118796	
-0.0118796	0.0190358	
***
>covarianceMatrix:
I
0.00643002	-0.000564124	-0.00818317	0.000409802	
-0.000564124	0.00517724	-0.000830205	-0.00449008	
-0.00818317	-0.000830205	0.020601	-0.000958143	
0.000409802	-0.00449008	-0.000958143	0.00760643	
***
>covarianceMatrix:
K
0.00776284	-0.00771526	
-0.00771526	0.0125786	
***
>covarianceMatrix:
L
0.000930703	0.000233385	0.000424103	0.000549168	0.00051632	-0.000888553	-0.000549401	-0.00060974	-0.000930735	-0.00065123	
0.000233385	0.00125346	0.000856257	0.000579478	-1.40969e-05	-0.000316666	-0.00137011	-0.00124965	-0.000728961	0.000442121	
0.000424103	0.000856257	0.00125489	0.000681144	0.000106808	-0.000388653	-0.00125208	-0.00141624	-0.000956141	0.00034336	
0.000549168	0.000579478	0.000681144	0.00111833	0.0003785	-0.000894853	-0.00112557	-0.00115259	-0.00149529	-0.0001593	
0.00051632	-1.40969e-05	0.000106808	0.0003785	0.00127642	-0.000559773	-0.000160603	-0.000186802	-0.000721819	-0.00169545	
-0.000888553	-0.000316666	-0.000388653	-0.000894853	-0.000559773	0.00219824	0.0010454	0.00107309	0.00185459	0.000843315	
-0.000549401	-0.00137011	-0.00125208	-0.00112557	-0.000160603	0.0010454	0.00254766	0.00219116	0.00188828	-0.000309158	
-0.00060974	-0.00124965	-0.00141624	-0.00115259	-0.000186802	0.00107309	0.00219116	0.00282188	0.00201706	-0.000319107	
-0.000930735	-0.000728961	-0.000956141	-0.00149529	-0.000721819	0.00185459	0.00188828	0.00201706	0.00286081	0.000673801	
-0.00065123	0.000442121	0.00034336	-0.0001593	-0.00169545	0.000843315	-0.000309158	-0.000319107	0.000673801	0.003853	
***
>covarianceMatrix:
N
0.00633703	-0.00575475	
-0.00575475	0.0100624	
***
>covarianceMatrix:
P
0.00294142	0.00130397	0.00129158	-0.000716968	-0.000806731	-0.000975986	
0.00130397	0.00479692	0.00152882	-0.000301765	-0.00226114	-0.000903584	
0.00129158	0.00152882	0.00463033	-0.000501143	-0.00150829	-0.00276333	
-0.000716968	-0.000301765	-0.000501143	0.0054859	0.00262116	0.00250719	
-0.000806731	-0.00226114	-0.00150829	0.00262116	0.00729409	0.00296211	
-0.000975986	-0.000903584	-0.00276333	0.00250719	0.00296211	0.00648236	
***
>covarianceMatrix:
Q
0.00988782	-0.00834844	
-0.00834844	0.0107715	
***
>covarianceMatrix:
R
0.00206393	0.00103649	0.000612212	0.000308444	0.00057484	-0.00191015	-0.000798798	-0.000354079	-0.000255065	0.000171526	
0.00103649	0.0029964	0.00104851	-0.000379664	0.00135998	-0.00144291	-0.00395472	-0.00145422	0.000623362	-0.00126973	
0.000612212	0.00104851	0.00191209	-0.000357068	0.00115355	-0.000667757	-0.00134693	-0.00159364	0.000642306	-0.00126535	
0.000308444	-0.000379664	-0.000357068	0.00209925	-0.000311171	-6.52203e-05	0.00111562	0.000818348	-0.00143151	0.00106254	
0.00057484	0.00135998	0.00115355	-0.000311171	0.00261019	-0.000671405	-0.0015793	-0.0013458	0.000424712	-0.00258424	
-0.00191015	-0.00144291	-0.000667757	-6.52203e-05	-0.000671405	0.00309137	0.00195637	0.00079073	0.000110253	6.37916e-05	
-0.000798798	-0.00395472	-0.00134693	0.00111562	-0.0015793	0.00195637	0.00975662	0.00286155	-0.00156922	0.00176683	
-0.000354079	-0.00145422	-0.00159364	0.000818348	-0.0013458	0.00079073	0.00286155	0.00294099	-0.000981128	0.00209248	
-0.000255065	0.000623362	0.000642306	-0.00143151	0.000424712	0.000110253	-0.00156922	-0.000981128	0.00242384	-0.00083133	
0.000171526	-0.00126973	-0.00126535	0.00106254	-0.00258424	6.37916e-05	0.00176683	0.00209248	-0.00083133	0.0062385	
***
>covarianceMatrix:
S
0.00173644	-1.27345e-06	0.000158777	-0.00162579	0.000274728	-7.71836e-05	
-1.27345e-06	0.00321101	0.000885137	0.0005491	-0.00231544	-0.000981656	
0.000158777	0.000885137	0.00196303	-7.51076e-05	-0.00100545	-0.00162442	
-0.00162579	0.0005491	-7.51076e-05	0.00361154	-0.00068909	0.000411144	
0.000274728	-0.00231544	-0.00100545	-0.00068909	0.00318681	0.00143875	
-7.71836e-05	-0.000981656	-0.00162442	0.000411144	0.00143875	0.00340599	
***
>covarianceMatrix:
T
0.00232644	-0.000479468	0.000625854	-0.00210401	0.000654978	8.66908e-05	
-0.000479468	0.00325663	4.94604e-05	0.00127141	-0.00260563	-0.000218333	
0.000625854	4.94604e-05	0.00229679	-0.000715282	7.80164e-05	-0.00157757	
-0.00210401	0.00127141	-0.000715282	0.00393866	-0.00147599	0.00027969	
0.000654978	-0.00260563	7.80164e-05	-0.00147599	0.00367501	0.000266217	
8.66908e-05	-0.000218333	-0.00157757	0.00027969	0.000266217	0.00384568	
***
>covarianceMatrix:
V
0.00397898	0.000851535	0.00117219	-0.0033226	-0.00139165	-0.00136692	
0.000851535	0.00471168	0.00147298	-0.000291027	-0.0040848	-0.00184742	
0.00117219	0.00147298	0.00357415	-0.000828863	-0.00171888	-0.00368535	
-0.0033226	-0.000291027	-0.000828863	0.00586553	0.000784799	0.00133978	
-0.00139165	-0.0040848	-0.00171888	0.000784799	0.00580068	0.00297363	
-0.00136692	-0.00184742	-0.00368535	0.00133978	0.00297363	0.00569341	
***
>covarianceMatrix:
Y
0.0105796	-0.0104631	
-0.0104631	0.0161733	
***
>covarianceMatrix:
Z
0.0147013	-0.0142475	
-0.0142475	0.0209615	
***
