>groupList:
A C D E F G H I K L
N P Q R S T V Y Z 
>stdDevSynthesisRate:
0.777611 
>numParam:
40
>numMixtures:
1
>std_stdDevSynthesisRate:
0.1728
>std_phi:
***
0.627485 0.482681 0.627485 0.482681 1.06045 0.815731 1.06045 0.815731 1.06045 0.627485
1.06045 0.371293 1.06045 0.482681 0.28561 0.482681 1.06045 0.627485 0.371293 0.28561
1.06045 1.06045 1.06045 0.371293 0.371293 0.815731 0.28561 1.06045 0.815731 1.06045
0.627485 1.06045 1.06045 0.627485 1.06045 0.627485 0.371293 1.06045 0.815731 1.06045
1.06045 0.482681 1.06045 1.06045 1.06045 1.06045 0.815731 1.06045 0.28561 1.06045
1.06045 1.06045 0.815731 1.06045 0.627485 0.815731 0.627485 0.815731 1.06045 1.06045
0.815731 1.06045 0.482681 1.06045 1.06045 1.06045 0.482681 0.815731 0.371293 1.06045
1.06045 1.06045 1.06045 1.06045 1.06045 0.815731 0.815731 1.06045 1.06045 0.482681
0.627485 1.06045 0.627485 1.06045 1.06045 0.815731 1.06045 0.815731 0.371293 0.815731
0.627485 1.06045 0.627485 0.28561 1.06045 0.815731 0.482681 0.815731 0.627485 1.06045
0.815731 0.815731 1.06045 1.06045 0.482681 1.06045 1.06045 1.06045 1.06045 1.06045
1.06045 1.06045 1.06045 1.06045 0.482681 1.06045 1.06045 1.06045 1.06045 0.482681
0.815731 0.482681 1.06045 1.06045 0.627485 1.06045 1.06045 1.06045 0.815731 0.815731
1.06045 0.815731 1.06045 0.815731 1.06045 1.06045 0.815731 0.371293 1.06045 0.482681
1.06045 0.815731 1.06045 1.06045 0.815731 0.627485 1.06045 0.815731 0.627485 1.06045
1.06045 0.169 1.06045 0.627485 1.06045 1.06045 0.627485 0.815731 0.815731 0.627485
1.06045 1.06045 0.371293 1.06045 0.627485 0.815731 0.815731 0.627485 1.06045 1.06045
0.815731 1.06045 1.06045 0.815731 1.06045 0.627485 1.06045 1.06045 1.06045 0.815731
0.371293 0.371293 0.627485 0.482681 0.371293 0.482681 0.815731 1.06045 0.815731 0.28561
0.815731 0.627485 1.06045 0.627485 0.627485 1.06045 0.371293 0.815731 1.06045 0.815731
1.06045 0.815731 0.482681 1.06045 0.627485 0.482681 0.627485 0.627485 0.501988 0.627485
0.815731 0.627485 1.06045 1.06045 0.482681 0.815731 
>categories:
0 0
>mixtureAssignment:
0 0 0 0 0 0 0 0 0 0 0 0 0 0 0 0 0 0 0 0 0 0 0 0 0 0 0 0 0 0 0 0 0 0 0 0 0 0 0 0 0 0 0 0 0 0 0 0 0 0
0 0 0 0 0 0 0 0 0 0 0 0 0 0 0 0 0 0 0 0 0 0 0 0 0 0 0 0 0 0 0 0 0 0 0 0 0 0 0 0 0 0 0 0 0 0 0 0 0 0
0 0 0 0 0 0 0 0 0 0 0 0 0 0 0 0 0 0 0 0 0 0 0 0 0 0 0 0 0 0 0 0 0 0 0 0 0 0 0 0 0 0 0 0 0 0 0 0 0 0
0 0 0 0 0 0 0 0 0 0 0 0 0 0 0 0 0 0 0 0 0 0 0 0 0 0 0 0 0 0 0 0 0 0 0 0 0 0 0 0 0 0 0 0 0 0 0 0 0 0
0 0 0 0 0 0 0 0 0 0 0 0 0 0 0 0 
>numMutationCategories:
1
>numSelectionCategories:
1
>categoryProbabilities:
1 
>selectionIsInMixture:
***
0 
>mutationIsInMixture:
***
0 
>obsPhiSets:
0
>currentSynthesisRateLevel:
***
1.09343 1.25418 0.8497 0.619706 0.200736 1.18316 0.236598 0.806508 0.916155 1.10122
0.186788 2.28879 0.400356 1.57564 2.7505 1.40129 0.78213 0.757912 1.68208 1.73241
0.343999 0.513848 0.16625 1.91063 1.51288 1.03036 2.35562 0.426946 0.521341 0.893421
1.4685 0.417484 0.156347 0.841441 0.282346 0.886727 0.819337 0.425359 0.844145 0.470459
1.01556 1.90658 0.886343 0.403455 0.148164 0.411154 0.812913 0.262577 2.56136 0.511266
0.466142 0.682882 0.67395 0.797918 0.547947 1.88672 0.701251 1.28667 0.128945 0.565424
0.408855 1.11638 1.63124 0.673054 0.466831 0.207324 1.48678 0.532085 1.82804 0.890996
0.556594 0.553475 0.158254 0.736459 0.125165 0.638569 0.298489 0.488183 0.186448 1.94903
0.980157 1.08386 0.466989 0.566274 0.329041 1.38371 0.563029 0.649939 2.09504 0.605066
0.585284 0.140209 0.376008 1.04879 0.0621711 0.812328 1.33025 0.691132 0.456747 0.723053
0.711117 0.575612 0.948811 0.381508 1.37346 0.272363 0.839602 0.729244 0.44298 0.27059
0.0471123 0.443483 0.0996832 0.468897 0.807529 0.717978 0.839383 0.473528 0.92447 2.29707
1.38231 1.14997 0.365365 0.140132 0.855871 0.479519 0.356894 0.377023 0.675402 0.379619
0.279399 1.03051 0.33066 0.926194 0.459731 0.798468 0.824633 0.944691 0.350907 0.864321
0.409576 0.476963 0.629794 0.787437 1.13566 0.874252 0.255778 0.408164 0.877243 0.21982
0.496275 1.6196 0.871643 0.504387 0.116585 0.10362 1.81855 0.381304 0.72442 0.635286
0.265973 0.713315 1.56327 0.239189 0.780345 0.710682 1.19118 0.697689 0.513063 0.195889
0.434318 0.580818 0.412526 0.591505 0.311404 1.01432 0.677604 1.18079 0.877598 1.47131
1.40372 1.25384 1.29034 1.45779 1.35352 0.975468 0.908347 0.436481 0.532744 1.24971
2.32896 1.42164 1.10411 1.54887 0.644377 0.315732 1.39814 0.532465 0.25305 0.700778
0.148328 1.32165 0.695327 0.182554 1.42345 0.948332 0.478191 0.917801 1.33262 0.839656
0.36767 0.812737 0.647825 0.214791 0.457944 1.3218 
>noiseOffset:
>observedSynthesisNoise:
>std_NoiseOffset:
>mutation_prior_mean:
***
0 0 0 0 0 0 0 0 0 0
0 0 0 0 0 0 0 0 0 0
0 0 0 0 0 0 0 0 0 0
0 0 0 0 0 0 0 0 0 0
>mutation_prior_sd:
***
0.35 0.35 0.35 0.35 0.35 0.35 0.35 0.35 0.35 0.35
0.35 0.35 0.35 0.35 0.35 0.35 0.35 0.35 0.35 0.35
0.35 0.35 0.35 0.35 0.35 0.35 0.35 0.35 0.35 0.35
0.35 0.35 0.35 0.35 0.35 0.35 0.35 0.35 0.35 0.35
>std_csp:
0.08 0.08 0.08 0.482681 0.371293 0.13 0.13 0.08 0.08 0.08
0.482681 0.08 0.08 0.13 0.064 0.064 0.064 0.064 0.064 0.28561
0.1 0.1 0.1 0.627485 0.08 0.08 0.08 0.08 0.08 0.08
0.08 0.08 0.08 0.08 0.08 0.08 0.08 0.08 0.371293 0.482681
>currentMutationParameter:
***
-0.424891 0.930965 0.961421 0.786546 1.13632 -1.16449 0.528442 -0.718323 0.885571 0.622002
1.08353 0.589544 1.24044 -1.02643 0.536515 0.740041 0.676455 -0.0395235 0.0134561 0.922291
-0.415618 0.793557 0.343815 -0.722824 -1.01278 0.0599603 -0.744101 1.00513 0.288019 -0.656946
0.910141 0.437307 -0.466787 0.978495 0.623322 0.457702 1.01967 0.64071 0.721854 0.897769
>currentSelectionParameter:
***
0.845331 -0.399278 0.449404 -0.753736 -0.539311 0.900026 -0.977503 -0.66585 -0.394005 0.500358
-0.993378 1.54481 -1.03294 0.945265 0.526524 -0.627359 -0.101984 -0.192753 1.43096 -0.742027
-1.41749 -0.189135 -0.442363 -0.0262937 0.736835 1.43826 0.953103 -0.213815 1.02283 0.646617
-0.566964 0.0386909 0.676541 -0.550988 0.842046 0.699894 -0.553008 -0.0897836 -0.655731 -0.747097
>covarianceMatrix:
A
0.00320121	0.000366555	0.000486477	-0.00252891	0.000149404	0.000140255	
0.000366555	0.00299419	0.000393767	1.59507e-05	-0.00181879	-0.000302239	
0.000486477	0.000393767	0.00278135	-0.000598698	-8.24162e-05	-0.002046	
-0.00252891	1.59507e-05	-0.000598698	0.00424618	-0.000307228	0.000769542	
0.000149404	-0.00181879	-8.24162e-05	-0.000307228	0.00208391	0.000140344	
0.000140255	-0.000302239	-0.002046	0.000769542	0.000140344	0.00427951	
***
>covarianceMatrix:
C
0.0108174	-0.00896078	
-0.00896078	0.0135844	
***
>covarianceMatrix:
D
0.00657322	-0.00503453	
-0.00503453	0.00620301	
***
>covarianceMatrix:
E
0.00783898	-0.00787698	
-0.00787698	0.0135359	
***
>covarianceMatrix:
F
0.00822701	-0.00952099	
-0.00952099	0.0180621	
***
>covarianceMatrix:
G
0.00241261	0.00184279	0.0010131	-0.00186658	-0.00182673	-0.000943978	
0.00184279	0.00374956	0.00131216	-0.00209845	-0.00258642	-0.00107639	
0.0010131	0.00131216	0.00234883	-0.00118524	-0.0012969	-0.00125036	
-0.00186658	-0.00209845	-0.00118524	0.00337435	0.0024287	0.00126896	
-0.00182673	-0.00258642	-0.0012969	0.0024287	0.00362904	0.00133579	
-0.000943978	-0.00107639	-0.00125036	0.00126896	0.00133579	0.00238616	
***
>covarianceMatrix:
H
0.0118134	-0.0108288	
-0.0108288	0.0175528	
***
>covarianceMatrix:
I
0.00695271	-0.000527901	-0.00903876	0.000431639	
-0.000527901	0.00527496	-0.000449046	-0.00461538	
-0.00903876	-0.000449046	0.0215657	-0.000571914	
0.000431639	-0.00461538	-0.000571914	0.00710297	
***
>covarianceMatrix:
K
0.00776284	-0.00771526	
-0.00771526	0.0125786	
***
>covarianceMatrix:
L
0.000930703	0.000233385	0.000424103	0.000549168	0.00051632	-0.000888553	-0.000549401	-0.00060974	-0.000930735	-0.00065123	
0.000233385	0.00125346	0.000856257	0.000579478	-1.40969e-05	-0.000316666	-0.00137011	-0.00124965	-0.000728961	0.000442121	
0.000424103	0.000856257	0.00125489	0.000681144	0.000106808	-0.000388653	-0.00125208	-0.00141624	-0.000956141	0.00034336	
0.000549168	0.000579478	0.000681144	0.00111833	0.0003785	-0.000894853	-0.00112557	-0.00115259	-0.00149529	-0.0001593	
0.00051632	-1.40969e-05	0.000106808	0.0003785	0.00127642	-0.000559773	-0.000160603	-0.000186802	-0.000721819	-0.00169545	
-0.000888553	-0.000316666	-0.000388653	-0.000894853	-0.000559773	0.00219824	0.0010454	0.00107309	0.00185459	0.000843315	
-0.000549401	-0.00137011	-0.00125208	-0.00112557	-0.000160603	0.0010454	0.00254766	0.00219116	0.00188828	-0.000309158	
-0.00060974	-0.00124965	-0.00141624	-0.00115259	-0.000186802	0.00107309	0.00219116	0.00282188	0.00201706	-0.000319107	
-0.000930735	-0.000728961	-0.000956141	-0.00149529	-0.000721819	0.00185459	0.00188828	0.00201706	0.00286081	0.000673801	
-0.00065123	0.000442121	0.00034336	-0.0001593	-0.00169545	0.000843315	-0.000309158	-0.000319107	0.000673801	0.003853	
***
>covarianceMatrix:
N
0.00563453	-0.00503146	
-0.00503146	0.00824148	
***
>covarianceMatrix:
P
0.00294142	0.00130397	0.00129158	-0.000716968	-0.000806731	-0.000975986	
0.00130397	0.00479692	0.00152882	-0.000301765	-0.00226114	-0.000903584	
0.00129158	0.00152882	0.00463033	-0.000501143	-0.00150829	-0.00276333	
-0.000716968	-0.000301765	-0.000501143	0.0054859	0.00262116	0.00250719	
-0.000806731	-0.00226114	-0.00150829	0.00262116	0.00729409	0.00296211	
-0.000975986	-0.000903584	-0.00276333	0.00250719	0.00296211	0.00648236	
***
>covarianceMatrix:
Q
0.00899112	-0.00752487	
-0.00752487	0.00971499	
***
>covarianceMatrix:
R
0.00206393	0.00103649	0.000612212	0.000308444	0.00057484	-0.00191015	-0.000798798	-0.000354079	-0.000255065	0.000171526	
0.00103649	0.0029964	0.00104851	-0.000379664	0.00135998	-0.00144291	-0.00395472	-0.00145422	0.000623362	-0.00126973	
0.000612212	0.00104851	0.00191209	-0.000357068	0.00115355	-0.000667757	-0.00134693	-0.00159364	0.000642306	-0.00126535	
0.000308444	-0.000379664	-0.000357068	0.00209925	-0.000311171	-6.52203e-05	0.00111562	0.000818348	-0.00143151	0.00106254	
0.00057484	0.00135998	0.00115355	-0.000311171	0.00261019	-0.000671405	-0.0015793	-0.0013458	0.000424712	-0.00258424	
-0.00191015	-0.00144291	-0.000667757	-6.52203e-05	-0.000671405	0.00309137	0.00195637	0.00079073	0.000110253	6.37916e-05	
-0.000798798	-0.00395472	-0.00134693	0.00111562	-0.0015793	0.00195637	0.00975662	0.00286155	-0.00156922	0.00176683	
-0.000354079	-0.00145422	-0.00159364	0.000818348	-0.0013458	0.00079073	0.00286155	0.00294099	-0.000981128	0.00209248	
-0.000255065	0.000623362	0.000642306	-0.00143151	0.000424712	0.000110253	-0.00156922	-0.000981128	0.00242384	-0.00083133	
0.000171526	-0.00126973	-0.00126535	0.00106254	-0.00258424	6.37916e-05	0.00176683	0.00209248	-0.00083133	0.0062385	
***
>covarianceMatrix:
S
0.00173644	-1.27345e-06	0.000158777	-0.00162579	0.000274728	-7.71836e-05	
-1.27345e-06	0.00321101	0.000885137	0.0005491	-0.00231544	-0.000981656	
0.000158777	0.000885137	0.00196303	-7.51076e-05	-0.00100545	-0.00162442	
-0.00162579	0.0005491	-7.51076e-05	0.00361154	-0.00068909	0.000411144	
0.000274728	-0.00231544	-0.00100545	-0.00068909	0.00318681	0.00143875	
-7.71836e-05	-0.000981656	-0.00162442	0.000411144	0.00143875	0.00340599	
***
>covarianceMatrix:
T
0.00232644	-0.000479468	0.000625854	-0.00210401	0.000654978	8.66908e-05	
-0.000479468	0.00325663	4.94604e-05	0.00127141	-0.00260563	-0.000218333	
0.000625854	4.94604e-05	0.00229679	-0.000715282	7.80164e-05	-0.00157757	
-0.00210401	0.00127141	-0.000715282	0.00393866	-0.00147599	0.00027969	
0.000654978	-0.00260563	7.80164e-05	-0.00147599	0.00367501	0.000266217	
8.66908e-05	-0.000218333	-0.00157757	0.00027969	0.000266217	0.00384568	
***
>covarianceMatrix:
V
0.00330921	0.000328964	0.000736769	-0.00317624	-0.000452244	-0.00075797	
0.000328964	0.00353944	0.000471058	-0.000456561	-0.00264793	-0.000382501	
0.000736769	0.000471058	0.00315429	-0.00074672	-0.000414825	-0.00285355	
-0.00317624	-0.000456561	-0.00074672	0.00665108	0.000468351	0.00142924	
-0.000452244	-0.00264793	-0.000414825	0.000468351	0.00374574	0.000800823	
-0.00075797	-0.000382501	-0.00285355	0.00142924	0.000800823	0.00427063	
***
>covarianceMatrix:
Y
0.00832609	-0.00757376	
-0.00757376	0.0110947	
***
>covarianceMatrix:
Z
0.0173805	-0.0167076	
-0.0167076	0.0246255	
***
